id	A	C	D	E	F	G	H	I	K	L	M	N	P	Q	R	S	T	V	W	X	Y	label
119lA	15	0	10	8	5	11	1	10	13	15	5	11	3	5	13	7	12	9	3	0	6	3
193lA	12	8	7	2	3	12	1	6	6	8	2	14	2	3	11	10	7	6	6	0	3	3
1ab8A	11	5	11	9	9	13	4	14	11	15	5	8	5	7	3	12	12	14	1	0	8	3
1af5A	5	1	7	5	7	7	2	9	12	18	0	5	4	12	4	7	5	9	2	0	5	3
1afiA	10	2	4	3	2	4	0	1	9	3	1	0	3	3	1	5	9	11	0	0	1	3
1ag2A	2	2	5	7	3	6	3	3	4	2	7	8	3	8	6	4	9	9	1	0	11	3
1ah6A	13	0	12	22	11	12	1	20	15	21	4	8	5	9	10	17	12	14	1	0	6	3
1ahqA	11	2	10	10	6	7	3	8	13	5	3	5	4	7	5	9	7	12	1	0	5	3
1aihA	13	2	6	14	9	7	6	9	9	20	6	10	8	4	11	11	12	7	1	0	5	3
1akoA	15	3	19	21	14	19	8	16	13	23	8	12	16	11	21	11	11	14	5	0	8	3
1aorA	51	6	32	52	16	67	11	38	47	58	15	27	32	4	26	22	30	32	8	0	31	3
1apsA	3	1	3	7	4	8	0	3	9	3	2	5	3	3	7	13	6	12	2	0	4	3
1apyA	17	5	10	9	4	15	3	5	5	13	5	7	10	4	7	13	12	10	4	0	3	3
1astA	10	4	13	11	6	17	7	16	3	12	6	10	5	11	6	17	14	12	3	0	17	3
1atlA	9	4	14	13	6	11	9	14	8	25	7	13	7	7	11	14	10	9	2	0	7	3
1biaA	27	1	15	18	7	30	2	27	15	43	8	12	11	15	14	12	8	15	6	0	6	3
1bncA	42	8	20	34	13	38	12	43	24	28	14	17	21	13	29	16	15	30	1	0	15	3
1bplA	13	0	15	8	7	18	10	8	12	10	2	7	5	7	8	9	11	10	7	0	12	3
1bvlA	5	2	6	3	2	12	0	2	3	12	2	4	4	7	8	14	10	10	4	0	6	3
1cbyA	18	1	9	10	14	5	5	21	12	21	3	21	8	14	2	17	13	22	3	0	8	3
1cdlA	9	0	16	21	8	11	1	8	7	8	9	6	2	5	6	4	12	7	0	0	2	3
1cewI	7	4	5	8	3	5	1	6	7	8	2	4	5	7	6	10	5	9	1	0	5	3
1chkA	27	1	22	10	8	25	5	9	17	19	5	9	11	9	9	12	16	10	3	0	11	3
1chmA	40	5	28	27	13	28	15	29	12	32	12	20	15	13	29	15	20	25	5	0	18	3
1ckmA	13	3	25	18	22	19	7	28	29	28	9	16	14	6	15	12	17	25	2	0	9	3
1coyA	42	1	28	19	21	58	4	25	31	32	14	29	22	18	21	29	39	39	9	0	20	3
1crkA	19	8	28	25	13	29	11	17	26	35	9	16	22	10	31	18	18	29	5	0	11	3
1cseI	1	0	2	3	4	4	3	0	2	4	0	5	6	2	4	2	4	11	0	0	6	3
1ctfA	15	0	4	9	1	6	0	2	10	7	0	1	1	0	1	2	1	8	0	0	0	3
1ctnA	50	4	37	19	25	60	6	24	40	40	10	33	23	24	11	30	34	34	14	0	20	3
1dapA	34	3	29	16	15	25	13	15	11	20	8	11	14	15	19	13	22	27	2	0	8	3
1darA	43	1	36	55	21	54	11	48	38	45	18	13	34	20	38	21	39	59	3	0	22	3
1dcoA	9	1	5	9	8	4	6	4	4	10	2	6	2	4	7	5	4	6	2	0	1	3
1defA	10	2	11	19	3	8	4	14	7	17	4	3	6	6	10	5	3	13	0	0	2	3
1dikA	85	13	48	87	40	73	16	47	61	59	38	28	36	28	39	33	52	59	5	0	22	3
1divA	19	0	4	13	4	11	3	8	23	17	1	6	4	10	4	3	8	9	0	0	2	3
1ebhA	55	1	31	25	16	37	11	22	37	40	5	19	15	9	14	31	20	34	5	0	9	3
1efnB	4	1	5	6	6	7	6	3	4	12	1	1	9	5	9	3	4	7	4	0	7	3
1emaA	8	2	17	15	13	20	9	12	19	18	0	13	10	7	7	10	14	17	1	0	9	3
1esfA	7	2	16	15	8	15	5	10	24	23	2	19	4	12	7	11	17	13	1	0	18	3
1ezmA	26	4	22	9	16	33	7	9	11	13	9	20	10	7	15	24	18	19	4	0	22	3
1fcaA	9	8	5	3	0	5	0	5	0	0	0	1	4	2	1	3	1	6	0	0	2	3
1fd2A	8	8	11	14	5	3	2	6	6	7	1	4	9	4	1	1	3	9	2	0	2	3
1fimA	10	3	5	2	3	7	3	6	3	11	0	6	7	6	4	9	5	7	0	0	5	3
1fjmA	13	13	22	20	18	22	6	19	15	38	5	12	13	12	16	14	8	13	3	0	12	3
1fkdA	5	1	6	7	5	13	3	5	8	7	3	1	7	5	6	5	7	9	1	0	3	3
1frdA	4	5	8	10	3	7	2	8	5	7	1	3	3	6	2	8	7	6	0	0	3	3
1froA	11	4	18	10	9	12	3	9	18	17	6	6	9	5	5	9	10	6	3	0	6	3
1fwpA	6	1	7	8	2	4	1	7	2	10	0	0	2	1	3	3	6	6	0	0	0	3
1galA	58	3	36	30	18	57	19	26	15	49	11	32	25	22	22	36	42	43	10	0	27	3
1gbsA	15	4	12	6	3	21	5	13	18	7	3	8	5	8	11	9	14	11	3	0	9	3
1gesA	42	6	25	31	16	46	13	33	23	27	12	23	21	9	16	16	31	39	3	0	16	3
1ggtA	36	9	47	48	32	48	14	38	38	46	18	39	32	24	43	43	43	68	15	0	29	3
1gmpA	6	3	7	5	3	8	2	5	0	6	0	2	6	5	5	7	12	6	0	0	8	3
1gndA	22	10	31	30	17	30	5	30	27	36	13	18	21	14	20	26	23	31	1	0	25	3
1gpmA	38	7	34	42	23	40	12	30	21	45	13	14	22	14	32	22	19	51	8	0	14	3
1grjA	14	1	11	19	5	9	2	14	9	11	2	7	4	6	10	5	5	14	0	0	3	3
1grlA	68	3	32	46	7	51	1	32	38	39	17	18	13	16	21	17	33	59	0	0	7	3
1gtpA	18	2	12	13	7	9	10	16	11	23	7	9	8	9	13	13	20	17	0	0	4	3
1gtqA	7	1	7	10	3	7	6	5	9	15	4	11	6	1	7	8	6	17	1	0	7	3
1guaB	5	3	4	4	3	4	3	2	6	11	2	5	2	3	6	2	3	7	1	0	0	3
1hanA	32	2	24	11	18	27	10	10	8	25	8	3	11	7	17	20	16	26	5	0	8	3
1hfcA	12	0	15	8	8	15	9	9	2	11	2	7	9	7	9	10	9	6	3	0	6	3
1hqiA	7	0	9	10	2	3	3	8	2	5	3	6	2	4	7	2	2	11	2	0	2	3
1humA	5	4	4	4	3	1	0	0	3	4	1	2	6	4	3	8	4	7	1	0	5	3
1hxpA	32	6	19	23	15	16	15	6	12	31	7	12	25	16	21	19	22	22	10	0	11	3
1ibaA	11	1	5	3	3	9	0	4	6	6	2	4	1	2	3	4	4	9	0	0	1	3
1igdA	7	0	5	4	2	4	0	1	7	2	1	3	1	1	0	0	13	6	1	0	3	3
1kapP	57	0	43	12	23	55	7	19	16	39	1	27	11	25	8	46	25	27	7	0	22	3
1kifA	17	5	13	22	15	32	8	20	12	34	4	19	20	14	21	12	21	26	10	0	14	3
1kpaA	6	2	9	5	4	13	8	11	8	9	3	2	6	4	4	6	2	8	1	0	2	3
1kptA	5	10	3	2	0	15	2	4	1	7	1	11	2	6	8	10	6	8	1	0	3	3
1kuhA	11	2	7	5	3	15	4	3	0	6	1	11	8	11	7	12	8	7	2	0	9	3
1kvdA	9	2	1	1	2	13	1	6	1	4	1	3	1	2	3	4	3	3	3	0	0	3
1lbaA	13	3	9	9	5	13	7	6	11	10	2	5	4	6	9	9	6	12	4	0	3	3
1lbuA	30	6	11	4	8	31	7	7	5	11	4	11	8	11	10	15	13	10	4	0	7	3
1lgrA	45	4	30	30	23	35	16	26	22	30	16	17	26	9	23	24	21	31	2	0	15	3
1litA	6	6	8	6	7	10	2	3	9	7	1	9	5	3	4	16	6	10	6	0	7	3
1lmlA	55	18	27	20	19	35	13	17	14	25	10	19	24	23	19	27	31	46	6	0	17	3
1ltsA	12	1	11	9	5	18	8	10	1	12	3	10	12	7	18	12	6	9	3	0	18	3
1mbbA	30	6	15	23	11	28	11	18	16	31	3	16	17	22	14	14	16	32	7	0	10	3
1mkaA	10	2	12	9	10	24	2	6	11	20	7	4	7	4	9	4	8	14	3	0	5	3
1mlaA	54	5	11	20	8	24	4	9	14	25	10	9	17	16	8	14	15	31	4	0	7	3
1mliA	7	1	9	5	3	3	6	3	5	11	5	1	6	4	6	5	4	7	2	0	3	3
1mngA	19	0	9	14	9	17	11	7	14	23	3	10	13	9	6	3	7	13	6	0	10	3
1molA	3	1	5	9	5	8	0	8	9	6	1	5	6	3	7	2	4	4	1	0	7	3
1mrjA	28	0	9	10	9	11	1	19	10	25	4	19	8	10	13	26	16	15	1	0	13	3
1mskA	37	2	23	30	13	19	9	12	15	25	6	13	17	10	19	12	17	23	8	0	17	3
1mutA	9	0	4	18	7	10	3	9	8	11	4	6	9	5	7	2	4	7	5	0	1	3
1mxaA	38	4	26	26	13	33	9	26	20	28	9	6	18	16	18	20	24	28	4	0	12	3
1noxA	31	0	7	16	3	13	4	8	6	29	2	1	15	8	21	7	2	16	4	0	7	3
1npkA	12	0	5	13	8	16	3	8	10	13	2	6	9	1	8	9	5	18	1	0	3	3
1oacA	55	0	57	38	24	54	19	44	47	45	22	39	46	27	27	25	49	60	16	0	25	3
1ofgA	42	4	22	18	10	31	7	24	17	24	16	18	23	19	26	20	16	22	3	0	19	3
1ordA	63	6	53	49	42	50	18	44	44	52	13	44	37	28	31	31	32	47	7	0	39	3
1otfA	5	0	2	7	1	4	1	6	3	5	2	2	4	3	4	3	3	3	0	0	1	3
1otgA	13	1	5	10	9	7	7	7	5	15	4	5	5	5	6	6	6	6	2	0	1	3
1ounA	8	3	10	4	8	7	5	12	6	10	4	5	5	13	2	8	5	4	3	0	3	3
1paxA	21	2	22	20	10	24	8	26	34	39	9	18	15	16	10	21	17	20	1	0	17	3
1pbaA	3	0	7	12	5	2	5	5	4	6	0	5	2	4	3	5	3	8	1	0	1	3
1pbeA	36	5	19	32	12	34	9	17	12	46	6	4	17	15	38	19	20	28	6	0	16	3
1pdaA	31	4	17	24	3	26	5	19	7	39	5	10	14	10	27	16	9	23	2	0	5	3
1pilA	8	1	12	8	5	10	1	14	10	4	3	0	3	2	7	0	9	13	0	0	2	3
1pkpA	14	0	4	11	4	18	3	14	12	11	1	7	7	2	8	6	6	17	0	0	0	3
1plqA	13	4	27	19	17	12	2	24	18	32	6	6	8	9	8	24	12	13	0	0	4	3
1pmaB	16	0	12	10	4	17	2	16	10	18	11	5	5	9	11	12	15	21	0	0	9	3
1pmdA	52	0	39	44	24	54	5	40	42	48	23	37	28	37	19	52	57	44	5	0	25	3
1pneA	11	3	8	4	5	16	2	7	9	11	6	6	4	4	5	9	12	11	2	0	4	3
1pnkA	17	0	14	9	11	11	2	11	10	13	8	10	9	9	9	12	12	13	5	0	8	3
1prtB	12	6	8	8	5	21	4	11	6	15	3	5	8	7	12	16	19	12	2	0	16	3
1psdA	44	4	19	27	13	34	13	28	22	48	8	21	17	13	15	23	18	27	1	0	9	3
1ptfA	9	0	4	8	2	9	2	6	7	7	4	3	1	3	1	6	6	8	0	0	1	3
1pyaA	6	0	9	3	0	9	0	6	6	5	2	5	2	2	4	5	5	6	1	0	5	3
1qapA	33	3	25	20	10	23	7	12	8	35	3	11	6	12	21	7	20	28	3	0	2	3
1qbaA	81	6	69	44	38	72	16	33	60	63	16	31	45	48	45	46	35	59	19	0	32	3
1regX	2	1	7	11	5	6	3	10	14	12	6	5	3	5	7	3	7	8	3	0	4	3
1risA	6	0	5	11	2	3	0	5	4	11	3	6	5	6	12	2	0	10	1	0	5	3
1scuB	47	5	21	28	11	43	5	23	24	38	8	16	14	17	17	8	15	38	3	0	7	3
1seiA	9	0	5	11	2	11	2	16	11	11	3	5	5	3	11	4	6	10	0	0	5	3
1setA	46	2	15	47	12	28	8	10	18	58	9	9	28	16	40	14	12	27	6	0	16	3
1shaA	5	3	4	7	5	7	3	3	7	11	0	5	3	3	8	9	8	5	1	0	6	3
1slyA	69	2	32	38	17	35	3	24	26	54	22	31	28	42	47	35	36	29	19	0	29	3
1smnA	26	4	17	7	6	16	5	12	15	19	2	17	15	8	9	17	18	14	6	0	8	3
1spbP	9	0	4	6	2	3	2	2	14	2	2	1	1	3	0	5	3	8	0	0	4	3
1srsA	4	1	2	4	3	5	1	5	9	9	3	2	2	3	6	5	13	4	0	0	3	3
1ssoA	3	0	3	6	2	7	0	3	13	3	2	0	1	3	2	3	3	5	1	0	2	3
1stdA	7	1	16	12	9	12	6	8	12	11	5	1	5	4	11	8	10	10	7	0	7	3
1stuA	4	1	0	7	2	6	3	6	9	4	3	3	2	2	3	3	3	7	0	0	0	3
1tbdA	8	3	4	9	11	4	6	7	11	14	2	8	6	1	5	15	7	6	0	0	7	3
1tfeA	14	2	4	19	5	7	4	13	11	13	3	7	4	9	9	1	1	12	0	0	4	3
1tifA	7	1	5	7	3	3	0	7	9	6	1	4	3	6	8	1	0	4	0	0	1	3
1tigA	8	1	6	7	4	4	2	6	10	7	2	5	3	1	8	2	5	7	0	0	0	3
1tptA	56	2	33	24	16	39	6	27	22	37	19	12	15	11	24	23	29	34	2	0	9	3
1tysA	13	4	21	13	13	18	11	16	12	28	6	11	14	16	13	11	14	13	7	0	9	3
1uaeA	47	6	23	28	11	40	9	31	20	38	10	12	16	12	25	17	27	39	2	0	5	3
1ubiA	2	0	5	6	2	6	1	7	7	9	1	2	3	6	4	3	7	4	0	0	1	3
1udiI	3	0	6	12	0	3	1	8	6	9	3	5	4	3	0	6	5	6	1	0	2	3
1uplA	19	3	16	28	20	7	6	21	28	43	0	18	6	17	14	15	17	14	1	0	11	3
1vaoA	31	4	35	27	21	47	15	34	28	51	20	28	36	16	27	31	22	42	14	0	21	3
1vccA	3	0	6	4	5	4	3	2	5	7	2	4	3	3	4	3	5	8	1	0	5	3
1vhhA	14	2	10	14	4	10	5	7	13	11	3	8	5	3	10	10	9	9	3	0	7	3
1vigA	3	0	5	5	1	4	3	9	6	5	1	5	3	4	6	5	0	4	0	0	2	3
1vjwA	7	6	8	3	1	5	0	2	4	4	1	1	4	2	1	2	2	6	0	0	0	3
1xerA	8	7	7	4	3	9	4	7	4	2	1	6	11	3	2	3	3	14	1	0	3	3
1xxaA	8	0	7	3	3	6	1	7	3	11	0	3	2	1	1	2	6	5	0	0	2	3
1ytbA	17	2	5	10	12	11	2	17	16	15	4	4	8	5	11	11	10	14	0	0	6	3
1yuaA	11	1	8	11	6	8	0	0	12	9	2	3	11	4	9	6	5	9	2	0	5	3
2actA	18	6	16	11	5	28	1	17	6	8	2	10	7	10	5	12	18	17	6	0	14	3
2baaA	35	7	14	4	13	30	5	11	7	9	2	8	14	11	14	16	13	12	6	0	12	3
2bopA	6	3	3	2	7	6	3	4	4	5	1	5	4	6	6	6	7	4	1	0	2	3
2chsA	6	2	6	11	1	5	3	7	8	10	6	1	5	8	6	2	10	14	1	0	2	3
2cmdA	34	3	12	19	10	36	2	17	21	33	4	11	13	15	9	17	18	34	0	0	4	3
2gltA	20	4	20	26	11	17	4	25	18	32	9	11	16	10	17	10	18	15	4	0	9	3
2kauA	9	0	4	11	3	6	2	6	5	12	5	2	6	2	7	5	5	9	0	0	1	3
2ms2A	14	2	4	5	4	9	0	8	6	7	2	10	6	6	4	13	9	14	2	0	4	3
2phyA	9	1	12	7	9	13	2	5	11	7	5	6	4	5	2	5	7	9	1	0	5	3
2polA	28	4	19	29	14	25	7	15	12	43	15	14	20	16	25	23	18	31	1	0	7	3
2rebA	36	3	15	25	7	30	1	23	26	31	6	11	7	13	13	15	13	19	2	0	7	3
2sicI	16	4	5	5	3	11	2	0	2	8	3	3	7	1	4	8	8	13	1	0	3	3
2vikA	6	1	4	9	4	14	3	6	10	7	4	4	3	8	4	10	9	9	2	0	9	3
3fibA	16	4	21	9	16	28	6	13	20	12	5	15	7	11	6	14	17	6	10	0	13	3
3pmgA	49	5	35	30	31	50	10	45	38	41	11	26	24	19	25	34	30	38	4	0	15	3
3rubL	41	9	25	30	19	42	14	21	20	40	8	14	20	12	30	15	24	33	7	0	17	3
3rubS	6	3	4	12	5	7	1	6	9	10	3	5	8	7	4	5	5	8	5	0	10	3
4kbpA	24	1	22	21	24	27	17	22	21	18	9	19	24	13	27	36	28	29	13	0	29	3
7rsaA	12	8	5	5	3	3	4	3	10	2	4	10	4	7	4	15	10	9	0	0	6	3
