id	AA	BA	CA	DA	EA	FA	AB	BB	CB	DB	EB	FB	AC	BC	CC	DC	EC	FC	AD	BD	CD	DD	ED	FD	AE	BE	CE	DE	EE	FE	AF	BF	CF	DF	EF	FF	
1abr	0	0	0	0	0	0	0	29	2	53	21	8	0	3	0	3	4	0	0	57	4	93	48	24	0	19	4	51	30	13	0	5	0	26	15	4	
1aly	0	0	0	0	0	0	0	5	0	15	4	2	0	0	0	1	1	1	0	13	2	37	15	5	0	7	1	14	6	3	0	1	0	6	4	2	
1aof	0	0	0	0	0	0	0	50	0	116	56	26	0	0	0	4	0	0	0	118	4	266	112	36	0	52	0	110	54	28	0	30	0	40	22	8	
1aol	0	0	0	0	0	0	0	6	4	14	5	6	0	1	1	5	3	2	0	17	6	62	21	11	0	9	1	21	2	3	0	3	0	14	5	5	
1aon	0	0	0	0	0	0	0	413	0	735	560	63	0	28	0	14	0	0	0	756	28	1855	1190	91	0	504	14	1204	609	42	0	70	0	119	7	14	
1arb	0	0	0	0	0	0	0	7	1	22	9	5	0	0	0	5	1	0	0	22	5	102	17	10	0	8	0	20	7	4	0	7	0	7	5	3	
1asf	0	0	0	0	0	0	0	22	1	37	17	9	0	0	1	3	1	0	0	37	3	81	40	19	0	15	0	49	17	7	0	12	0	10	13	1	
1asy	0	0	0	0	0	0	0	38	4	102	52	16	0	0	12	14	2	2	0	98	26	222	102	46	0	54	0	106	52	20	0	24	0	36	24	10	
1bbt	0	0	0	0	0	0	0	20	0	76	27	14	0	1	0	5	2	1	0	65	6	182	78	33	0	33	3	69	31	16	0	17	0	34	13	6	
1bco	0	0	0	0	0	0	0	14	2	26	14	8	0	1	0	1	2	1	0	29	1	71	35	13	0	13	1	35	14	9	0	7	1	17	7	4	
1bcp	0	0	0	0	0	0	0	60	8	134	40	46	0	8	0	14	18	12	0	134	26	484	218	72	0	66	10	200	92	50	0	24	4	102	52	18	
1bdo	0	0	0	0	0	0	0	2	0	5	8	1	0	0	0	0	1	0	0	9	0	16	7	1	0	4	1	10	9	1	0	1	0	2	0	1	
1bg1	0	0	0	0	0	0	0	36	3	54	40	9	0	1	2	7	4	2	0	49	6	110	63	22	0	44	5	52	39	14	0	12	0	27	8	3	
1bia	0	0	0	0	0	0	0	15	0	26	22	3	0	0	0	1	0	0	0	29	0	55	44	9	0	17	1	46	24	7	0	5	0	8	6	2	
1bmf	0	0	0	0	0	0	0	125	0	287	176	37	0	0	0	3	1	3	0	286	4	721	435	93	0	174	3	453	211	40	0	43	0	73	57	16	
1bpl	0	0	0	0	0	0	0	12	0	54	24	16	0	0	0	0	0	0	0	52	0	97	39	32	0	25	0	38	14	11	0	17	0	31	11	8	
1bty	0	0	0	0	0	0	0	9	2	17	10	2	0	1	0	7	2	2	0	18	7	56	22	8	0	8	2	20	13	5	0	3	1	11	2	0	
1bw3	0	0	0	0	0	0	0	6	0	8	7	5	0	2	0	2	0	2	0	9	5	32	8	6	0	5	1	9	1	1	0	4	0	9	1	1	
1cd1	0	0	0	0	0	0	0	36	2	70	42	14	0	2	0	10	2	0	0	68	8	172	70	40	0	46	2	64	52	28	0	14	2	40	26	14	
1cdg	0	0	0	0	0	0	0	35	1	60	29	21	0	0	0	2	0	1	0	56	2	159	66	38	0	34	0	71	20	12	0	21	0	29	22	6	
1cel	0	0	0	0	0	0	0	32	8	92	30	20	0	6	4	22	4	4	0	100	24	208	58	44	0	28	2	60	20	12	0	18	2	50	10	8	
1cgp	0	0	0	0	0	0	0	18	2	46	18	2	0	0	0	18	0	0	0	32	16	108	60	6	0	32	0	38	34	12	0	4	0	12	4	4	
1cka	0	0	0	0	0	0	0	7	0	7	1	3	0	0	0	0	0	0	0	6	0	14	7	1	0	2	0	5	2	2	0	3	0	3	1	1	
1ckm	0	0	0	0	0	0	0	22	0	56	38	18	0	2	0	0	4	0	0	64	4	94	74	30	0	34	2	86	48	14	0	10	0	30	22	6	
1cpn	0	0	0	0	0	0	0	4	0	15	7	14	0	2	0	0	0	0	0	17	2	49	15	13	0	7	0	16	5	5	0	10	0	15	6	5	
1ctm	0	0	0	0	0	0	0	8	0	33	9	7	0	1	0	0	1	0	0	27	2	42	30	8	0	19	0	24	20	2	0	2	0	9	5	0	
1cuk	0	0	0	0	0	0	0	10	0	20	5	3	0	0	0	1	0	0	0	18	0	41	29	6	0	9	0	27	19	2	0	1	1	5	4	1	
1cyx	0	0	0	0	0	0	0	6	0	20	10	4	0	0	0	0	2	0	0	19	2	48	22	8	0	11	0	23	4	4	0	4	0	8	4	5	
1ddt	0	0	0	0	0	0	0	21	0	46	31	13	0	0	0	3	0	1	0	54	3	117	65	16	0	23	1	68	22	9	0	13	0	21	5	2	
1djx	0	0	0	0	0	0	0	70	6	116	66	30	0	4	0	16	2	4	0	136	10	238	124	38	0	58	6	118	66	30	0	18	4	60	20	6	
1dkg	0	0	0	0	0	0	0	40	0	89	69	6	0	0	0	1	0	0	0	97	0	139	89	12	0	62	1	88	49	6	0	5	0	17	2	2	
1dlc	0	0	0	0	0	0	0	22	0	54	31	20	0	1	0	1	1	0	0	50	1	103	59	36	0	34	1	56	20	14	0	19	1	36	14	9	
1dup	0	0	0	0	0	0	0	3	0	13	9	4	0	0	0	1	0	0	0	14	0	34	18	4	0	7	1	19	14	1	0	4	0	3	2	0	
1eft	0	0	0	0	0	0	0	17	0	30	30	4	0	1	0	0	0	0	0	25	1	102	49	9	0	28	0	46	28	9	0	9	0	9	4	3	
1epn	0	0	0	0	0	0	0	4	0	17	15	5	0	0	0	2	0	0	0	23	1	112	29	23	0	9	0	37	7	7	0	5	1	20	9	3	
1esf	0	0	0	0	0	0	0	28	0	48	34	16	0	2	0	2	0	0	0	54	2	80	24	22	0	34	2	38	14	8	0	8	0	14	24	10	
1eta	0	0	0	0	0	0	0	8	0	20	10	2	0	0	0	2	0	0	0	20	2	74	22	18	0	8	0	28	12	2	0	2	0	14	6	2	
1exg	0	0	0	0	0	0	0	2	1	8	3	3	0	0	0	2	0	0	0	10	1	37	9	8	0	3	0	10	1	0	0	2	0	8	1	0	
1fgp	0	0	0	0	0	0	0	4	0	7	2	2	0	1	0	2	1	0	0	9	1	12	5	4	0	1	2	6	2	1	0	1	1	3	2	0	
1fiv	0	0	0	0	0	0	0	7	0	10	9	2	0	1	0	0	1	0	0	9	0	18	11	3	0	9	2	10	11	3	0	3	0	3	2	0	
1fnb	0	0	0	0	0	0	0	12	1	31	13	5	0	0	0	1	4	0	0	29	2	66	31	15	0	12	2	36	13	9	0	10	0	9	11	1	
1fui	0	0	0	0	0	0	0	138	12	330	168	54	0	6	0	42	12	12	0	354	18	708	444	162	0	138	30	462	126	36	0	66	12	138	48	24	
1ggt	0	0	0	0	0	0	0	76	2	124	90	32	0	2	0	10	4	2	0	136	4	264	142	68	0	80	6	152	74	40	0	30	6	66	40	10	
1gof	0	0	0	0	0	0	0	16	2	66	12	14	0	2	0	1	2	1	0	69	4	179	60	31	0	16	0	69	20	10	0	6	0	29	21	8	
1gpr	0	0	0	0	0	0	0	7	0	18	10	0	0	0	0	0	0	0	0	16	0	25	23	6	0	12	0	22	12	2	0	0	0	4	4	0	
1gtr	0	0	0	0	0	0	0	24	1	58	27	15	0	1	9	10	2	4	0	56	15	118	62	22	0	24	6	60	20	11	0	19	0	23	10	2	
1gzi	0	0	0	0	0	0	0	3	0	4	3	0	0	0	0	0	0	0	0	3	0	11	13	1	0	5	0	11	9	0	0	0	0	1	0	0	
1hav	0	0	0	0	0	0	0	18	0	30	28	10	0	0	0	0	2	0	0	36	2	80	56	10	0	22	0	58	38	8	0	8	0	18	2	6	
1hbp	0	0	0	0	0	0	0	11	1	19	9	3	0	1	0	2	2	1	0	19	4	28	12	13	0	7	1	14	8	4	0	6	0	13	2	2	
1hcd	0	0	0	0	0	0	0	2	0	11	2	1	0	0	0	1	0	0	0	12	1	44	13	3	0	2	0	11	2	4	0	0	0	6	2	0	
1hge	0	0	0	0	0	0	0	96	9	135	90	30	0	9	0	21	6	0	0	165	9	297	132	60	0	78	12	144	54	27	0	15	6	63	33	12	
1hms	0	0	0	0	0	0	0	4	0	10	7	4	0	0	0	0	1	0	0	14	1	28	16	4	0	4	0	17	9	2	0	3	0	7	0	0	
1hoe	0	0	0	0	0	0	0	3	0	7	0	2	0	0	0	3	1	0	0	9	1	14	9	3	0	1	2	8	1	2	0	0	1	4	2	0	
1hpl	0	0	0	0	0	0	0	30	6	90	42	22	0	2	0	18	6	2	0	88	8	170	80	50	0	48	4	74	38	18	0	24	8	44	16	8	
1hxn	0	0	0	0	0	0	0	3	1	19	12	1	0	0	0	3	2	1	0	25	3	55	15	11	0	7	1	21	9	7	0	1	1	11	7	2	
1idk	0	0	0	0	0	0	0	17	4	30	14	8	0	2	0	3	1	1	0	31	2	87	36	13	0	14	1	32	16	10	0	9	0	17	6	4	
1ihw	0	0	0	0	0	0	0	6	0	10	4	0	0	0	0	0	0	0	0	8	0	24	6	8	0	2	0	12	12	0	0	2	0	0	6	2	
1irs	0	0	0	0	0	0	0	4	0	10	7	1	0	0	0	1	1	0	0	7	1	26	15	4	0	8	1	11	10	3	0	3	0	3	2	3	
1kap	0	0	0	0	0	0	0	24	0	58	20	7	0	0	0	0	0	0	0	49	0	109	43	31	0	24	0	37	17	10	0	12	0	28	8	4	
1kit	0	0	0	0	0	0	0	35	0	88	40	21	0	0	0	0	0	0	0	88	0	146	67	33	0	42	0	71	44	10	0	18	0	30	16	7	
1knb	0	0	0	0	0	0	0	8	0	19	7	3	0	1	0	1	0	0	0	17	2	45	22	10	0	6	0	21	9	5	0	4	0	11	3	1	
1lts	0	0	0	0	0	0	0	22	1	93	32	18	0	0	0	2	10	0	0	89	6	115	80	33	0	40	5	86	25	11	0	10	0	33	19	4	
1lxa	0	0	0	0	0	0	0	10	0	23	12	1	0	1	0	2	0	2	0	19	2	61	36	10	0	12	3	32	17	2	0	4	0	9	2	1	
1mai	0	0	0	0	0	0	0	10	0	13	9	1	0	1	0	1	0	0	0	15	1	25	11	6	0	7	0	14	6	1	0	0	1	4	3	1	
1mjc	0	0	0	0	0	0	0	4	0	5	3	1	0	0	0	0	0	0	0	7	0	18	6	4	0	2	0	7	1	2	0	0	0	6	1	1	
1mmd	0	0	0	0	0	0	0	51	1	76	47	15	0	1	0	3	3	0	0	82	2	127	64	37	0	38	3	75	40	19	0	17	1	31	22	6	
1msa	0	0	0	0	0	0	0	16	4	48	20	8	0	4	0	4	4	0	0	48	0	88	12	24	0	20	4	20	36	20	0	12	4	8	28	0	
1msp	0	0	0	0	0	0	0	8	2	28	12	10	0	0	0	4	0	0	0	34	2	48	24	8	0	10	0	30	10	0	0	8	0	8	2	2	
1nbc	0	0	0	0	0	0	0	10	2	34	20	6	0	0	0	0	0	2	0	38	0	60	24	18	0	12	0	26	6	8	0	14	0	18	2	8	
1nci	0	0	0	0	0	0	0	14	0	20	20	0	0	0	0	0	0	0	0	16	0	46	24	6	0	20	0	22	14	4	0	4	0	6	2	0	
1neu	0	0	0	0	0	0	0	3	1	16	3	2	0	0	0	2	0	0	0	11	1	17	13	11	0	8	0	8	5	4	0	3	0	9	5	1	
1noa	0	0	0	0	0	0	0	0	2	8	3	4	0	2	0	2	0	0	0	11	2	36	13	2	0	2	0	13	2	2	0	1	0	6	1	0	
1npo	0	0	0	0	0	0	0	14	6	16	4	0	0	6	4	16	4	0	0	12	12	46	20	4	0	6	4	14	0	6	0	2	6	2	0	0	
1oac	0	0	0	0	0	0	0	74	0	136	80	36	0	0	0	0	0	0	0	148	0	290	154	60	0	56	0	174	86	26	0	48	0	52	22	10	
1osp	0	0	0	0	0	0	0	24	2	56	31	10	0	1	0	7	1	2	0	64	6	191	76	25	0	26	1	80	21	7	0	9	1	28	6	11	
1pdr	0	0	0	0	0	0	0	5	0	12	2	1	0	0	0	0	0	0	0	9	0	27	13	2	0	5	0	9	6	2	0	2	0	2	1	0	
1pgs	0	0	0	0	0	0	0	8	1	32	11	9	0	1	0	3	0	2	0	29	4	68	33	18	0	12	0	29	7	7	0	10	1	21	4	3	
1pky	0	0	0	0	0	0	0	80	8	180	108	12	0	0	0	8	16	0	0	184	12	400	220	40	0	100	4	240	188	8	0	24	0	28	8	8	
1plc	0	0	0	0	0	0	0	6	0	10	4	2	0	0	0	0	0	1	0	9	1	19	11	4	0	4	0	11	6	1	0	2	0	4	2	1	
1pmi	0	0	0	0	0	0	0	25	0	44	30	6	0	2	0	1	0	2	0	42	3	85	42	17	0	25	2	45	22	10	0	11	0	14	10	1	
1prc	0	0	0	0	0	0	0	19	1	93	37	16	0	2	0	6	2	7	0	82	10	243	156	71	0	36	5	146	56	38	0	27	2	73	30	28	
1prr	0	0	0	0	0	0	0	17	0	16	10	4	0	0	0	0	0	0	0	14	0	27	23	7	0	11	0	24	5	0	0	5	0	3	3	3	
1pse	0	0	0	0	0	0	0	1	0	5	5	2	0	0	0	0	0	0	0	7	0	13	6	4	0	3	0	9	5	0	0	2	0	3	1	2	
1pyp	0	0	0	0	0	0	0	28	0	64	36	4	0	2	0	0	0	0	0	56	0	112	54	36	0	36	0	56	20	8	0	10	2	28	8	8	
1qba	0	0	0	0	0	0	0	36	2	95	45	13	0	1	0	4	1	0	0	88	2	176	82	52	0	45	2	81	30	13	0	22	0	44	12	11	
1rgs	0	0	0	0	0	0	0	18	0	22	18	6	0	0	0	2	0	0	0	26	1	58	27	10	0	11	1	34	18	8	0	9	0	7	8	3	
1rip	0	0	0	0	0	0	0	2	0	4	5	0	0	0	0	0	0	0	0	8	0	20	8	5	0	2	0	12	7	1	0	0	0	4	2	0	
1rsy	0	0	0	0	0	0	0	9	0	11	10	6	0	0	0	0	0	0	0	12	0	29	14	8	0	6	0	19	9	2	0	8	0	5	3	0	
1sac	0	0	0	0	0	0	0	35	0	85	40	35	0	0	0	0	10	0	0	90	0	175	100	50	0	45	5	105	65	40	0	25	5	55	40	10	
1scs	0	0	0	0	0	0	0	4	0	24	10	6	0	0	0	0	0	0	0	26	0	56	26	10	0	11	0	27	10	4	0	2	0	12	6	2	
1sft	0	0	0	0	0	0	0	30	0	48	44	8	0	2	0	4	2	0	0	60	4	156	102	44	0	24	4	116	42	14	0	14	0	40	12	4	
1sla	0	0	0	0	0	0	0	10	2	26	14	12	0	2	0	4	6	0	0	26	2	42	28	10	0	18	8	18	8	4	0	6	0	20	0	0	
1slu	0	0	0	0	0	0	0	18	6	25	25	5	0	4	0	6	3	1	0	35	4	63	37	13	0	15	3	42	22	8	0	6	1	16	4	1	
1smp	0	0	0	0	0	0	0	26	1	73	19	14	0	0	0	2	0	0	0	62	0	125	53	34	0	31	1	41	16	10	0	14	0	34	10	4	
1sri	0	0	0	0	0	0	0	4	0	26	2	6	0	0	0	0	0	0	0	26	0	80	22	12	0	2	0	16	8	8	0	6	0	20	0	2	
1stm	0	0	0	0	0	0	0	15	0	65	20	25	0	0	0	10	0	0	0	90	0	235	85	20	0	15	0	95	40	5	0	5	10	20	15	10	
1sty	0	0	0	0	0	0	0	6	0	17	8	1	0	0	0	0	0	0	0	22	0	38	9	8	0	2	0	17	8	2	0	1	0	6	4	0	
1tdt	0	0	0	0	0	0	0	30	0	60	54	15	0	3	0	3	0	3	0	84	6	138	90	18	0	33	0	96	60	21	0	9	3	36	9	3	
1thj	0	0	0	0	0	0	0	42	0	75	39	3	0	3	0	0	0	0	0	72	0	96	84	18	0	33	3	75	33	21	0	9	0	21	12	0	
1thw	0	0	0	0	0	0	0	3	1	14	9	4	0	3	1	8	2	2	0	11	13	63	10	12	0	7	0	15	4	2	0	7	1	9	3	2	
1tsp	0	0	0	0	0	0	0	16	0	53	26	12	0	4	0	3	0	1	0	50	6	122	66	23	0	21	1	66	23	14	0	16	1	23	9	2	
1tul	0	0	0	0	0	0	0	6	1	10	7	3	0	1	0	1	1	0	0	8	2	14	9	4	0	8	0	10	10	2	0	4	0	1	4	1	
1tup	0	0	0	0	0	0	0	18	6	57	24	12	0	3	3	23	6	3	0	63	26	195	69	15	0	27	3	66	21	12	0	6	0	27	9	0	
1ulo	0	0	0	0	0	0	0	5	0	14	7	2	0	0	0	0	2	0	0	15	0	41	15	9	0	7	2	15	4	1	0	1	0	11	0	0	
1umu	0	0	0	0	0	0	0	6	0	14	22	0	0	0	0	0	0	0	0	18	0	56	22	8	0	14	0	28	24	4	0	4	0	6	2	2	
1vca	0	0	0	0	0	0	0	12	4	30	34	2	0	0	0	8	4	0	0	42	8	78	42	16	0	26	0	52	10	8	0	2	0	16	6	2	
1vie	0	0	0	0	0	0	0	0	0	6	4	1	0	0	0	0	0	1	0	7	1	14	5	4	0	3	0	7	1	0	0	0	0	4	2	1	
1vmo	0	0	0	0	0	0	0	12	0	28	16	0	0	0	2	6	4	4	0	32	12	60	26	26	0	4	2	36	14	4	0	8	0	26	0	2	
1wap	0	0	0	0	0	0	0	44	0	198	110	0	0	0	0	0	0	0	0	198	0	396	154	66	0	66	0	154	132	22	0	44	0	44	0	0	
1wba	0	0	0	0	0	0	0	8	0	22	6	3	0	0	0	1	0	1	0	20	2	37	15	9	0	8	0	17	12	0	0	2	0	7	4	0	
1whi	0	0	0	0	0	0	0	6	0	12	1	1	0	0	0	1	0	0	0	7	0	33	18	2	0	6	1	11	15	2	0	1	0	3	1	0	
1who	0	0	0	0	0	0	0	5	0	11	3	4	0	0	0	0	0	0	0	11	0	14	12	5	0	4	0	10	3	2	0	2	0	7	2	0	
1wkt	0	0	0	0	0	0	0	1	3	8	2	2	0	1	2	5	2	0	0	9	3	19	6	2	0	2	2	4	3	3	0	2	0	4	1	1	
1wpo	0	0	0	0	0	0	0	14	2	52	24	6	0	0	0	6	2	2	0	62	4	104	66	12	0	16	4	62	20	16	0	6	0	22	8	0	
1xnb	0	0	0	0	0	0	0	1	0	16	9	6	0	0	0	0	0	0	0	18	0	53	8	17	0	4	0	14	5	3	0	9	0	14	4	3	
1xso	0	0	0	0	0	0	0	18	0	36	4	4	0	0	0	4	2	0	0	34	2	68	44	8	0	8	4	38	12	0	0	2	0	8	2	0	
1yhb	0	0	0	0	0	0	0	4	0	6	5	0	0	0	0	0	1	0	0	5	0	16	11	7	0	3	0	13	6	1	0	3	1	3	1	0	
1ytf	0	0	0	0	0	0	0	24	4	36	20	11	0	1	0	7	1	1	0	44	4	99	43	18	0	18	1	54	33	4	0	7	0	17	11	1	
2arc	0	0	0	0	0	0	0	8	0	36	20	2	0	0	0	0	2	0	0	32	2	56	22	24	0	16	0	24	22	12	0	12	0	18	8	10	
2bbk	0	0	0	0	0	0	0	38	4	90	42	12	0	8	2	14	2	2	0	84	14	224	84	44	0	44	2	74	44	32	0	14	6	46	24	6	
2bbv	0	0	0	0	0	0	0	33	6	105	42	27	0	0	0	12	3	0	0	102	6	297	150	60	0	42	3	156	54	12	0	33	0	48	21	3	
2bpa	0	0	0	0	0	0	0	18	0	54	31	14	0	2	1	5	1	0	0	53	2	156	65	29	0	33	4	57	24	18	0	11	1	34	16	10	
2cba	0	0	0	0	0	0	0	8	0	22	16	7	0	1	0	0	0	0	0	28	0	57	22	17	0	7	1	29	14	2	0	9	0	16	1	1	
2cpl	0	0	0	0	0	0	0	4	1	16	7	3	0	1	0	1	2	0	0	16	2	42	12	9	0	4	0	16	6	4	0	5	1	6	4	2	
2eng	0	0	0	0	0	0	0	9	3	17	5	7	0	3	2	8	0	1	0	17	7	52	13	15	0	6	0	15	3	0	0	6	2	13	2	3	
2fgf	0	0	0	0	0	0	0	5	0	13	4	2	0	1	0	1	1	1	0	15	2	37	16	5	0	1	1	17	3	4	0	2	1	7	2	4	
2hft	0	0	0	0	0	0	0	10	1	22	13	4	0	2	0	1	0	1	0	18	0	52	15	13	0	13	1	16	6	4	0	7	2	7	6	3	
2kau	0	0	0	0	0	0	0	23	0	77	41	4	0	2	0	5	2	0	0	65	8	168	105	27	0	50	1	95	46	8	0	4	0	28	8	3	
2ohx	0	0	0	0	0	0	0	22	2	44	32	8	0	4	2	14	6	2	0	48	18	174	96	32	0	24	6	108	52	4	0	10	0	30	8	0	
2pcd	0	0	0	0	0	0	0	102	6	264	114	90	0	12	0	18	6	0	0	306	12	528	246	108	0	96	12	282	138	24	0	60	0	120	48	24	
2pec	0	0	0	0	0	0	0	14	1	33	17	7	0	2	0	1	1	0	0	29	2	94	34	17	0	18	1	31	12	6	0	9	0	17	4	2	
2phl	0	0	0	0	0	0	0	120	0	120	69	21	0	0	0	0	0	0	0	123	0	219	90	39	0	60	0	96	96	24	0	27	0	39	21	24	
2pia	0	0	0	0	0	0	0	11	2	37	6	7	0	0	1	3	3	1	0	34	4	78	36	9	0	15	1	29	13	5	0	3	0	15	4	3	
2sbl	0	0	0	0	0	0	0	66	2	142	98	28	0	0	0	4	4	0	0	152	0	356	180	70	0	88	4	184	86	50	0	30	2	72	44	14	
2sil	0	0	0	0	0	0	0	17	1	34	18	9	0	0	0	2	1	1	0	40	1	91	28	21	0	14	2	38	23	3	0	7	0	17	10	2	
2snv	0	0	0	0	0	0	0	5	0	10	6	4	0	0	0	0	0	0	0	11	0	45	17	7	0	5	0	19	8	0	0	4	0	7	1	1	
2trc	0	0	0	0	0	0	0	38	4	64	25	13	0	3	2	11	4	1	0	56	10	114	69	23	0	35	4	58	27	11	0	12	1	23	12	2	
3dpa	0	0	0	0	0	0	0	15	1	18	10	5	0	0	0	1	1	0	0	22	1	47	25	3	0	9	0	25	10	6	0	3	0	7	4	4	
3ull	0	0	0	0	0	0	0	10	0	34	12	4	0	0	0	0	0	0	0	28	0	46	30	10	0	16	0	30	12	8	0	6	0	4	12	0	
4aah	0	0	0	0	0	0	0	34	4	114	60	38	0	4	2	2	8	0	0	130	6	304	104	78	0	60	2	128	44	14	0	24	2	72	30	12	
4gcr	0	0	0	0	0	0	0	6	1	14	8	9	0	3	0	4	0	0	0	13	4	28	15	8	0	6	0	14	6	6	0	10	2	9	3	4	
4kbp	0	0	0	0	0	0	0	32	0	168	44	64	0	0	0	0	4	0	0	188	4	344	176	120	0	68	0	144	60	44	0	20	0	172	32	40	
