id	A	C	D	E	F	G	H	I	K	L	M	N	P	Q	R	S	T	V	W	Y	
1abr	28	10	31	24	14	36	7	34	19	39	13	32	20	27	28	49	39	32	13	23	
1aly	12	3	2	6	7	12	4	6	7	14	1	7	6	11	5	17	10	10	1	5	
1aof	100	4	86	84	36	94	28	58	62	86	26	44	68	36	42	58	84	74	22	42	
1aol	10	12	10	7	4	21	5	5	7	17	1	11	20	8	12	23	19	13	13	10	
1aon	1085	42	532	714	105	896	21	518	616	637	322	301	210	224	343	280	483	903	0	105	
1arb	28	6	13	5	7	36	6	9	5	13	3	17	14	9	12	32	24	14	7	8	
1asf	46	5	20	27	21	30	6	17	18	38	8	23	15	16	22	21	22	26	5	10	
1asy	92	44	62	88	56	108	24	52	72	100	20	30	48	34	64	50	50	60	2	36	
1bbt	66	9	36	32	30	53	21	22	29	60	14	38	43	32	31	43	81	56	7	33	
1bco	30	5	20	20	16	30	7	11	22	24	9	15	14	9	22	8	17	28	8	12	
1bcp	174	52	74	98	64	160	32	78	64	148	58	54	110	68	124	134	140	136	12	124	
1bdo	5	1	4	8	3	6	1	7	5	3	4	2	5	3	2	5	4	11	0	1	
1bg1	34	16	26	44	23	34	9	36	44	59	20	31	27	41	25	36	43	39	12	15	
1bia	28	1	16	21	8	35	2	27	18	43	8	13	11	16	20	14	9	18	7	6	
1bmf	326	7	180	226	95	298	46	252	184	291	70	75	131	147	178	193	187	268	0	94	
1bpl	35	0	37	25	20	45	24	20	28	29	7	25	15	20	21	26	27	32	17	30	
1bty	14	12	10	4	3	25	3	15	15	14	2	16	8	10	2	34	10	18	4	10	
1bw3	16	6	10	1	3	12	2	4	4	6	0	8	6	8	7	4	9	7	5	7	
1cd1	46	14	44	40	32	46	26	38	44	62	28	24	46	58	40	66	44	66	32	32	
1cdg	65	3	40	18	32	65	12	37	29	38	13	62	28	26	20	47	56	49	13	33	
1cel	54	40	48	40	30	102	8	20	26	48	12	60	38	36	14	100	92	42	18	40	
1cgp	44	18	16	32	10	44	12	34	30	44	12	10	12	28	20	22	42	28	4	10	
1cka	4	0	6	8	3	4	0	3	7	4	1	3	9	1	5	1	0	3	2	3	
1ckm	26	6	50	38	44	40	14	58	62	56	20	34	32	12	30	24	38	52	6	18	
1cpn	11	2	12	8	12	24	4	8	14	10	3	17	8	3	2	15	18	12	9	16	
1ctm	16	2	12	16	7	23	2	23	17	20	2	17	22	12	10	11	8	20	0	10	
1cuk	23	1	7	19	8	16	3	12	12	23	6	4	11	8	12	8	9	17	0	4	
1cyx	24	2	10	15	12	12	10	12	12	7	13	8	14	7	3	15	10	10	3	6	
1ddt	40	4	28	37	18	43	16	33	39	36	8	30	21	16	16	51	30	46	5	18	
1djx	74	26	78	90	52	84	34	58	68	124	28	52	60	68	72	102	54	68	16	40	
1dkg	87	1	59	80	16	46	8	54	53	61	27	31	34	34	40	26	43	67	1	9	
1dlc	32	3	32	30	32	38	10	30	31	47	7	37	25	28	22	50	42	41	10	37	
1dup	12	1	12	6	6	18	4	10	5	16	6	4	9	7	7	8	7	11	1	2	
1eft	27	1	24	38	13	39	12	22	23	28	11	11	22	8	25	7	32	50	2	10	
1epn	29	2	21	5	20	38	1	18	11	19	0	6	13	9	1	49	47	23	5	13	
1esf	14	4	34	30	16	30	12	20	48	46	4	38	8	24	14	24	34	26	4	36	
1eta	24	2	10	24	10	20	8	10	16	14	4	6	16	0	8	22	24	22	4	10	
1exg	12	2	1	0	6	15	1	1	1	3	0	9	7	7	1	13	16	10	5	0	
1fgp	7	4	4	6	1	5	2	2	3	4	0	5	3	1	1	2	8	6	3	3	
1fiv	3	2	6	7	5	11	1	13	6	11	3	12	3	4	8	2	8	9	0	3	
1fnb	21	5	18	27	13	26	5	16	34	24	13	11	17	7	9	16	15	19	6	12	
1fui	384	72	192	240	102	318	96	204	150	246	138	144	138	126	192	210	198	210	84	102	
1ggt	74	18	94	98	64	100	28	76	76	96	38	80	66	52	90	92	90	142	30	58	
1gof	44	6	36	12	24	69	10	33	22	28	13	40	40	22	27	71	61	41	16	24	
1gpr	6	0	9	16	8	17	3	16	9	11	4	5	11	5	4	12	8	18	0	0	
1gtr	54	33	37	46	24	54	16	35	32	40	11	27	28	15	40	28	27	35	8	22	
1gzi	7	0	2	2	0	3	0	4	1	6	5	4	6	3	3	3	5	10	0	1	
1hav	24	2	22	22	16	44	8	26	34	38	16	24	14	18	14	22	26	46	6	12	
1hbp	14	6	17	11	12	11	3	6	11	12	4	9	5	7	13	11	8	12	4	7	
1hcd	5	1	6	7	5	13	31	6	9	7	1	2	0	1	1	8	6	6	0	3	
1hge	72	36	90	87	54	120	33	111	81	105	21	120	60	66	75	108	117	78	27	48	
1hms	6	1	11	8	6	10	3	7	14	14	2	3	1	3	4	6	19	10	2	2	
1hoe	7	4	5	4	0	7	2	2	1	4	0	1	3	3	3	5	8	8	1	6	
1hpl	48	28	56	46	56	80	18	46	38	58	10	58	42	32	42	76	52	68	14	30	
1hxn	14	6	12	8	4	17	12	5	10	24	3	9	16	7	11	18	12	13	9	9	
1idk	30	7	29	18	10	43	6	22	9	19	1	19	8	7	8	33	32	32	6	20	
1ihw	6	0	10	2	2	6	0	10	12	4	2	4	6	4	12	4	0	12	4	4	
1irs	10	2	3	8	7	9	2	8	6	10	6	6	5	5	8	8	5	11	2	2	
1kap	58	0	43	12	23	56	7	19	17	41	2	29	11	25	8	51	25	27	7	22	
1kit	50	0	48	31	31	70	10	49	22	58	12	57	30	48	30	67	56	48	18	22	
1knb	15	2	8	7	7	14	3	10	11	18	2	17	9	5	3	19	23	11	4	8	
1lts	37	12	34	53	16	34	13	74	53	39	23	43	27	36	41	56	69	31	8	42	
1lxa	25	5	11	16	10	30	12	26	10	12	4	13	9	6	15	11	16	25	0	6	
1mai	5	2	11	9	5	6	5	8	10	12	4	1	5	12	12	12	3	5	3	1	
1mjc	5	0	6	2	6	10	1	4	7	2	1	3	2	2	0	7	4	5	1	1	
1mmd	55	7	47	53	45	42	15	52	56	68	10	50	26	40	38	47	33	46	4	28	
1msa	12	12	28	12	16	48	4	24	12	36	8	44	12	16	12	32	40	32	12	24	
1msp	18	4	20	10	8	16	4	18	16	12	6	20	18	10	18	8	20	14	6	6	
1nbc	16	2	18	10	16	24	4	14	18	16	2	30	8	16	4	36	30	20	8	18	
1nci	8	0	16	10	8	16	4	26	4	16	2	20	24	8	18	14	6	16	2	2	
1neu	3	2	11	6	6	10	3	9	6	3	0	3	6	5	5	11	9	14	5	7	
1noa	18	4	8	2	5	15	0	1	1	6	0	4	4	3	3	11	13	12	2	1	
1npo	13	32	6	18	6	32	0	6	3	14	2	6	18	10	14	12	4	8	0	4	
1oac	110	0	116	78	48	112	40	88	98	90	44	78	92	54	54	50	98	120	32	52	
1osp	31	11	37	41	18	51	5	25	62	53	5	27	27	20	15	94	78	52	11	26	
1pdr	12	0	6	8	3	12	3	8	3	7	0	3	3	4	8	7	3	7	0	2	
1pgs	23	6	16	13	14	25	4	19	22	15	2	25	17	7	9	20	33	19	9	16	
1pky	164	24	108	140	48	160	32	132	136	160	76	96	48	44	84	96	136	176	0	20	
1plc	7	1	7	8	7	10	2	6	6	6	2	6	5	1	0	12	2	9	0	2	
1pmi	29	5	34	27	23	29	7	30	38	39	7	19	24	25	10	30	23	28	2	11	
1prc	117	18	47	52	66	111	29	58	35	118	20	32	79	35	64	60	69	86	42	52	
1prr	13	0	10	9	8	13	0	11	7	12	2	18	12	10	6	12	8	16	0	6	
1pse	4	0	2	5	3	9	1	6	5	3	0	6	1	0	3	6	2	8	1	4	
1pyp	44	2	46	38	22	32	12	54	56	34	4	34	40	14	12	26	38	28	12	22	
1qba	81	6	69	44	38	72	16	33	60	63	16	31	45	48	45	46	35	59	19	32	
1rgs	23	2	19	26	14	21	1	17	16	23	6	10	10	9	23	19	10	26	3	10	
1rip	4	0	4	6	1	3	3	4	14	4	2	1	2	1	7	3	5	12	0	5	
1rsy	5	0	11	14	10	15	3	6	15	14	4	5	8	6	3	8	7	12	1	5	
1sac	40	10	45	65	50	75	20	65	55	100	5	40	60	45	45	85	40	90	25	60	
1scs	18	0	18	7	11	16	6	15	12	18	2	14	11	5	6	31	19	17	4	7	
1sft	80	8	44	48	32	52	32	48	26	78	20	18	46	20	58	34	38	56	10	28	
1sla	26	12	16	16	20	22	4	10	16	28	0	26	12	6	10	14	6	18	2	4	
1slu	22	14	21	19	6	32	8	18	24	32	6	22	20	17	9	23	15	35	6	16	
1smp	56	2	46	19	31	66	14	24	23	41	1	40	15	28	16	45	41	33	11	20	
1sri	34	0	8	10	4	32	4	6	6	14	0	14	2	6	8	18	38	14	12	12	
1stm	85	10	25	25	35	60	5	20	15	55	20	40	40	35	70	65	90	65	5	20	
1sty	14	0	8	12	3	11	4	5	23	11	4	6	6	6	5	5	10	9	1	7	
1tdt	63	9	45	48	21	75	9	51	36	42	18	33	27	33	42	45	39	102	9	30	
1thj	57	3	42	60	15	48	15	48	15	18	18	39	45	18	15	42	33	84	3	24	
1thw	16	16	13	6	11	24	0	8	12	9	1	8	12	4	12	14	20	10	3	8	
1tsp	39	8	42	19	23	63	8	37	29	46	7	31	22	15	21	45	40	35	7	22	
1tul	7	3	5	6	3	7	1	10	7	10	4	11	2	5	3	7	3	7	1	6	
1tup	37	38	24	39	15	53	27	18	24	48	18	33	54	21	57	60	61	45	3	24	
1ulo	21	2	12	9	4	18	0	3	0	12	0	2	10	5	3	9	20	14	2	6	
1umu	22	0	22	6	8	16	6	24	8	18	4	4	12	10	6	22	14	24	0	6	
1vca	14	12	24	36	16	20	8	24	30	36	6	10	24	12	14	38	38	30	2	10	
1vie	7	1	1	4	2	7	1	3	2	2	1	3	4	3	3	4	3	6	2	3	
1vmo	14	16	18	12	18	42	4	12	16	26	0	14	10	12	24	28	20	22	12	6	
1wap	110	0	88	154	66	132	88	132	198	66	44	44	0	66	44	110	132	154	0	22	
1wba	8	2	13	8	6	13	3	10	14	10	2	11	15	7	8	13	10	15	1	6	
1whi	9	1	9	5	3	12	0	10	10	5	2	3	5	3	14	6	4	19	0	2	
1who	5	0	5	14	6	9	2	1	8	5	3	3	5	1	2	3	8	11	2	3	
1wkt	3	10	4	2	1	13	1	5	3	1	3	8	2	2	4	5	9	5	4	3	
1wpo	44	10	38	28	14	40	10	6	12	52	10	6	28	26	44	50	20	52	6	16	
1xnb	9	0	7	2	4	25	2	6	5	4	2	18	6	5	7	18	25	14	11	15	
1xso	22	6	22	16	10	54	16	14	18	18	2	18	8	6	6	18	14	30	0	2	
1yhb	4	1	3	4	4	7	1	4	6	10	2	2	6	6	4	7	4	8	0	4	
1ytf	44	10	32	32	18	27	3	29	33	36	6	17	10	14	22	33	42	39	4	14	
2arc	20	2	12	24	22	32	16	22	4	38	4	18	24	14	24	10	6	10	10	16	
2bbk	88	28	82	54	42	74	30	50	30	66	14	24	68	28	50	48	64	66	18	36	
2bbv	134	17	42	33	72	90	6	60	33	72	30	84	93	54	81	96	87	108	15	18	
2bpa	44	9	38	17	35	46	16	30	28	51	14	31	41	31	36	46	51	42	8	29	
2cba	13	1	19	13	12	22	12	9	24	26	1	10	17	11	7	18	12	17	7	8	
2cpl	9	4	7	12	15	23	4	10	14	7	5	9	6	3	6	8	11	9	1	2	
2eng	20	14	16	5	15	26	1	5	8	7	1	12	14	8	11	15	10	11	6	5	
2fgf	9	4	7	8	8	15	3	4	14	13	2	5	9	4	11	10	5	7	1	7	
2hft	7	4	11	17	10	12	0	7	17	13	1	14	9	8	8	19	27	19	4	11	
2kau	88	9	45	49	23	73	28	54	25	58	23	25	41	26	40	29	49	68	7	13	
2ohx	56	28	34	42	36	76	14	48	60	50	18	16	40	16	24	52	48	78	4	8	
2pcd	222	36	162	126	120	216	90	174	84	216	30	180	204	108	168	96	132	132	42	90	
2pec	33	4	24	8	8	37	6	22	22	16	3	33	12	7	9	25	33	27	7	17	
2phl	63	0	63	108	69	66	30	72	72	114	9	90	42	69	51	108	42	81	3	39	
2pia	24	8	24	21	16	23	7	13	13	24	6	11	17	7	26	30	22	20	4	5	
2sbl	112	8	92	110	60	106	50	108	98	172	30	80	102	54	74	124	92	104	28	74	
2sil	21	4	26	14	15	33	7	24	28	20	6	31	10	8	15	34	34	30	6	15	
2snv	9	0	8	10	6	19	6	6	10	8	5	5	7	2	8	10	12	13	3	4	
2trc	40	21	51	45	24	44	11	32	36	55	17	25	17	24	38	48	38	33	9	17	
3dpa	12	2	9	16	6	12	0	15	15	18	3	13	16	11	13	18	13	14	2	10	
3ull	8	0	16	20	6	18	4	16	16	22	4	12	6	14	22	20	20	24	4	12	
4aah	108	16	84	46	48	152	26	38	104	90	42	82	70	40	32	54	76	78	44	50	
4gcr	2	7	13	9	9	14	5	6	2	13	7	6	8	10	20	13	5	6	4	15	
4kbp	96	4	88	84	100	108	68	88	92	72	36	84	96	52	112	144	116	120	52	116	
