id	volume	surface_area	spherecity
1abr	75003.375	17965.4	0.4787415308152092
1aly	20147	6160.61	0.5812112327262418
1aof	152936.875	33995.4	0.4068229489696502
1aol	31433.75	8941.25	0.5387037718793133
1aon	1072503	288086	0.17588453224614534
1arb	34268	8016.03	0.6364788296235819
1asf	57088.25	15603.1	0.4595199660746831
1asy	187695.25	50929.3	0.31128051686573044
1bbt	93521.75	30873	0.32273572467871864
1bco	42967.125	11819.2	0.5019420419600339
1bcp	265831.125	63424.4	0.31523297690410884
1bdo	11126.375	3876.35	0.6217707251302921
1bg1	88139.375	26762.4	0.35788133174602454
1bia	40814.25	11473.2	0.4996594518883148
1bmf	421850.25	97003	0.2804171036388785
1bpl	67510.375	15345.5	0.5224965509107407
1bty	30915.5	7854.66	0.6064675716168364
1bw3	29429.625	6247.95	0.7377961727134307
1cd1	109489.75	33217.6	0.3331947753871418
1cdg	95352.875	20244.9	0.49856794220994166
1cel	115039.25	29342.2	0.38984216720808723
1cgp	77486.125	24027.6	0.36581066228917014
1cka	9815.375	3437.08	0.6450089610456907
1ckm	95081.625	26059.6	0.386587175636089
1cpn	29280.875	7283.76	0.6307411965088879
1ctm	35357.25	11469.6	0.4542080620457114
1cuk	25306.125	8661.27	0.48126725462433917
1cyx	22795.875	6165.48	0.6306011269267247
1ddt	72243.5	20829.8	0.4027153744815414
1djx	152791.25	39939.6	0.3460557497424101
1dkg	94673.5	28432.4	0.35331024111801107
1dlc	85748	20879.5	0.4503809676388637
1dup	19037.375	7078.86	0.4870708936359176
1eft	58199.375	14663	0.49530590298562577
1epn	43601.5	11206.9	0.534563844176158
1esf	68869.625	19035.7	0.42684193985721886
1eta	35978.125	10057.7	0.524015899929813
1exg	13784	4709.37	0.590343548275426
1fgp	12107.25	3923.55	0.6498831446119316
1fiv	17013.625	6021.72	0.5312449373934418
1fnb	43195.375	11957	0.49791291864278686
1fui	512193.875	101770	0.30419630690476207
1ggt	209698.625	50145.8	0.34039247362600156
1gof	87188.625	18954.6	0.5016598991000221
1gpr	21883.125	6149.49	0.61524947582764
1gtr	101913.5	27982.1	0.3770725906699308
1gzi	8918.75	2953.79	0.7041099837783201
1hav	63647.75	18054.6	0.4269905766305064
1hbp	25360.25	8207.26	0.508613972072803
1hcd	17975.375	6208.27	0.5345218971765969
1hge	216477.25	52603.1	0.33144715383692996
1hms	19272.5	6176.39	0.5628268181808669
1hoe	9872.375	3450.77	0.6449348914316085
1hpl	126979.375	31007.1	0.3940141010918202
1hxn	29617.75	8753.87	0.5288332343382918
1idk	48279.625	11329.9	0.5659359814058993
1ihw	28985.125	7695.15	0.5929942557845412
1irs	18111.125	5862.35	0.5689088193456333
1kap	63529	15943.5	0.48292735309364615
1kit	105529.75	25741.4	0.4195353569889422
1knb	26387	7421.98	0.5775075809115288
1lts	110748.875	25648.1	0.43483231183224486
1lxa	35588.875	9932.79	0.5267716299867148
1mai	17734	5493.3	0.5986715359801341
1mjc	9183.375	3333.4	0.6362067015090157
1mmd	107914.375	29587.2	0.37048144085196943
1msa	60506.875	14909.3	0.49991559704604943
1msp	33821.375	10605.5	0.47688516890071514
1nbc	43749	11413.7	0.526061386146306
1nci	28163.625	8837.42	0.5065445703556277
1neu	16740.5	5487.96	0.5766586409590962
1noa	14029.125	4768.62	0.5899000937658715
1npo	21806.875	7095.98	0.5319457758957862
1oac	212759.875	47494.1	0.36288661244484033
1osp	95807.375	27923	0.3626224399035662
1pdr	13184.75	4261.99	0.6332661842851391
1pgs	44287.875	11186.4	0.5411491845804627
1pky	250653.25	61083.6	0.31473259803570225
1plc	13572.625	4114.16	0.6688245107349694
1pmi	63118.375	15642.2	0.4901061621868174
1prc	171383.375	45015.2	0.33146478935369983
1prr	24757.75	7397.31	0.5553299386798366
1pse	15090.625	4670.83	0.632258798478488
1pyp	79970.875	23210.1	0.3867482389997234
1qba	125925.625	27113.9	0.4480930534148347
1rgs	36832.375	11396.7	0.46974066400728065
1rip	25730	7436.65	0.5667610198816936
1rsy	19357.875	6262.88	0.5566922237917407
1sac	151990.75	33719.1	0.4084631876747389
1scs	32581.75	8930.19	0.5524246257699611
1sft	113052.5	24932.2	0.45349966398218794
1sla	38185.25	9846.91	0.5569051681867238
1slu	48747.75	14810.8	0.43572116615564904
1smp	76622.5	19124.7	0.45617033396792034
1sri	32093.625	9326.98	0.5236272766096907
1stm	97551.625	27784.1	0.368845194787534
1sty	19993.75	6233.68	0.5714818716843162
1tdt	106241.875	24669.9	0.4397243881683137
1thj	87330.75	20048.2	0.47481037309650104
1thw	27842.625	8032.83	0.5530388837425348
1tsp	75013.25	21166.8	0.40636931443575774
1tul	14771.75	4886.47	0.5958132911857112
1tup	95779.625	28656.1	0.3532773511557936
1ulo	19668	6372.23	0.552967340222322
1umu	27806.25	10296.3	0.43108662842650325
1vca	57782	18423.4	0.39232205479582377
1vie	8024.125	3119.38	0.6213662086094699
1vmo	45677.375	13214.6	0.4676247919705479
1wap	215101	50996	0.34044186819598277
1wba	23922.875	6852.7	0.5859105513632125
1whi	17527.375	5653.25	0.577205577307375
1who	13552.5	4422.55	0.6215713431544505
1wkt	18328	4489.38	0.7488148950057952
1wpo	58894.5	16191.2	0.45212124332593295
1xnb	25491.875	6591.51	0.6354778186604958
1xso	39204.125	11125.7	0.5016235948732259
1yhb	12494.125	5134.73	0.5071118319816157
1ytf	64766.125	18542.4	0.420613739391053
2arc	47372	12708.7	0.498192834804108
2bbk	136426.75	30029.1	0.4267840338714237
2bbv	139269.25	31261.1	0.41563938488370417
2bpa	92318.75	30224	0.32683266934928834
2cba	37764.125	9942.29	0.5474998219336061
2cpl	22887.25	6097.36	0.6393490578417171
2eng	28244.125	7658.65	0.5856219123145843
2fgf	18726.625	5235.59	0.6513656281711296
2hft	30018.25	9558.86	0.48865416385386734
2kau	106326.625	25160.8	0.43137439662502924
2ohx	103928.875	24281.2	0.4402555057328123
2pcd	377146.75	88894.4	0.28397708791309634
2pec	47602.5	11351.2	0.5595800078237316
2phl	160700.625	35537.3	0.40223334744582356
2pia	45460.625	13227.2	0.46570025143240446
2sbl	236374.125	54721.1	0.3378541529862844
2sil	53708.5	12486	0.551344199067863
2snv	20640.375	6450.41	0.5641248011435532
2trc	87354.5	24447.6	0.38943778058247475
3dpa	11828.625	9267.77	0.27089337649845313
3ull	31776.875	10484.6	0.4627428482249688
4aah	181821.5	37414.5	0.41483399252321634
4gcr	26055.125	7410.33	0.5735553696530666
4kbp	251580.875	53476.9	0.36038744239636583
