id	AA	BA	CA	DA	EA	FA	AB	BB	CB	DB	EB	FB	AC	BC	CC	DC	EC	FC	AD	BD	CD	DD	ED	FD	AE	BE	CE	DE	EE	FE	AF	BF	CF	DF	EF	FF	
119l	0	0	0	0	0	0	0	7	0	12	9	7	0	0	0	0	0	0	0	20	0	33	17	5	0	8	0	23	8	0	0	0	0	7	5	2	
193l	0	0	0	0	0	0	0	2	3	13	6	2	0	1	0	4	2	1	0	13	5	28	9	5	0	6	0	10	3	3	0	4	0	6	1	1	
1ab8	0	0	0	0	0	0	0	16	0	40	30	8	0	4	0	4	2	0	0	38	4	72	50	20	0	22	6	54	24	6	0	14	0	14	6	4	
1af5	0	0	0	0	0	0	0	5	0	17	7	2	0	0	0	0	1	0	0	13	1	15	20	2	0	10	0	9	7	10	0	3	0	10	1	1	
1afi	0	0	0	0	0	0	0	1	0	4	3	2	0	0	0	2	0	0	0	7	2	18	12	1	0	1	0	14	1	0	0	0	0	3	0	0	
1ag2	0	0	0	0	0	0	0	10	0	12	4	2	0	1	0	0	1	0	0	7	0	12	10	7	0	5	2	8	4	2	0	5	0	5	2	3	
1ah6	0	0	0	0	0	0	0	11	0	25	13	3	0	0	0	0	0	0	0	19	0	33	30	6	0	17	0	23	13	8	0	5	0	6	6	1	
1ahq	0	0	0	0	0	0	0	4	0	17	7	5	0	2	0	0	0	0	0	16	1	24	14	5	0	8	1	13	5	2	0	3	0	6	3	0	
1aih	0	0	0	0	0	0	0	16	4	72	16	24	0	4	0	0	4	0	0	64	0	132	84	28	0	48	4	60	48	8	0	0	0	44	16	0	
1ako	0	0	0	0	0	0	0	14	0	27	16	6	0	1	1	1	0	0	0	27	1	46	28	12	0	16	1	24	14	5	0	5	0	15	3	4	
1aor	0	0	0	0	0	0	0	48	2	108	48	24	0	0	0	8	4	0	0	112	6	248	154	52	0	52	2	152	54	24	0	18	2	56	26	8	
1aps	0	0	0	0	0	0	0	4	0	7	6	1	0	0	0	0	1	0	0	8	0	24	10	6	0	2	0	15	1	2	0	4	1	3	2	0	
1apy	0	0	0	0	0	0	0	16	10	54	22	4	0	6	0	6	4	2	0	60	6	154	60	28	0	14	2	64	32	10	0	10	0	32	2	4	
1ast	0	0	0	0	0	0	0	12	0	15	14	4	0	1	0	3	0	0	0	15	1	30	18	14	0	9	2	20	9	6	0	8	1	11	4	2	
1atl	0	0	0	0	0	0	0	18	2	38	32	6	0	4	0	0	4	0	0	38	0	60	48	12	0	30	6	44	22	8	0	8	0	14	4	4	
1bia	0	0	0	0	0	0	0	15	0	26	22	3	0	0	0	1	0	0	0	29	0	55	44	9	0	17	1	46	24	7	0	5	0	8	6	2	
1bnc	0	0	0	0	0	0	0	36	0	80	50	10	0	4	0	8	4	0	0	78	8	186	124	20	0	50	6	106	42	24	0	8	2	34	10	6	
1bpl	0	0	0	0	0	0	0	12	0	54	24	16	0	0	0	0	0	0	0	52	0	97	39	32	0	25	0	38	14	11	0	17	0	31	11	8	
1bvl	0	0	0	0	0	0	0	8	2	38	16	4	0	0	0	4	0	4	0	34	6	114	54	24	0	14	0	56	12	6	0	16	0	16	6	12	
1cby	0	0	0	0	0	0	0	13	0	16	25	10	0	0	0	1	0	0	0	26	1	34	24	8	0	18	0	34	18	3	0	6	0	8	7	6	
1cdl	0	0	0	0	0	0	0	48	0	108	32	16	0	0	0	0	0	0	0	80	0	92	80	16	0	56	0	52	24	12	0	20	0	16	8	0	
1cew	0	0	0	0	0	0	0	7	2	6	8	1	0	0	0	4	0	0	0	7	2	21	10	5	0	6	0	10	6	3	0	3	0	5	1	0	
1chk	0	0	0	0	0	0	0	22	0	44	28	6	0	0	0	0	0	2	0	52	2	134	34	20	0	18	0	38	18	12	0	8	0	26	6	4	
1chm	0	0	0	0	0	0	0	34	0	80	50	10	0	2	0	6	0	2	0	72	6	142	84	44	0	54	2	84	50	6	0	14	2	34	12	10	
1ckm	0	0	0	0	0	0	0	22	0	56	38	18	0	2	0	0	4	0	0	64	4	94	74	30	0	34	2	86	48	14	0	10	0	30	22	6	
1coy	0	0	0	0	0	0	0	16	0	46	22	11	0	0	0	0	0	1	0	48	1	123	55	22	0	20	0	62	19	10	0	10	0	19	15	6	
1crk	0	0	0	0	0	0	0	76	4	124	76	36	0	16	0	12	0	4	0	120	16	336	180	40	0	80	12	172	64	32	0	24	0	48	40	4	
1cse	0	0	0	0	0	0	0	3	0	28	18	5	0	0	0	0	0	0	0	31	0	95	39	16	0	15	0	43	17	3	0	4	0	16	4	5	
1ctf	0	0	0	0	0	0	0	3	0	9	3	1	0	0	0	0	0	0	0	8	0	21	10	0	0	4	0	9	4	0	0	1	0	0	0	0	
1ctn	0	0	0	0	0	0	0	15	2	50	29	18	0	0	0	2	2	0	0	60	2	117	48	26	0	25	0	51	23	10	0	13	0	34	7	5	
1dap	0	0	0	0	0	0	0	24	0	68	38	12	0	2	0	2	2	0	0	62	2	154	62	22	0	42	2	56	26	12	0	12	2	22	10	4	
1dar	0	0	0	0	0	0	0	23	0	65	47	8	0	0	0	1	0	0	0	66	0	133	91	21	0	41	0	91	41	15	0	12	1	21	10	3	
1dco	0	0	0	0	0	0	0	32	0	88	40	32	0	8	0	0	0	0	0	72	8	128	120	32	0	56	0	96	8	16	0	24	0	40	16	8	
1def	0	0	0	0	0	0	0	8	0	14	15	2	0	0	0	1	1	0	0	20	0	15	16	1	0	10	2	21	13	2	0	1	0	1	3	0	
1dik	0	0	0	0	0	0	0	42	2	84	50	14	0	1	1	8	2	1	0	84	8	173	97	35	0	51	1	99	40	12	0	14	1	32	15	6	
1div	0	0	0	0	0	0	0	5	0	22	6	0	0	0	0	0	0	0	0	17	0	29	25	4	0	10	0	21	1	2	0	1	0	2	3	0	
1ebh	0	0	0	0	0	0	0	36	0	84	42	6	0	2	0	0	0	0	0	68	2	230	104	34	0	50	0	96	40	16	0	12	0	30	14	4	
1efn	0	0	0	0	0	0	0	22	0	42	20	12	0	0	0	2	0	2	0	40	2	64	46	24	0	18	0	44	12	12	0	14	2	26	8	6	
1ema	0	0	0	0	0	0	0	10	0	26	14	4	0	1	0	0	1	0	0	26	1	39	23	14	0	10	0	26	12	5	0	7	1	11	4	2	
1esf	0	0	0	0	0	0	0	28	0	48	34	16	0	2	0	2	0	0	0	54	2	80	24	22	0	34	2	38	14	8	0	8	0	14	24	10	
1ezm	0	0	0	0	0	0	0	13	1	24	13	7	0	0	0	4	0	0	0	27	3	76	19	20	0	11	0	24	10	6	0	7	0	18	8	9	
1fca	0	0	0	0	0	0	0	1	1	3	6	0	0	2	0	5	1	0	0	8	5	7	2	0	0	0	2	5	2	2	0	0	0	2	0	0	
1fd2	0	0	0	0	0	0	0	7	1	15	8	2	0	6	0	1	1	0	0	10	3	7	9	3	0	7	3	7	3	3	0	3	1	2	2	1	
1fim	0	0	0	0	0	0	0	3	0	14	2	2	0	0	0	1	2	0	0	10	3	21	16	3	0	5	0	12	5	4	0	3	0	5	1	1	
1fjm	0	0	0	0	0	0	0	24	2	66	38	16	0	8	2	0	12	4	0	54	14	114	54	30	0	42	6	58	38	12	0	18	2	26	16	8	
1fkd	0	0	0	0	0	0	0	3	0	8	5	3	0	0	0	1	0	0	0	9	0	28	11	5	0	5	1	10	7	1	0	1	0	7	1	0	
1frd	0	0	0	0	0	0	0	11	0	6	9	1	0	1	0	3	1	0	0	8	3	16	7	3	0	7	2	7	4	2	0	0	0	5	1	0	
1fro	0	0	0	0	0	0	0	44	4	80	28	8	0	0	4	12	0	0	0	84	8	116	84	32	0	20	0	84	28	20	0	16	0	36	8	12	
1fwp	0	0	0	0	0	0	0	9	0	13	6	1	0	0	0	0	1	0	0	11	0	37	21	0	0	9	0	18	9	1	0	0	1	1	0	0	
1gal	0	0	0	0	0	0	0	21	0	53	34	13	0	0	0	3	0	0	0	53	3	134	56	28	0	28	0	61	31	9	0	18	0	24	8	5	
1gbs	0	0	0	0	0	0	0	4	0	20	8	2	0	1	0	1	1	1	0	18	2	50	18	9	0	8	1	17	7	1	0	3	1	10	0	1	
1gdl	0	0	0	0	0	0	0	6	0	14	6	4	0	0	0	0	0	0	0	11	0	33	20	5	0	12	0	15	12	2	0	1	0	7	3	1	
1ges	0	0	0	0	0	0	0	34	0	68	52	22	0	2	0	8	2	0	0	84	4	188	108	34	0	40	8	122	40	12	0	16	0	30	22	2	
1ggt	0	0	0	0	0	0	0	76	2	124	90	32	0	2	0	10	4	2	0	136	4	264	142	68	0	80	6	152	74	40	0	30	6	66	40	10	
1gmp	0	0	0	0	0	0	0	10	0	20	4	2	0	0	0	2	4	0	0	20	2	42	12	16	0	4	2	16	12	0	0	4	0	12	2	4	
1gnd	0	0	0	0	0	0	0	22	3	41	23	12	0	1	0	5	3	1	0	42	3	74	41	19	0	28	4	39	28	12	0	7	0	20	17	1	
1gpm	0	0	0	0	0	0	0	92	16	168	108	40	0	4	0	8	8	8	0	148	4	384	276	76	0	128	4	272	120	52	0	48	4	56	68	4	
1grj	0	0	0	0	0	0	0	14	1	19	9	1	0	0	0	0	0	1	0	14	0	25	20	4	0	11	0	17	11	2	0	5	0	2	1	0	
1grl	0	0	0	0	0	0	0	189	0	336	259	28	0	14	0	7	0	0	0	350	14	847	567	42	0	224	7	574	252	21	0	35	0	56	0	7	
1gtp	0	0	0	0	0	0	0	200	20	320	320	0	0	0	0	20	0	20	0	340	0	960	620	100	0	220	20	680	260	80	0	80	0	60	60	20	
1gtq	0	0	0	0	0	0	0	16	2	22	14	4	0	0	0	2	0	0	0	14	0	50	38	12	0	22	0	36	20	4	0	4	0	4	12	2	
1gua	0	0	0	0	0	0	0	14	3	24	19	4	0	5	1	1	0	1	0	21	2	36	25	6	0	17	2	25	16	6	0	7	0	4	6	1	
1han	0	0	0	0	0	0	0	7	1	23	12	4	0	0	0	2	0	0	0	23	0	65	44	15	0	16	1	35	9	8	0	1	0	22	4	4	
1hfc	0	0	0	0	0	0	0	10	0	19	7	6	0	0	0	0	0	0	0	17	0	35	17	10	0	12	0	13	4	1	0	3	0	11	3	0	
1hqi	0	0	0	0	0	0	0	13	0	4	10	2	0	0	0	0	0	0	0	8	0	12	7	1	0	6	0	8	9	3	0	1	0	4	1	0	
1hum	0	0	0	0	0	0	0	2	0	12	8	6	0	0	2	2	4	0	0	12	4	34	4	4	0	6	0	8	4	6	0	6	2	4	4	2	
1hxp	0	0	0	0	0	0	0	26	2	84	12	22	0	4	0	4	4	0	0	74	6	150	74	28	0	30	0	52	34	16	0	12	4	42	8	6	
1iba	0	0	0	0	0	0	0	6	0	8	4	0	0	0	0	1	0	0	0	4	0	34	13	4	0	6	1	10	3	1	0	2	0	1	2	0	
1igd	0	0	0	0	0	0	0	3	0	6	3	1	0	0	0	0	0	0	0	8	0	15	4	5	0	0	0	7	2	0	0	1	0	4	1	0	
1kap	0	0	0	0	0	0	0	24	0	58	20	7	0	0	0	0	0	0	0	49	0	109	43	31	0	24	0	37	17	10	0	12	0	28	8	4	
1kif	0	0	0	0	0	0	0	72	0	248	144	80	0	8	8	16	8	0	0	248	24	456	304	152	0	152	8	304	168	56	0	64	0	160	64	24	
1kpa	0	0	0	0	0	0	0	16	0	24	4	2	0	0	0	4	0	0	0	16	2	56	34	10	0	14	2	26	22	2	0	0	0	8	6	0	
1kpt	0	0	0	0	0	0	0	8	0	26	10	0	0	6	0	8	4	2	0	20	16	42	18	2	0	8	2	18	6	4	0	2	0	4	2	0	
1kuh	0	0	0	0	0	0	0	8	0	16	3	7	0	0	0	2	0	0	0	18	2	31	9	4	0	5	0	8	2	2	0	3	0	7	3	1	
1kvd	0	0	0	0	0	0	0	10	0	28	10	2	0	0	0	8	0	0	0	26	6	76	28	14	0	10	2	30	8	2	0	2	0	10	4	0	
1lba	0	0	0	0	0	0	0	5	0	15	4	5	0	0	0	2	1	0	0	14	2	35	17	3	0	8	1	11	7	3	0	2	0	8	1	1	
1lbu	0	0	0	0	0	0	0	4	2	19	8	3	0	1	0	4	0	1	0	21	3	63	18	14	0	8	0	22	2	0	0	3	1	11	3	1	
1lgr	0	0	0	0	0	0	0	240	12	480	276	120	0	0	0	24	24	0	0	552	12	1308	576	204	0	276	12	612	264	108	0	60	12	240	120	72	
1lit	0	0	0	0	0	0	0	6	2	16	3	3	0	0	0	2	1	3	0	17	2	24	13	8	0	6	1	8	4	4	0	1	1	14	2	2	
1lml	0	0	0	0	0	0	0	18	5	46	17	8	0	2	0	11	3	2	0	37	11	100	56	20	0	25	2	45	20	7	0	11	0	22	4	5	
1lts	0	0	0	0	0	0	0	22	1	93	32	18	0	0	0	2	10	0	0	89	6	115	80	33	0	40	5	86	25	11	0	10	0	33	19	4	
1mbb	0	0	0	0	0	0	0	18	1	31	21	6	0	2	0	1	3	0	0	33	4	57	38	14	0	17	1	41	19	6	0	7	0	15	4	2	
1mka	0	0	0	0	0	0	0	4	0	32	16	6	0	0	0	4	0	0	0	28	2	66	40	14	0	24	2	30	28	8	0	2	0	18	10	6	
1mla	0	0	0	0	0	0	0	10	2	21	17	7	0	0	0	4	1	0	0	29	3	74	36	9	0	12	0	45	16	3	0	6	0	7	6	0	
1mli	0	0	0	0	0	0	0	20	0	80	80	10	0	0	0	0	10	0	0	90	10	150	110	60	0	70	0	150	20	10	0	10	0	30	40	0	
1mng	0	0	0	0	0	0	0	18	0	26	28	12	0	0	0	0	0	0	0	38	0	76	42	22	0	20	0	46	16	10	0	8	0	30	6	6	
1mol	0	0	0	0	0	0	0	14	0	14	4	12	0	0	0	2	0	0	0	10	0	34	20	12	0	12	2	16	6	2	0	8	0	10	8	0	
1mrj	0	0	0	0	0	0	0	11	0	20	11	5	0	0	0	0	0	0	0	22	0	49	33	9	0	12	0	32	14	5	0	3	0	11	5	4	
1msk	0	0	0	0	0	0	0	19	0	33	17	7	0	0	0	1	0	1	0	31	1	63	34	19	0	14	1	36	9	6	0	11	0	16	6	5	
1mut	0	0	0	0	0	0	0	9	0	14	7	3	0	0	0	0	0	0	0	14	0	18	15	5	0	5	0	17	5	3	0	5	0	3	3	2	
1mxa	0	0	0	0	0	0	0	14	2	37	19	5	0	1	0	3	0	0	0	39	2	83	42	14	0	20	0	36	28	8	0	3	0	21	3	2	
1nox	0	0	0	0	0	0	0	5	0	15	11	2	0	0	0	0	0	0	0	24	0	45	22	10	0	4	0	28	22	2	0	0	0	12	2	0	
1npk	0	0	0	0	0	0	0	1	0	19	3	3	0	0	0	0	0	0	0	14	0	34	22	4	0	9	0	16	13	3	0	1	0	6	3	2	
1oac	0	0	0	0	0	0	0	74	0	136	80	36	0	0	0	0	0	0	0	148	0	290	154	60	0	56	0	174	86	26	0	48	0	52	22	10	
1ofg	0	0	0	0	0	0	0	120	18	168	120	36	0	6	0	12	6	0	0	216	6	534	216	114	0	72	0	270	144	30	0	48	0	108	30	6	
1ord	0	0	0	0	0	0	0	72	8	148	68	52	0	2	0	0	6	4	0	166	2	254	124	64	0	62	2	142	76	30	0	44	0	68	38	26	
1otf	0	0	0	0	0	0	0	12	0	54	18	0	0	0	0	0	0	0	0	54	0	54	54	6	0	18	0	54	24	6	0	0	0	6	6	0	
1otg	0	0	0	0	0	0	0	18	0	27	21	9	0	3	0	0	0	0	0	24	3	69	48	18	0	24	0	48	15	9	0	6	0	18	12	0	
1oun	0	0	0	0	0	0	0	18	0	24	10	12	0	0	0	4	2	0	0	28	2	30	28	6	0	14	4	22	12	8	0	4	0	12	10	2	
1pax	0	0	0	0	0	0	0	9	0	35	24	8	0	0	0	1	0	1	0	31	1	70	42	12	0	27	1	42	22	5	0	9	0	9	9	2	
1pba	0	0	0	0	0	0	0	10	0	8	8	2	0	0	0	0	0	0	0	4	0	12	7	3	0	9	0	6	3	1	0	4	0	1	1	1	
1pbe	0	0	0	0	0	0	0	7	2	39	20	4	0	1	0	2	2	0	0	39	2	81	47	16	0	19	1	46	21	10	0	5	0	17	8	4	
1pda	0	0	0	0	0	0	0	10	3	31	16	4	0	2	0	1	1	0	0	29	1	64	48	2	0	20	0	44	22	4	0	3	0	3	4	0	
1pil	0	0	0	0	0	0	0	5	0	10	6	1	0	0	0	1	0	0	0	8	0	20	17	3	0	7	1	15	7	3	0	2	0	2	3	0	
1pkp	0	0	0	0	0	0	0	3	0	12	8	1	0	0	0	0	0	0	0	11	0	42	22	3	0	10	0	19	14	0	0	0	0	4	0	0	
1plq	0	0	0	0	0	0	0	12	1	20	20	8	0	2	0	2	0	0	0	24	2	33	32	6	0	14	1	33	20	6	0	8	0	9	3	1	
1pma	0	0	0	0	0	0	0	322	14	420	462	70	0	14	0	0	0	0	0	490	0	1162	756	252	0	336	0	896	420	126	0	126	0	182	140	0	
1pmd	0	0	0	0	0	0	0	32	0	82	30	13	0	0	0	0	0	0	0	68	0	135	79	26	0	43	0	65	32	15	0	13	0	27	14	0	
1pne	0	0	0	0	0	0	0	3	1	9	6	3	0	0	0	3	0	0	0	11	1	35	17	3	0	6	0	15	11	3	0	2	1	6	1	1	
1pnk	0	0	0	0	0	0	0	39	0	80	29	25	0	0	0	0	0	0	0	81	0	152	74	41	0	38	0	69	32	15	0	16	0	46	19	8	
1prt	0	0	0	0	0	0	0	58	8	134	40	46	0	8	0	14	18	12	0	134	26	474	216	72	0	66	10	198	92	50	0	24	4	102	52	18	
1psd	0	0	0	0	0	0	0	32	4	70	44	10	0	0	0	2	4	2	0	70	0	178	110	18	0	50	2	110	54	10	0	8	2	18	14	4	
1ptf	0	0	0	0	0	0	0	1	0	9	8	1	0	0	0	0	0	0	0	11	0	17	11	2	0	4	0	14	6	0	0	2	0	1	0	0	
1pya	0	0	0	0	0	0	0	39	0	90	57	18	0	3	0	0	3	0	0	105	6	183	96	36	0	42	0	102	30	27	0	15	0	51	15	3	
1qap	0	0	0	0	0	0	0	28	0	60	44	6	0	0	0	0	2	4	0	58	4	112	78	6	0	44	0	72	26	14	0	8	0	16	6	2	
1qba	0	0	0	0	0	0	0	36	2	95	45	13	0	1	0	4	1	0	0	88	2	176	82	52	0	45	2	81	30	13	0	22	0	44	12	11	
1raa	0	0	0	0	0	0	0	38	2	98	50	12	0	2	0	4	2	2	0	88	4	170	120	24	0	58	2	112	62	12	0	12	2	24	12	10	
1reg	0	0	0	0	0	0	0	14	0	28	12	2	0	0	0	2	0	0	0	18	2	22	36	12	0	14	0	28	20	8	0	8	0	10	4	2	
1ris	0	0	0	0	0	0	0	7	0	10	10	2	0	0	0	0	0	0	0	10	0	9	13	2	0	11	0	10	6	2	0	1	0	4	1	2	
1scu	0	0	0	0	0	0	0	34	6	124	66	14	0	4	0	10	4	2	0	130	8	304	182	30	0	60	6	180	90	24	0	16	0	34	20	0	
1sei	0	0	0	0	0	0	0	6	0	34	6	2	0	0	0	0	0	0	0	24	0	46	46	2	0	14	0	32	22	10	0	4	0	6	4	0	
1set	0	0	0	0	0	0	0	32	0	80	52	10	0	0	0	4	0	0	0	76	4	164	102	42	0	56	0	92	44	14	0	10	0	46	10	2	
1sha	0	0	0	0	0	0	0	4	0	10	4	1	0	0	0	0	2	1	0	10	2	25	10	4	0	3	1	10	5	3	0	3	0	5	0	4	
1sly	0	0	0	0	0	0	0	35	2	64	26	15	0	1	0	1	0	0	0	60	0	123	67	29	0	33	0	58	26	12	0	14	0	33	10	8	
1smn	0	0	0	0	0	0	0	24	2	40	28	6	0	2	0	4	0	2	0	44	6	128	44	22	0	16	0	58	14	8	0	14	0	14	10	2	
1spb	0	0	0	0	0	0	0	11	0	27	17	1	0	0	0	0	0	0	0	27	0	110	40	13	0	13	0	40	16	5	0	4	0	15	1	2	
1srs	0	0	0	0	0	0	0	2	0	8	10	2	0	0	5	5	0	0	0	12	4	90	16	8	0	4	2	20	14	2	0	2	0	8	2	0	
1sso	0	0	0	0	0	0	0	2	0	6	3	1	0	0	0	0	0	0	0	6	0	15	6	4	0	4	0	6	3	0	0	0	0	4	1	0	
1std	0	0	0	0	0	0	0	5	0	19	4	8	0	0	0	1	0	0	0	16	0	27	23	10	0	8	1	17	5	4	0	7	0	11	4	1	
1stu	0	0	0	0	0	0	0	1	0	9	2	0	0	0	0	1	0	0	0	6	0	13	12	1	0	4	1	9	5	1	0	1	0	1	0	0	
1tbd	0	0	0	0	0	0	0	3	0	12	5	2	0	0	0	1	2	0	0	13	2	26	10	10	0	2	0	15	7	5	0	4	1	7	5	1	
1tfe	0	0	0	0	0	0	0	12	1	15	9	2	0	1	0	0	1	1	0	13	1	16	20	0	0	12	0	14	11	6	0	1	0	6	2	0	
1tif	0	0	0	0	0	0	0	8	0	8	5	1	0	0	0	0	1	0	0	6	1	16	7	2	0	6	0	5	6	1	0	2	0	2	0	0	
1tig	0	0	0	0	0	0	0	3	0	11	6	1	0	0	0	1	0	0	0	12	1	19	11	1	0	5	0	11	5	2	0	1	0	2	1	0	
1tpt	0	0	0	0	0	0	0	15	0	42	19	4	0	0	0	1	1	0	0	37	1	97	67	12	0	20	1	64	23	8	0	7	0	10	7	3	
1tys	0	0	0	0	0	0	0	14	3	22	12	10	0	1	0	3	0	0	0	21	1	45	29	10	0	18	0	26	13	6	0	7	0	10	9	3	
1uae	0	0	0	0	0	0	0	8	0	34	31	3	0	0	0	2	3	1	0	41	5	93	54	8	0	23	1	63	24	6	0	3	0	9	6	0	
1ubi	0	0	0	0	0	0	0	5	0	6	7	1	0	0	0	0	0	0	0	8	0	15	9	1	0	5	0	11	3	1	0	1	0	0	2	0	
1udi	0	0	0	0	0	0	0	14	2	30	12	3	0	1	0	4	0	1	0	28	1	74	34	15	0	14	2	30	31	5	0	4	1	15	4	0	
1upl	0	0	0	0	0	0	0	42	0	86	24	22	0	4	0	0	2	0	0	54	4	102	76	22	0	52	2	42	60	18	0	22	0	26	14	6	
1vao	0	0	0	0	0	0	0	44	2	92	62	18	0	2	0	2	2	2	0	90	2	196	144	52	0	56	4	138	68	30	0	26	0	56	20	10	
1vcc	0	0	0	0	0	0	0	6	0	6	2	3	0	0	0	0	0	0	0	7	0	12	8	3	0	2	0	10	4	2	0	2	0	2	4	3	
1vhh	0	0	0	0	0	0	0	8	0	17	4	6	0	0	0	2	0	0	0	19	2	34	20	5	0	4	0	20	4	2	0	4	0	7	2	1	
1vig	0	0	0	0	0	0	0	2	0	8	9	0	0	0	0	0	0	0	0	9	0	12	7	2	0	6	0	8	3	1	0	2	0	1	0	0	
1vjw	0	0	0	0	0	0	0	3	1	7	3	1	0	0	0	4	2	0	0	7	4	8	6	0	0	4	1	6	1	0	0	0	0	0	1	0	
1xer	0	0	0	0	0	0	0	2	0	7	8	3	0	0	0	4	2	1	0	10	2	22	8	2	0	5	5	11	3	0	0	3	0	0	3	1	
1xxa	0	0	0	0	0	0	0	24	0	36	24	18	0	0	0	0	0	0	0	36	0	90	48	12	0	36	0	54	54	0	0	6	0	6	18	0	
1ytb	0	0	0	0	0	0	0	10	2	18	10	8	0	0	0	10	0	0	0	20	6	128	40	26	0	12	0	50	36	2	0	6	0	18	12	0	
1yua	0	0	0	0	0	0	0	5	1	16	4	0	0	0	0	1	0	0	0	17	0	29	11	5	0	3	0	7	3	6	0	1	0	8	2	2	
2act	0	0	0	0	0	0	0	14	2	14	13	6	0	3	0	4	0	0	0	20	4	38	21	12	0	5	0	23	9	6	0	6	1	16	1	1	
2baa	0	0	0	0	0	0	0	4	2	23	5	3	0	2	0	2	0	3	0	18	3	76	19	17	0	7	0	15	9	3	0	6	2	17	1	5	
2bop	0	0	0	0	0	0	0	4	0	9	2	1	0	1	2	6	0	0	0	6	6	24	9	6	0	3	0	7	3	1	0	2	2	5	0	1	
2chs	0	0	0	0	0	0	0	96	0	132	108	12	0	0	0	24	0	0	0	96	0	300	204	12	0	144	24	144	144	24	0	12	0	12	24	0	
2cmd	0	0	0	0	0	0	0	10	0	26	17	4	0	1	0	2	0	0	0	25	2	70	47	6	0	19	1	44	20	3	0	2	0	7	4	1	
2glt	0	0	0	0	0	0	0	9	1	39	17	4	0	1	0	1	0	2	0	34	0	53	39	8	0	19	3	31	23	7	0	6	0	10	5	3	
2kau	0	0	0	0	0	0	0	23	0	77	41	4	0	2	0	5	2	0	0	65	8	168	105	27	0	50	1	95	46	8	0	4	0	28	8	3	
2ms2	0	0	0	0	0	0	0	6	3	48	18	0	0	3	0	3	0	0	0	36	3	69	54	18	0	18	0	51	15	9	0	12	0	12	6	0	
2phy	0	0	0	0	0	0	0	3	0	15	8	4	0	0	0	1	0	0	0	13	1	20	13	6	0	9	0	12	2	2	0	5	0	5	2	3	
2pol	0	0	0	0	0	0	0	32	4	66	46	8	0	0	0	4	4	0	0	60	4	132	98	22	0	52	0	92	52	10	0	12	0	22	6	4	
2reb	0	0	0	0	0	0	0	11	1	43	22	1	0	0	0	1	2	0	0	42	2	65	42	11	0	20	0	48	18	3	0	5	0	6	5	3	
2sic	0	0	0	0	0	0	0	10	1	24	17	5	0	1	0	2	1	0	0	28	3	121	44	14	0	14	0	52	20	1	0	3	0	12	5	2	
2vik	0	0	0	0	0	0	0	5	0	10	8	2	0	1	0	0	0	0	0	10	0	31	11	7	0	7	0	11	4	3	0	2	1	6	3	3	
3fib	0	0	0	0	0	0	0	13	2	22	9	9	0	2	0	1	0	1	0	27	2	52	16	17	0	5	0	22	4	5	0	9	0	17	6	7	
3pmg	0	0	0	0	0	0	0	40	2	102	48	28	0	2	0	2	6	0	0	112	4	232	126	48	0	40	4	142	68	14	0	26	0	42	22	10	
3rub	0	0	0	0	0	0	0	23	2	57	24	9	0	2	0	8	0	2	0	51	5	108	72	35	0	27	4	64	22	16	0	12	1	33	17	4	
4kbp	0	0	0	0	0	0	0	32	0	168	44	64	0	0	0	0	4	0	0	188	4	344	176	120	0	68	0	144	60	44	0	20	0	172	32	40	
7rsa	0	0	0	0	0	0	0	1	2	18	3	3	0	3	0	3	1	1	0	18	5	25	10	3	0	4	0	9	3	2	0	1	1	7	0	0	
