id	A	C	D	E	F	G	H	I	K	L	M	N	P	Q	R	S	T	V	W	Y	
119l	15	0	10	8	5	11	1	10	13	16	5	12	3	5	13	7	12	9	3	6	
193l	12	8	7	2	3	12	1	6	6	8	2	14	2	3	11	10	7	6	6	3	
1ab8	26	10	24	30	18	32	10	32	30	38	12	22	12	18	12	36	28	30	2	18	
1af5	6	1	8	6	8	7	2	9	14	18	0	5	5	12	4	9	5	9	2	5	
1afi	10	2	4	3	2	4	0	1	9	3	1	0	3	3	1	5	9	11	0	1	
1ag2	2	2	5	7	3	6	3	3	4	2	7	8	3	8	6	4	9	9	1	11	
1ah6	13	0	12	23	11	12	1	21	16	21	5	8	7	9	10	17	12	15	1	6	
1ahq	11	2	11	10	6	7	3	8	14	5	3	5	4	7	5	10	7	13	1	5	
1aih	52	8	24	56	36	28	24	36	36	80	24	40	32	16	44	44	48	28	4	20	
1ako	15	3	19	21	14	19	8	16	13	23	8	12	16	11	21	11	11	14	5	8	
1aor	102	12	64	104	32	134	22	76	94	116	30	54	64	8	52	44	60	64	16	62	
1aps	3	1	3	7	4	8	0	3	9	3	2	5	3	3	7	13	6	12	2	4	
1apy	66	18	32	30	24	60	14	34	26	32	18	26	32	18	24	44	46	38	8	16	
1ast	10	4	13	11	6	17	7	16	3	12	6	10	5	11	6	17	14	12	3	17	
1atl	18	8	28	26	12	22	18	28	16	50	14	28	14	16	22	28	20	18	4	14	
1bia	28	1	16	21	8	35	2	27	18	43	8	13	11	16	20	14	9	18	7	6	
1bnc	90	16	42	70	28	86	24	86	50	56	28	36	42	28	58	36	30	60	2	30	
1bpl	35	0	37	25	20	45	24	20	28	29	7	25	15	20	21	26	27	32	17	30	
1bvl	22	8	22	10	12	44	4	18	16	36	6	12	20	28	26	54	46	28	12	26	
1cby	18	1	9	11	15	7	7	23	15	23	5	29	8	15	3	21	14	23	3	9	
1cdl	56	0	68	84	32	52	8	36	36	40	36	24	8	28	40	24	52	32	4	8	
1cew	7	4	5	8	3	5	1	6	7	8	2	4	5	7	6	10	5	9	1	5	
1chk	54	2	44	20	16	50	10	18	34	38	10	18	22	18	18	24	32	20	6	22	
1chm	80	10	56	54	26	56	30	58	24	64	24	40	30	26	58	30	40	50	10	36	
1ckm	26	6	50	38	44	40	14	58	62	56	20	34	32	12	30	24	38	52	6	18	
1coy	43	1	28	19	21	59	4	25	31	32	14	29	23	19	21	30	39	40	9	20	
1crk	76	32	112	100	52	116	44	68	104	140	36	64	88	40	124	72	72	116	20	44	
1cse	42	0	11	10	9	40	8	10	11	21	5	24	15	9	8	35	24	42	1	19	
1ctf	17	0	4	11	1	6	0	2	11	7	0	1	1	0	1	2	2	8	0	0	
1ctn	50	4	37	19	25	60	6	24	40	40	10	33	23	25	11	30	34	35	14	20	
1dap	68	6	58	32	30	50	26	30	22	40	16	22	28	30	38	26	44	54	4	16	
1dar	50	1	40	66	22	59	14	56	42	49	20	13	38	24	42	22	44	64	3	22	
1dco	88	8	40	72	64	40	48	32	40	80	24	48	16	32	56	40	32	48	16	8	
1def	10	2	11	19	3	8	4	14	7	17	4	3	6	6	10	5	3	13	0	2	
1dik	85	13	49	87	40	74	16	47	62	59	39	28	36	28	39	33	52	59	5	23	
1div	19	0	4	13	4	11	3	8	23	17	1	6	4	10	4	3	8	9	0	2	
1ebh	110	2	62	50	32	74	22	44	74	80	10	38	30	18	28	62	40	68	10	18	
1efn	26	4	26	44	20	28	18	12	18	42	4	12	30	14	20	22	18	28	14	22	
1ema	8	2	18	16	13	22	10	12	20	19	6	13	10	7	7	10	16	17	1	11	
1esf	14	4	34	30	16	30	12	20	48	46	4	38	8	24	14	24	34	26	4	36	
1ezm	27	4	22	9	16	33	7	9	11	14	9	20	10	7	15	25	18	19	4	22	
1fca	9	8	5	3	0	5	0	5	0	0	0	1	4	2	1	3	1	6	0	2	
1fd2	8	8	11	14	5	3	2	6	6	7	1	4	9	4	1	1	3	9	2	2	
1fim	12	3	5	2	4	9	3	6	3	11	1	8	7	6	4	10	6	8	1	5	
1fjm	32	26	48	44	38	54	12	40	44	80	12	30	34	26	38	36	18	26	6	26	
1fkd	5	1	6	7	5	13	3	5	8	7	3	1	7	5	6	5	7	9	1	3	
1frd	4	5	8	10	3	7	2	8	5	7	1	3	3	6	2	8	7	6	0	3	
1fro	48	16	72	44	36	48	12	36	72	68	24	24	48	24	20	40	40	24	12	24	
1fwp	13	1	8	15	2	7	1	9	8	16	0	0	8	6	9	11	13	12	0	0	
1gal	58	3	36	30	18	57	19	26	15	49	11	33	25	22	22	37	42	43	10	27	
1gbs	15	4	12	6	3	21	5	13	18	7	3	8	5	8	11	9	14	11	3	9	
1gdl	21	0	6	14	7	7	5	9	14	14	1	6	5	4	1	9	8	17	3	2	
1ges	84	12	50	62	32	92	26	66	46	54	26	46	42	18	32	32	64	78	6	32	
1ggt	74	18	94	98	64	100	28	76	76	96	38	80	66	52	90	92	90	142	30	58	
1gmp	12	6	14	10	6	16	4	10	0	12	0	4	12	10	10	14	24	12	0	16	
1gnd	23	10	33	32	19	31	5	30	29	36	14	20	21	16	21	26	23	32	1	25	
1gpm	160	28	136	172	92	172	60	124	96	184	60	60	92	56	128	96	84	212	32	56	
1grj	14	1	11	20	5	11	2	14	10	11	3	7	5	6	10	5	6	14	0	3	
1grl	518	21	245	322	49	420	7	224	280	287	161	133	98	112	147	119	231	413	0	49	
1gtp	360	40	240	260	140	180	200	320	220	460	140	180	160	180	260	260	400	340	0	80	
1gtq	14	2	14	20	6	16	12	10	18	30	8	22	12	2	14	16	12	36	2	14	
1gua	13	8	17	17	10	15	3	11	16	26	7	13	5	17	15	12	12	23	2	6	
1han	36	2	25	11	18	27	10	10	10	25	8	4	11	7	18	20	16	26	5	8	
1hfc	12	0	15	9	8	16	9	9	2	12	2	9	11	9	9	10	10	8	3	6	
1hqi	7	0	9	10	2	3	3	8	2	5	3	6	2	4	7	2	2	11	2	2	
1hum	10	8	8	8	6	2	0	0	6	8	2	4	12	8	6	16	8	14	2	10	
1hxp	66	12	38	48	30	32	30	12	26	62	16	24	52	36	42	38	46	44	20	22	
1iba	13	1	6	5	4	10	6	4	8	6	3	5	1	2	4	7	6	9	0	1	
1igd	7	0	5	4	2	4	0	1	7	2	1	3	1	1	0	0	13	6	1	3	
1kap	58	0	43	12	23	56	7	19	17	41	2	29	11	25	8	51	25	27	7	22	
1kif	136	40	104	176	120	256	72	160	96	288	40	152	176	112	168	104	176	208	80	112	
1kpa	20	4	20	12	8	26	16	24	18	18	6	4	14	10	10	12	4	18	2	4	
1kpt	10	20	6	4	0	30	4	8	2	14	2	22	4	12	16	20	12	16	2	6	
1kuh	11	2	7	5	3	15	4	3	0	6	1	11	8	11	7	12	8	7	2	9	
1kvd	32	8	20	6	8	50	4	18	16	14	6	16	8	8	6	22	14	14	8	2	
1lba	13	3	9	9	5	13	7	6	11	10	2	5	4	6	9	9	6	12	4	3	
1lbu	30	6	11	4	8	31	7	7	5	11	4	11	8	11	10	15	13	10	4	7	
1lgr	564	48	372	420	276	444	192	324	300	384	192	228	336	108	276	300	252	372	24	204	
1lit	8	6	8	8	7	10	2	4	9	8	1	9	6	6	5	17	7	10	6	7	
1lml	55	18	29	22	19	38	13	18	15	25	10	20	24	23	19	28	32	47	6	17	
1lts	37	12	34	53	16	34	13	74	53	39	23	43	27	36	41	56	69	31	8	42	
1mbb	30	6	15	23	11	28	11	18	16	31	4	17	17	22	14	14	16	32	7	10	
1mka	20	4	24	18	20	48	4	12	22	40	14	8	14	8	18	8	16	28	6	10	
1mla	54	5	11	21	8	24	4	9	14	26	11	9	17	16	8	14	16	31	4	7	
1mli	70	10	90	50	30	30	60	30	50	110	50	10	60	40	60	50	40	70	20	30	
1mng	38	0	18	28	18	34	22	14	28	46	6	20	26	18	12	6	14	26	12	20	
1mol	6	2	10	18	10	16	0	16	18	12	2	10	12	6	14	4	8	8	2	14	
1mrj	28	0	9	10	9	11	1	19	10	25	4	19	8	10	13	26	16	15	1	13	
1msk	37	2	23	30	13	19	9	12	17	25	6	13	18	10	20	12	17	23	8	17	
1mut	9	0	4	18	7	10	3	9	8	11	4	6	9	5	7	2	4	7	5	1	
1mxa	38	4	27	26	13	34	9	26	20	28	9	7	18	17	18	20	24	29	4	12	
1nox	32	0	7	17	3	13	4	8	6	30	3	1	15	8	21	7	3	16	4	7	
1npk	12	0	5	13	8	16	3	8	11	13	2	7	9	1	8	10	6	18	1	3	
1oac	110	0	116	78	48	112	40	88	98	90	44	78	92	54	54	50	98	120	32	52	
1ofg	252	24	132	108	60	186	42	144	102	144	96	108	138	114	156	120	96	132	18	114	
1ord	126	12	106	98	84	100	36	88	88	104	26	88	74	56	62	62	64	94	14	78	
1otf	30	0	12	42	6	24	6	36	18	30	12	12	24	18	36	18	18	24	0	6	
1otg	39	3	15	30	27	21	21	21	15	45	12	15	15	15	18	18	18	18	6	3	
1oun	16	6	20	8	16	16	10	24	12	20	10	10	10	26	4	16	10	8	6	6	
1pax	23	2	22	20	10	25	8	26	34	41	9	18	15	16	10	23	19	21	2	17	
1pba	3	0	7	12	5	2	5	5	4	6	0	5	2	4	3	5	3	8	1	1	
1pbe	36	5	19	34	12	34	9	18	12	46	6	4	17	15	38	19	20	28	6	16	
1pda	34	4	19	24	3	28	5	19	8	42	6	11	16	10	27	16	10	24	2	5	
1pil	8	1	12	8	5	10	1	14	10	4	3	0	3	2	7	0	9	13	0	2	
1pkp	15	0	4	11	4	18	3	14	12	11	2	7	7	2	11	6	6	17	0	0	
1plq	13	4	27	19	17	12	2	24	18	32	6	6	8	9	8	24	12	13	0	4	
1pma	532	14	350	420	168	504	28	462	392	532	224	182	154	336	322	364	364	588	0	280	
1pmd	52	0	39	44	24	54	5	40	42	48	23	37	28	37	19	52	57	44	5	25	
1pne	11	3	8	4	5	16	2	7	9	11	6	6	4	4	5	9	12	11	2	4	
1pnk	69	0	48	35	30	57	13	30	41	56	18	42	40	49	32	42	55	50	28	31	
1prt	172	52	72	98	64	158	32	78	64	148	58	54	106	68	124	132	138	134	12	124	
1psd	90	8	38	54	26	68	26	56	46	98	16	42	34	26	30	48	36	56	2	18	
1ptf	9	0	4	9	2	9	2	6	7	7	4	3	1	3	1	6	6	8	0	1	
1pya	81	6	75	66	24	84	6	60	60	57	33	36	54	27	33	63	48	51	18	45	
1qap	66	6	50	40	20	46	14	24	16	70	6	24	18	24	46	14	40	56	6	6	
1qba	81	6	69	44	38	72	16	33	60	63	16	31	45	48	45	46	35	59	19	32	
1raa	88	10	60	48	34	42	30	54	52	106	20	52	38	40	46	62	50	68	4	22	
1reg	4	2	14	22	10	12	6	20	28	24	12	10	6	10	14	6	14	16	6	8	
1ris	8	0	5	11	2	3	0	5	4	12	3	7	5	6	12	2	0	10	1	5	
1scu	152	20	64	92	38	168	22	106	92	104	28	40	58	48	44	38	82	124	6	26	
1sei	18	0	10	22	4	22	4	32	22	22	6	10	10	6	22	8	12	20	0	10	
1set	92	4	30	94	24	56	16	20	36	116	18	18	56	32	80	28	24	54	12	32	
1sha	5	3	4	7	5	7	3	3	7	12	1	5	4	4	8	9	8	6	1	7	
1sly	69	2	32	38	17	35	3	24	26	54	22	31	28	42	47	35	36	29	19	29	
1smn	52	8	36	16	12	32	10	24	30	40	4	34	30	16	18	34	38	28	12	16	
1spb	48	0	13	11	6	36	8	14	25	16	6	19	15	13	2	42	16	38	3	13	
1srs	20	12	4	8	6	22	2	10	24	18	6	4	6	6	12	12	35	8	0	6	
1sso	3	0	3	6	2	7	0	3	13	3	2	0	1	3	2	3	3	5	1	2	
1std	7	1	17	12	9	13	6	8	14	11	6	1	5	6	11	10	10	11	7	7	
1stu	4	1	0	7	2	6	3	6	9	4	3	3	2	2	3	3	3	7	0	0	
1tbd	8	3	4	9	11	4	6	7	11	14	2	8	6	1	5	15	7	6	0	7	
1tfe	14	3	4	19	5	7	4	13	11	13	5	7	4	9	9	1	1	12	0	4	
1tif	7	1	5	7	3	3	0	7	9	6	2	4	3	6	8	2	0	4	0	1	
1tig	8	1	6	7	4	4	2	6	13	7	2	6	3	2	8	2	5	8	0	0	
1tpt	56	2	33	24	16	39	6	27	22	37	19	12	15	11	24	23	29	34	2	9	
1tys	13	4	21	13	13	18	11	16	12	28	7	11	14	16	13	11	14	13	7	9	
1uae	47	6	23	29	11	40	9	31	20	38	10	12	16	12	25	17	27	39	2	5	
1ubi	2	0	5	6	2	6	1	7	7	9	1	2	3	6	4	3	7	4	0	1	
1udi	25	6	17	22	9	18	11	16	11	33	7	14	26	8	23	20	19	27	8	7	
1upl	42	6	36	62	44	16	14	44	64	86	18	36	22	40	30	36	34	28	2	22	
1vao	62	8	72	54	42	94	30	70	60	102	42	56	72	36	54	66	46	84	28	42	
1vcc	3	0	6	4	5	4	3	2	5	7	2	4	3	3	4	3	5	8	1	5	
1vhh	14	2	10	14	4	10	6	7	14	11	3	8	6	3	12	10	9	9	3	7	
1vig	3	0	5	5	1	4	3	9	6	5	1	5	3	4	6	5	0	4	0	2	
1vjw	7	6	8	4	1	5	0	2	4	4	1	1	4	2	1	2	2	6	0	0	
1xer	8	7	7	4	3	9	4	7	5	2	1	6	11	3	2	3	3	14	1	3	
1xxa	48	0	48	24	18	36	6	42	18	72	6	18	18	12	6	18	36	30	0	12	
1ytb	52	10	10	20	24	36	4	34	32	30	8	8	16	10	22	22	40	28	0	12	
1yua	11	1	8	11	6	8	0	0	12	9	2	3	11	4	9	6	5	9	2	5	
2act	18	7	16	11	5	28	1	17	6	8	2	12	7	10	5	12	18	17	6	14	
2baa	35	7	14	4	13	30	5	11	7	9	2	8	14	11	14	16	13	12	6	12	
2bop	8	10	3	2	7	12	3	4	4	5	1	5	4	6	6	6	9	4	1	2	
2chs	72	24	84	144	12	60	36	84	108	156	84	24	72	96	84	36	144	168	12	24	
2cmd	34	3	12	19	10	36	2	17	21	33	4	11	13	15	9	17	18	34	0	4	
2glt	22	4	20	27	11	25	4	26	18	33	10	12	17	11	19	10	19	15	4	9	
2kau	88	9	45	49	23	73	28	54	25	58	23	25	41	26	40	29	49	68	7	13	
2ms2	42	6	12	15	12	27	0	24	18	21	6	30	18	18	12	39	27	42	6	12	
2phy	9	1	12	7	9	13	2	5	11	7	5	6	4	5	2	5	7	9	1	5	
2pol	56	8	38	58	28	50	14	30	24	86	30	28	40	32	50	46	36	62	2	14	
2reb	38	3	20	30	10	35	2	27	27	31	9	15	10	13	14	20	17	22	2	7	
2sic	53	4	15	10	6	44	8	13	13	23	8	21	21	11	6	45	21	43	4	13	
2vik	6	1	4	9	4	14	3	6	10	7	4	4	3	8	4	10	9	9	2	9	
3fib	16	4	21	9	16	28	6	13	20	12	5	15	7	11	6	14	17	6	10	13	
3pmg	98	10	70	60	62	100	20	90	76	82	22	52	48	38	50	70	60	76	8	30	
3rub	51	12	31	44	26	52	15	27	34	51	12	20	29	20	34	22	34	45	13	28	
4kbp	96	4	88	84	100	108	68	88	92	72	36	84	96	52	112	144	116	120	52	116	
7rsa	12	8	5	5	3	3	4	3	10	2	4	10	4	7	4	15	10	9	0	6	
