id	volume	surface_area	spherecity
119l	23862.25	7122.75	0.5627437549516224
193l	17686.25	5361.8	0.612252669336155
1ab8	49115.75	13553.5	0.47853442374756966
1af5	18788.5	6458.84	0.5291648696773076
1afi	15705.375	3997.1	0.7587603904190451
1ag2	15682.625	5116.84	0.5921450811425767
1ah6	29465.25	8274.81	0.5575273549338818
1ahq	18956.375	5694.67	0.6037434377009725
1aih	97728.625	26684.8	0.38450444497959135
1ako	39905.625	10577.8	0.5338814745697026
1aor	173290.375	32875.9	0.45721741946210454
1aps	21259	5337.2	0.6953431839032967
1apy	82254.875	17728.3	0.5159308098671251
1ast	28401.375	7623.59	0.5904967390396304
1atl	58256.375	15172	0.4790015609329169
1bia	40814.25	11473.2	0.4996594518883148
1bnc	123244.5	31042.7	0.3858066136462236
1bpl	67510.375	15345.5	0.5224965509107407
1bvl	62085	16077.2	0.4716264648754578
1cby	33341.375	10169.5	0.4926141260523039
1cdl	89891.375	25885.1	0.3748978586715989
1cew	15573.25	5665.65	0.5322968376793402
1chk	65354.5	17712.5	0.44298388292573376
1chm	116509.75	24856.3	0.4641116707897733
1ckm	95081.625	26059.6	0.386587175636089
1coy	69301.5	15800.6	0.516383435173091
1crk	221889.5	56892.2	0.31154627584693373
1cse	44188.5	10493.5	0.5760187194740168
1ctf	9033.375	3212.62	0.652917223938092
1ctn	75162.625	18242.6	0.472134078039841
1dap	89786.125	22439	0.43213566579551355
1dar	87597.875	24193.7	0.3942553064524978
1dco	117374.375	29886.4	0.38790559907360356
1def	34205.5	7768.06	0.6559974964608367
1dik	121075.25	29791.2	0.3972827518572223
1div	21013.625	7581.69	0.4857193666505956
1ebh	121243.375	26405.1	0.4486437817520978
1efn	46097	13711.8	0.4534242703371491
1ema	31576.125	9085.24	0.5317656440879535
1esf	68869.625	19035.7	0.42684193985721886
1ezm	40580	9911.04	0.5761995624137574
1fca	6878.375	2680.8	0.6524445523231821
1fd2	14649.125	4612.04	0.6277675303710789
1fim	13968.625	4878.78	0.574921648381699
1fjm	83429.625	20214.4	0.45677619630065547
1fkd	15210	4952.38	0.5994546125077865
1frd	13519.25	4276.45	0.641754799562124
1fro	102537.125	27501.3	0.38522842501930316
1fwp	9102.25	3232.96	0.6521031523256617
1gal	79832.75	17510.8	0.5120340747300298
1gbs	25915.375	7128.09	0.5941315498373567
1gdl	21683.25	6704.44	0.5608816100796582
1ges	125505.25	30696.9	0.39490945689230533
1ggt	209698.625	50145.8	0.34039247362600156
1gmp	26626.125	9023.41	0.4778798784736628
1gnd	64365.875	16817.2	0.4618499353223835
1gpm	290112	72552.8	0.2921059537733095
1grj	21211.375	7452.42	0.49723995280916733
1grl	458163.25	131189	0.21907872436092193
1gtp	653756.5	148973	0.24452348353006928
1gtq	40353.25	13069.9	0.435308891977789
1gua	35851.75	10634.8	0.49441886950038855
1han	40034.375	10217.1	0.5539176228593494
1hfc	22118.75	6532.37	0.5833381799168483
1hqi	32928.25	7228.34	0.6873184243822973
1hum	20378.125	7377.65	0.48903756943480664
1hxp	97335.75	23032	0.44429087376036897
1iba	16144.375	4470.57	0.6909851536338817
1igd	8317.375	3274.58	0.6062513351308525
1kap	63529	15943.5	0.48292735309364615
1kif	400986.875	95486.6	0.2753986455543839
1kpa	31952.375	8051.58	0.6047907058662424
1kpt	27554.625	8023.62	0.5498490034797378
1kuh	17770.875	5295.06	0.621945667736042
1kvd	35732.125	9372.83	0.5597394897527388
1lba	20866.5	6259.56	0.5855626816788158
1lbu	28039.625	7722.29	0.57798888265636
1lgr	757848.625	152326	0.2638953461052983
1lit	18125	5600.95	0.5957642500681466
1lml	63771.25	16794.3	0.4596269699997115
1lts	110748.875	25648.1	0.43483231183224486
1mbb	48002.5	13296.3	0.48039213670189485
1mka	49024.125	12379	0.5232852125967289
1mla	41364.375	10167.2	0.5688971206345713
1mli	51966.125	41236.7	0.16331037539211046
1mng	60076.5	15029.2	0.4935729414053259
1mol	28485.375	8986.29	0.5019398257660971
1mrj	35435.5	9414.01	0.5542025409953941
1msk	47390.375	12849.5	0.4928612332161572
1mut	33964.5	7377.03	0.687521143578979
1mxa	52992.375	13083.9	0.5214617980336131
1nox	29351.5	9758.8	0.471528456683247
1npk	20655.75	6619.92	0.549952730328714
1oac	212759.875	47494.1	0.36288661244484033
1ofg	317446.375	74427.5	0.3023645982094289
1ord	213779.875	44850.7	0.38550153483565636
1otf	51846.25	12649.8	0.5315515210213311
1otg	55133.75	13043.4	0.5370792000696496
1oun	36116.75	10226.8	0.516674233435434
1pax	51380	13972.6	0.4783395581633461
1pba	27097.875	6468.42	0.6744908617010246
1pbe	56852	14859	0.48119935896003224
1pda	41742.25	11155.8	0.5216357022333917
1pil	16089.875	6268.02	0.49172489672159936
1pkp	19759.875	6115.01	0.5780202874311385
1plq	37175.25	10806.1	0.4984838290400597
1pma	870444.625	196967	0.22382989256123928
1pmd	37628.125	28368.7	0.19141960188497675
1pne	18979.25	5812.09	0.5920219715163499
1pnk	109856.375	25330.2	0.43792090932225014
1prt	267685.625	63010.4	0.3187781807510079
1psd	113885.25	29109.9	0.39032083188097133
1ptf	11742.375	3695.19	0.6761109678637692
1pya	131795	28604.5	0.4378402872519868
1qap	82433.375	21183.8	0.43239664060134925
1qba	125925.625	27113.9	0.4480930534148347
1raa	134638.375	35801.5	0.3548369267639144
1reg	37438	11159.1	0.4849869451373872
1ris	15102.125	4917.69	0.6008254909109099
1scu	181394.25	45278.5	0.34224814620647537
1sei	38119.5	11633.6	0.4708343370745491
1set	123579.5	31128.5	0.385440092351261
1sha	15497.875	5169.82	0.5814648566534477
1sly	89769.25	24797.7	0.3909829215188585
1smn	67191.75	16150.5	0.49489012427524787
1spb	43624.5	10946.5	0.5474727214317627
1srs	36052.5	11525.5	0.4579112075616702
1sso	9777.25	4182.98	0.5286190580651237
1std	24390.25	7546.4	0.5389582667788115
1stu	16977.875	4438.08	0.7197989673531988
1tbd	19636	6232.89	0.5647158939328313
1tfe	20704.875	7101.57	0.5134657669939682
1tif	11558.375	4252.6	0.581336301734241
1tig	13068.25	4364.51	0.614742993708074
1tpt	24755.75	18478.1	0.2223024267328407
1tys	39055.75	10508.9	0.5297246547157075
1uae	57795.375	13237.6	0.5460975917316414
1ubi	11130.125	3757.95	0.6415046690883822
1udi	45549.5	11752.1	0.5248369331004141
1upl	92490.625	28332.4	0.3490861105506298
1vao	159255.375	34822.2	0.4080286437025065
1vcc	11386.625	4023.81	0.60828905798195
1vhh	22428.125	6392.64	0.6016342084299307
1vig	22879.375	5712.5	0.6822664503472072
1vjw	7623.5	2817.07	0.664950661358329
1xer	13669.5	4383.23	0.6307514887694723
1xxa	59079.5	15458.2	0.4745512008545433
1ytb	71406.375	21619.1	0.3850092571124887
1yua	36045.875	9112.28	0.5791096252170553
2act	29144.375	7697.34	0.5949949575672183
2baa	32543	8565.1	0.5755151282728992
2bop	17360.875	7045.19	0.4602274178491055
2chs	207055	50384.6	0.3359258755333601
2cmd	43249	11049.8	0.5392379147773568
2glt	44081.375	11776.4	0.5124383975647282
2kau	106326.625	25160.8	0.43137439662502924
2ms2	52251.125	20692.8	0.3266344302057489
2phy	18055	5441.51	0.6116406691866986
2pol	106183	27918	0.38842139996214414
2reb	42068.5	12610	0.4638815034182124
2sic	48731.375	12076.2	0.5342685434512546
2vik	17952	6212.94	0.5336569766062254
3fib	36093.125	8942.88	0.590594926380718
3pmg	160700.375	37559.3	0.380578773119236
3rub	81322.375	19824.4	0.4578860808170643
4kbp	251580.875	53476.9	0.36038744239636583
7rsa	18037.75	5913.4	0.5624731248305227
