id	AA	BA	CA	DA	EA	FA	AB	BB	CB	DB	EB	FB	AC	BC	CC	DC	EC	FC	AD	BD	CD	DD	ED	FD	AE	BE	CE	DE	EE	FE	AF	BF	CF	DF	EF	FF	id	A	C	D	E	F	G	H	I	K	L	M	N	P	Q	R	S	T	V	W	Y	id	skewness	kurtosis	id	volume	surface_area	spherecity
119l	0	0	0	0	0	0	0	7	0	12	9	7	0	0	0	0	0	0	0	20	0	33	17	5	0	8	0	23	8	0	0	0	0	7	5	2	119l	15	0	10	8	5	11	1	10	13	16	5	12	3	5	13	7	12	9	3	6	119l	0.053275734186172485	-0.8131368757140204	119l	23862.25	7122.75	0.5627437549516224
193l	0	0	0	0	0	0	0	2	3	13	6	2	0	1	0	4	2	1	0	13	5	28	9	5	0	6	0	10	3	3	0	4	0	6	1	1	193l	12	8	7	2	3	12	1	6	6	8	2	14	2	3	11	10	7	6	6	3	193l	0.17406229488551617	-0.7322606300686916	193l	17686.25	5361.8	0.612252669336155
1ab8	0	0	0	0	0	0	0	16	0	40	30	8	0	4	0	4	2	0	0	38	4	72	50	20	0	22	6	54	24	6	0	14	0	14	6	4	1ab8	26	10	24	30	18	32	10	32	30	38	12	22	12	18	12	36	28	30	2	18	1ab8	0.012735294799009964	-0.4268295848230439	1ab8	49115.75	13553.5	0.47853442374756966
1af5	0	0	0	0	0	0	0	5	0	17	7	2	0	0	0	0	1	0	0	13	1	15	20	2	0	10	0	9	7	10	0	3	0	10	1	1	1af5	6	1	8	6	8	7	2	9	14	18	0	5	5	12	4	9	5	9	2	5	1af5	-0.07703550656636556	-0.6577357635693889	1af5	18788.5	6458.84	0.5291648696773076
1afi	0	0	0	0	0	0	0	1	0	4	3	2	0	0	0	2	0	0	0	7	2	18	12	1	0	1	0	14	1	0	0	0	0	3	0	0	1afi	10	2	4	3	2	4	0	1	9	3	1	0	3	3	1	5	9	11	0	1	1afi	0.03981085140258074	-0.8793952548784286	1afi	15705.375	3997.1	0.7587603904190451
1ag2	0	0	0	0	0	0	0	10	0	12	4	2	0	1	0	0	1	0	0	7	0	12	10	7	0	5	2	8	4	2	0	5	0	5	2	3	1ag2	2	2	5	7	3	6	3	3	4	2	7	8	3	8	6	4	9	9	1	11	1ag2	0.07569548239310582	-0.8981640563617842	1ag2	15682.625	5116.84	0.5921450811425767
1ah6	0	0	0	0	0	0	0	11	0	25	13	3	0	0	0	0	0	0	0	19	0	33	30	6	0	17	0	23	13	8	0	5	0	6	6	1	1ah6	13	0	12	23	11	12	1	21	16	21	5	8	7	9	10	17	12	15	1	6	1ah6	-0.2467508583019177	-0.3696734555822941	1ah6	29465.25	8274.81	0.5575273549338818
1ahq	0	0	0	0	0	0	0	4	0	17	7	5	0	2	0	0	0	0	0	16	1	24	14	5	0	8	1	13	5	2	0	3	0	6	3	0	1ahq	11	2	11	10	6	7	3	8	14	5	3	5	4	7	5	10	7	13	1	5	1ahq	0.02534327780206998	-0.7672220729803346	1ahq	18956.375	5694.67	0.6037434377009725
1aih	0	0	0	0	0	0	0	16	4	72	16	24	0	4	0	0	4	0	0	64	0	132	84	28	0	48	4	60	48	8	0	0	0	44	16	0	1aih	52	8	24	56	36	28	24	36	36	80	24	40	32	16	44	44	48	28	4	20	1aih	0.13157541033190984	-0.40245178195101894	1aih	97728.625	26684.8	0.38450444497959135
1ako	0	0	0	0	0	0	0	14	0	27	16	6	0	1	1	1	0	0	0	27	1	46	28	12	0	16	1	24	14	5	0	5	0	15	3	4	1ako	15	3	19	21	14	19	8	16	13	23	8	12	16	11	21	11	11	14	5	8	1ako	0.05439716523202757	-0.6783490284568546	1ako	39905.625	10577.8	0.5338814745697026
1aor	0	0	0	0	0	0	0	48	2	108	48	24	0	0	0	8	4	0	0	112	6	248	154	52	0	52	2	152	54	24	0	18	2	56	26	8	1aor	102	12	64	104	32	134	22	76	94	116	30	54	64	8	52	44	60	64	16	62	1aor	0.040405653727551304	-0.7608149841662857	1aor	173290.375	32875.9	0.45721741946210454
1aps	0	0	0	0	0	0	0	4	0	7	6	1	0	0	0	0	1	0	0	8	0	24	10	6	0	2	0	15	1	2	0	4	1	3	2	0	1aps	3	1	3	7	4	8	0	3	9	3	2	5	3	3	7	13	6	12	2	4	1aps	-0.112587920576334	-0.7950166052210161	1aps	21259	5337.2	0.6953431839032967
1apy	0	0	0	0	0	0	0	16	10	54	22	4	0	6	0	6	4	2	0	60	6	154	60	28	0	14	2	64	32	10	0	10	0	32	2	4	1apy	66	18	32	30	24	60	14	34	26	32	18	26	32	18	24	44	46	38	8	16	1apy	-0.05340654651323955	-0.3947137837554804	1apy	82254.875	17728.3	0.5159308098671251
1ast	0	0	0	0	0	0	0	12	0	15	14	4	0	1	0	3	0	0	0	15	1	30	18	14	0	9	2	20	9	6	0	8	1	11	4	2	1ast	10	4	13	11	6	17	7	16	3	12	6	10	5	11	6	17	14	12	3	17	1ast	0.12180287142594655	-0.7457823207962928	1ast	28401.375	7623.59	0.5904967390396304
1atl	0	0	0	0	0	0	0	18	2	38	32	6	0	4	0	0	4	0	0	38	0	60	48	12	0	30	6	44	22	8	0	8	0	14	4	4	1atl	18	8	28	26	12	22	18	28	16	50	14	28	14	16	22	28	20	18	4	14	1atl	-0.07388150319457054	-0.7288365790353888	1atl	58256.375	15172	0.4790015609329169
1bia	0	0	0	0	0	0	0	15	0	26	22	3	0	0	0	1	0	0	0	29	0	55	44	9	0	17	1	46	24	7	0	5	0	8	6	2	1bia	28	1	16	21	8	35	2	27	18	43	8	13	11	16	20	14	9	18	7	6	1bia	-0.019798970470825832	-0.7820386606542242	1bia	40814.25	11473.2	0.4996594518883148
1bnc	0	0	0	0	0	0	0	36	0	80	50	10	0	4	0	8	4	0	0	78	8	186	124	20	0	50	6	106	42	24	0	8	2	34	10	6	1bnc	90	16	42	70	28	86	24	86	50	56	28	36	42	28	58	36	30	60	2	30	1bnc	0.07981127128005028	-0.7463201667550488	1bnc	123244.5	31042.7	0.3858066136462236
1bpl	0	0	0	0	0	0	0	12	0	54	24	16	0	0	0	0	0	0	0	52	0	97	39	32	0	25	0	38	14	11	0	17	0	31	11	8	1bpl	35	0	37	25	20	45	24	20	28	29	7	25	15	20	21	26	27	32	17	30	1bpl	0.13323802935580412	-0.8416360971326875	1bpl	67510.375	15345.5	0.5224965509107407
1bvl	0	0	0	0	0	0	0	8	2	38	16	4	0	0	0	4	0	4	0	34	6	114	54	24	0	14	0	56	12	6	0	16	0	16	6	12	1bvl	22	8	22	10	12	44	4	18	16	36	6	12	20	28	26	54	46	28	12	26	1bvl	0.025013363066439833	-0.7995193715291681	1bvl	62085	16077.2	0.4716264648754578
1cby	0	0	0	0	0	0	0	13	0	16	25	10	0	0	0	1	0	0	0	26	1	34	24	8	0	18	0	34	18	3	0	6	0	8	7	6	1cby	18	1	9	11	15	7	7	23	15	23	5	29	8	15	3	21	14	23	3	9	1cby	0.19918168491373459	-0.5008110861873436	1cby	33341.375	10169.5	0.4926141260523039
1cdl	0	0	0	0	0	0	0	48	0	108	32	16	0	0	0	0	0	0	0	80	0	92	80	16	0	56	0	52	24	12	0	20	0	16	8	0	1cdl	56	0	68	84	32	52	8	36	36	40	36	24	8	28	40	24	52	32	4	8	1cdl	-0.07884438518279543	-0.9692302666223083	1cdl	89891.375	25885.1	0.3748978586715989
1cew	0	0	0	0	0	0	0	7	2	6	8	1	0	0	0	4	0	0	0	7	2	21	10	5	0	6	0	10	6	3	0	3	0	5	1	0	1cew	7	4	5	8	3	5	1	6	7	8	2	4	5	7	6	10	5	9	1	5	1cew	0.18790272623300552	-0.9655654607249436	1cew	15573.25	5665.65	0.5322968376793402
1chk	0	0	0	0	0	0	0	22	0	44	28	6	0	0	0	0	0	2	0	52	2	134	34	20	0	18	0	38	18	12	0	8	0	26	6	4	1chk	54	2	44	20	16	50	10	18	34	38	10	18	22	18	18	24	32	20	6	22	1chk	0.02123045618645847	-0.8228726732874343	1chk	65354.5	17712.5	0.44298388292573376
1chm	0	0	0	0	0	0	0	34	0	80	50	10	0	2	0	6	0	2	0	72	6	142	84	44	0	54	2	84	50	6	0	14	2	34	12	10	1chm	80	10	56	54	26	56	30	58	24	64	24	40	30	26	58	30	40	50	10	36	1chm	-0.021606196959813435	-0.7222362141172152	1chm	116509.75	24856.3	0.4641116707897733
1ckm	0	0	0	0	0	0	0	22	0	56	38	18	0	2	0	0	4	0	0	64	4	94	74	30	0	34	2	86	48	14	0	10	0	30	22	6	1ckm	26	6	50	38	44	40	14	58	62	56	20	34	32	12	30	24	38	52	6	18	1ckm	0.11829809254656234	-0.8215195712474086	1ckm	95081.625	26059.6	0.386587175636089
1coy	0	0	0	0	0	0	0	16	0	46	22	11	0	0	0	0	0	1	0	48	1	123	55	22	0	20	0	62	19	10	0	10	0	19	15	6	1coy	43	1	28	19	21	59	4	25	31	32	14	29	23	19	21	30	39	40	9	20	1coy	0.018308947483698528	-0.8474252906521301	1coy	69301.5	15800.6	0.516383435173091
1crk	0	0	0	0	0	0	0	76	4	124	76	36	0	16	0	12	0	4	0	120	16	336	180	40	0	80	12	172	64	32	0	24	0	48	40	4	1crk	76	32	112	100	52	116	44	68	104	140	36	64	88	40	124	72	72	116	20	44	1crk	-0.0149937969011565	-0.7155363246734686	1crk	221889.5	56892.2	0.31154627584693373
1cse	0	0	0	0	0	0	0	3	0	28	18	5	0	0	0	0	0	0	0	31	0	95	39	16	0	15	0	43	17	3	0	4	0	16	4	5	1cse	42	0	11	10	9	40	8	10	11	21	5	24	15	9	8	35	24	42	1	19	1cse	0.12087558582425117	-0.829637366949624	1cse	44188.5	10493.5	0.5760187194740168
1ctf	0	0	0	0	0	0	0	3	0	9	3	1	0	0	0	0	0	0	0	8	0	21	10	0	0	4	0	9	4	0	0	1	0	0	0	0	1ctf	17	0	4	11	1	6	0	2	11	7	0	1	1	0	1	2	2	8	0	0	1ctf	0.09348669896523158	-0.8410428081772169	1ctf	9033.375	3212.62	0.652917223938092
1ctn	0	0	0	0	0	0	0	15	2	50	29	18	0	0	0	2	2	0	0	60	2	117	48	26	0	25	0	51	23	10	0	13	0	34	7	5	1ctn	50	4	37	19	25	60	6	24	40	40	10	33	23	25	11	30	34	35	14	20	1ctn	0.2701924939950307	-0.6541965147491081	1ctn	75162.625	18242.6	0.472134078039841
1dap	0	0	0	0	0	0	0	24	0	68	38	12	0	2	0	2	2	0	0	62	2	154	62	22	0	42	2	56	26	12	0	12	2	22	10	4	1dap	68	6	58	32	30	50	26	30	22	40	16	22	28	30	38	26	44	54	4	16	1dap	-0.02796846441924572	-0.5421688122385477	1dap	89786.125	22439	0.43213566579551355
1dar	0	0	0	0	0	0	0	23	0	65	47	8	0	0	0	1	0	0	0	66	0	133	91	21	0	41	0	91	41	15	0	12	1	21	10	3	1dar	50	1	40	66	22	59	14	56	42	49	20	13	38	24	42	22	44	64	3	22	1dar	0.11617641399304073	-0.8265525848607167	1dar	87597.875	24193.7	0.3942553064524978
1dco	0	0	0	0	0	0	0	32	0	88	40	32	0	8	0	0	0	0	0	72	8	128	120	32	0	56	0	96	8	16	0	24	0	40	16	8	1dco	88	8	40	72	64	40	48	32	40	80	24	48	16	32	56	40	32	48	16	8	1dco	-0.007803671256018179	-0.7702163584257684	1dco	117374.375	29886.4	0.38790559907360356
1def	0	0	0	0	0	0	0	8	0	14	15	2	0	0	0	1	1	0	0	20	0	15	16	1	0	10	2	21	13	2	0	1	0	1	3	0	1def	10	2	11	19	3	8	4	14	7	17	4	3	6	6	10	5	3	13	0	2	1def	-0.07911977253819781	-0.7841827183154212	1def	34205.5	7768.06	0.6559974964608367
1dik	0	0	0	0	0	0	0	42	2	84	50	14	0	1	1	8	2	1	0	84	8	173	97	35	0	51	1	99	40	12	0	14	1	32	15	6	1dik	85	13	49	87	40	74	16	47	62	59	39	28	36	28	39	33	52	59	5	23	1dik	-0.11962280422449112	-0.8367437428414993	1dik	121075.25	29791.2	0.3972827518572223
1div	0	0	0	0	0	0	0	5	0	22	6	0	0	0	0	0	0	0	0	17	0	29	25	4	0	10	0	21	1	2	0	1	0	2	3	0	1div	19	0	4	13	4	11	3	8	23	17	1	6	4	10	4	3	8	9	0	2	1div	-0.2897508057455222	-0.9772978580573953	1div	21013.625	7581.69	0.4857193666505956
1ebh	0	0	0	0	0	0	0	36	0	84	42	6	0	2	0	0	0	0	0	68	2	230	104	34	0	50	0	96	40	16	0	12	0	30	14	4	1ebh	110	2	62	50	32	74	22	44	74	80	10	38	30	18	28	62	40	68	10	18	1ebh	0.028323616832494732	-0.7470273862802277	1ebh	121243.375	26405.1	0.4486437817520978
1efn	0	0	0	0	0	0	0	22	0	42	20	12	0	0	0	2	0	2	0	40	2	64	46	24	0	18	0	44	12	12	0	14	2	26	8	6	1efn	26	4	26	44	20	28	18	12	18	42	4	12	30	14	20	22	18	28	14	22	1efn	0.06549740551660459	-0.6320118646824567	1efn	46097	13711.8	0.4534242703371491
1ema	0	0	0	0	0	0	0	10	0	26	14	4	0	1	0	0	1	0	0	26	1	39	23	14	0	10	0	26	12	5	0	7	1	11	4	2	1ema	8	2	18	16	13	22	10	12	20	19	6	13	10	7	7	10	16	17	1	11	1ema	0.10354162255922954	-0.7702464278525333	1ema	31576.125	9085.24	0.5317656440879535
1esf	0	0	0	0	0	0	0	28	0	48	34	16	0	2	0	2	0	0	0	54	2	80	24	22	0	34	2	38	14	8	0	8	0	14	24	10	1esf	14	4	34	30	16	30	12	20	48	46	4	38	8	24	14	24	34	26	4	36	1esf	-0.022822142889102302	-0.8634554957205576	1esf	68869.625	19035.7	0.42684193985721886
1ezm	0	0	0	0	0	0	0	13	1	24	13	7	0	0	0	4	0	0	0	27	3	76	19	20	0	11	0	24	10	6	0	7	0	18	8	9	1ezm	27	4	22	9	16	33	7	9	11	14	9	20	10	7	15	25	18	19	4	22	1ezm	0.06129843431214491	-0.8049449251777538	1ezm	40580	9911.04	0.5761995624137574
1fca	0	0	0	0	0	0	0	1	1	3	6	0	0	2	0	5	1	0	0	8	5	7	2	0	0	0	2	5	2	2	0	0	0	2	0	0	1fca	9	8	5	3	0	5	0	5	0	0	0	1	4	2	1	3	1	6	0	2	1fca	-0.03517286106944084	-0.9552794111499366	1fca	6878.375	2680.8	0.6524445523231821
1fd2	0	0	0	0	0	0	0	7	1	15	8	2	0	6	0	1	1	0	0	10	3	7	9	3	0	7	3	7	3	3	0	3	1	2	2	1	1fd2	8	8	11	14	5	3	2	6	6	7	1	4	9	4	1	1	3	9	2	2	1fd2	0.13394755497574806	-0.8559345313132067	1fd2	14649.125	4612.04	0.6277675303710789
1fim	0	0	0	0	0	0	0	3	0	14	2	2	0	0	0	1	2	0	0	10	3	21	16	3	0	5	0	12	5	4	0	3	0	5	1	1	1fim	12	3	5	2	4	9	3	6	3	11	1	8	7	6	4	10	6	8	1	5	1fim	0.043711685885985695	-0.7453840515861875	1fim	13968.625	4878.78	0.574921648381699
1fjm	0	0	0	0	0	0	0	24	2	66	38	16	0	8	2	0	12	4	0	54	14	114	54	30	0	42	6	58	38	12	0	18	2	26	16	8	1fjm	32	26	48	44	38	54	12	40	44	80	12	30	34	26	38	36	18	26	6	26	1fjm	-0.0017482632150252683	-1.0489337862141157	1fjm	83429.625	20214.4	0.45677619630065547
1fkd	0	0	0	0	0	0	0	3	0	8	5	3	0	0	0	1	0	0	0	9	0	28	11	5	0	5	1	10	7	1	0	1	0	7	1	0	1fkd	5	1	6	7	5	13	3	5	8	7	3	1	7	5	6	5	7	9	1	3	1fkd	-0.13134888807932535	-0.7520001487480984	1fkd	15210	4952.38	0.5994546125077865
1frd	0	0	0	0	0	0	0	11	0	6	9	1	0	1	0	3	1	0	0	8	3	16	7	3	0	7	2	7	4	2	0	0	0	5	1	0	1frd	4	5	8	10	3	7	2	8	5	7	1	3	3	6	2	8	7	6	0	3	1frd	-0.04634802540143331	-0.9005970694697543	1frd	13519.25	4276.45	0.641754799562124
1fro	0	0	0	0	0	0	0	44	4	80	28	8	0	0	4	12	0	0	0	84	8	116	84	32	0	20	0	84	28	20	0	16	0	36	8	12	1fro	48	16	72	44	36	48	12	36	72	68	24	24	48	24	20	40	40	24	12	24	1fro	-0.06193168150881925	-0.6636079753099422	1fro	102537.125	27501.3	0.38522842501930316
1fwp	0	0	0	0	0	0	0	9	0	13	6	1	0	0	0	0	1	0	0	11	0	37	21	0	0	9	0	18	9	1	0	0	1	1	0	0	1fwp	13	1	8	15	2	7	1	9	8	16	0	0	8	6	9	11	13	12	0	0	1fwp	0.0012017313080529373	-0.8060995132335321	1fwp	9102.25	3232.96	0.6521031523256617
1gal	0	0	0	0	0	0	0	21	0	53	34	13	0	0	0	3	0	0	0	53	3	134	56	28	0	28	0	61	31	9	0	18	0	24	8	5	1gal	58	3	36	30	18	57	19	26	15	49	11	33	25	22	22	37	42	43	10	27	1gal	0.005020438693463802	-0.8905864619599163	1gal	79832.75	17510.8	0.5120340747300298
1gbs	0	0	0	0	0	0	0	4	0	20	8	2	0	1	0	1	1	1	0	18	2	50	18	9	0	8	1	17	7	1	0	3	1	10	0	1	1gbs	15	4	12	6	3	21	5	13	18	7	3	8	5	8	11	9	14	11	3	9	1gbs	-0.0811478706697623	-0.7556871904997826	1gbs	25915.375	7128.09	0.5941315498373567
1gdl	0	0	0	0	0	0	0	6	0	14	6	4	0	0	0	0	0	0	0	11	0	33	20	5	0	12	0	15	12	2	0	1	0	7	3	1	1gdl	21	0	6	14	7	7	5	9	14	14	1	6	5	4	1	9	8	17	3	2	1gdl	-0.17373219629128775	-0.7836656259453926	1gdl	21683.25	6704.44	0.5608816100796582
1ges	0	0	0	0	0	0	0	34	0	68	52	22	0	2	0	8	2	0	0	84	4	188	108	34	0	40	8	122	40	12	0	16	0	30	22	2	1ges	84	12	50	62	32	92	26	66	46	54	26	46	42	18	32	32	64	78	6	32	1ges	-0.08924492945273717	-0.8693780456600542	1ges	125505.25	30696.9	0.39490945689230533
1ggt	0	0	0	0	0	0	0	76	2	124	90	32	0	2	0	10	4	2	0	136	4	264	142	68	0	80	6	152	74	40	0	30	6	66	40	10	1ggt	74	18	94	98	64	100	28	76	76	96	38	80	66	52	90	92	90	142	30	58	1ggt	-0.07130622894813618	-0.7053845075078949	1ggt	209698.625	50145.8	0.34039247362600156
1gmp	0	0	0	0	0	0	0	10	0	20	4	2	0	0	0	2	4	0	0	20	2	42	12	16	0	4	2	16	12	0	0	4	0	12	2	4	1gmp	12	6	14	10	6	16	4	10	0	12	0	4	12	10	10	14	24	12	0	16	1gmp	-0.07102593042266866	-0.8147061296231465	1gmp	26626.125	9023.41	0.4778798784736628
1gnd	0	0	0	0	0	0	0	22	3	41	23	12	0	1	0	5	3	1	0	42	3	74	41	19	0	28	4	39	28	12	0	7	0	20	17	1	1gnd	23	10	33	32	19	31	5	30	29	36	14	20	21	16	21	26	23	32	1	25	1gnd	-0.24872572844227156	-0.7149619901382893	1gnd	64365.875	16817.2	0.4618499353223835
1gpm	0	0	0	0	0	0	0	92	16	168	108	40	0	4	0	8	8	8	0	148	4	384	276	76	0	128	4	272	120	52	0	48	4	56	68	4	1gpm	160	28	136	172	92	172	60	124	96	184	60	60	92	56	128	96	84	212	32	56	1gpm	0.058081919948259994	-0.7467945499540328	1gpm	290112	72552.8	0.2921059537733095
1grj	0	0	0	0	0	0	0	14	1	19	9	1	0	0	0	0	0	1	0	14	0	25	20	4	0	11	0	17	11	2	0	5	0	2	1	0	1grj	14	1	11	20	5	11	2	14	10	11	3	7	5	6	10	5	6	14	0	3	1grj	0.18893652657667795	-0.7312729314823496	1grj	21211.375	7452.42	0.49723995280916733
1grl	0	0	0	0	0	0	0	189	0	336	259	28	0	14	0	7	0	0	0	350	14	847	567	42	0	224	7	574	252	21	0	35	0	56	0	7	1grl	518	21	245	322	49	420	7	224	280	287	161	133	98	112	147	119	231	413	0	49	1grl	-0.02382578430253835	-0.8928422629258895	1grl	458163.25	131189	0.21907872436092193
1gtp	0	0	0	0	0	0	0	200	20	320	320	0	0	0	0	20	0	20	0	340	0	960	620	100	0	220	20	680	260	80	0	80	0	60	60	20	1gtp	360	40	240	260	140	180	200	320	220	460	140	180	160	180	260	260	400	340	0	80	1gtp	0.006727093489219747	-0.5659460598954652	1gtp	653756.5	148973	0.24452348353006928
1gtq	0	0	0	0	0	0	0	16	2	22	14	4	0	0	0	2	0	0	0	14	0	50	38	12	0	22	0	36	20	4	0	4	0	4	12	2	1gtq	14	2	14	20	6	16	12	10	18	30	8	22	12	2	14	16	12	36	2	14	1gtq	0.1058143638074398	-0.7425807360442825	1gtq	40353.25	13069.9	0.435308891977789
1gua	0	0	0	0	0	0	0	14	3	24	19	4	0	5	1	1	0	1	0	21	2	36	25	6	0	17	2	25	16	6	0	7	0	4	6	1	1gua	13	8	17	17	10	15	3	11	16	26	7	13	5	17	15	12	12	23	2	6	1gua	0.014063517252604168	-0.7209667969780225	1gua	35851.75	10634.8	0.49441886950038855
1han	0	0	0	0	0	0	0	7	1	23	12	4	0	0	0	2	0	0	0	23	0	65	44	15	0	16	1	35	9	8	0	1	0	22	4	4	1han	36	2	25	11	18	27	10	10	10	25	8	4	11	7	18	20	16	26	5	8	1han	-0.033173625047008194	-0.5553499990044896	1han	40034.375	10217.1	0.5539176228593494
1hfc	0	0	0	0	0	0	0	10	0	19	7	6	0	0	0	0	0	0	0	17	0	35	17	10	0	12	0	13	4	1	0	3	0	11	3	0	1hfc	12	0	15	9	8	16	9	9	2	12	2	9	11	9	9	10	10	8	3	6	1hfc	0.005318373441696167	-0.7285341347154727	1hfc	22118.75	6532.37	0.5833381799168483
1hqi	0	0	0	0	0	0	0	13	0	4	10	2	0	0	0	0	0	0	0	8	0	12	7	1	0	6	0	8	9	3	0	1	0	4	1	0	1hqi	7	0	9	10	2	3	3	8	2	5	3	6	2	4	7	2	2	11	2	2	1hqi	-0.1208106431909578	-0.9620638223914485	1hqi	32928.25	7228.34	0.6873184243822973
1hum	0	0	0	0	0	0	0	2	0	12	8	6	0	0	2	2	4	0	0	12	4	34	4	4	0	6	0	8	4	6	0	6	2	4	4	2	1hum	10	8	8	8	6	2	0	0	6	8	2	4	12	8	6	16	8	14	2	10	1hum	-0.021285972868402794	-0.6579045423229011	1hum	20378.125	7377.65	0.48903756943480664
1hxp	0	0	0	0	0	0	0	26	2	84	12	22	0	4	0	4	4	0	0	74	6	150	74	28	0	30	0	52	34	16	0	12	4	42	8	6	1hxp	66	12	38	48	30	32	30	12	26	62	16	24	52	36	42	38	46	44	20	22	1hxp	-0.0407752338796854	-0.5669266769319536	1hxp	97335.75	23032	0.44429087376036897
1iba	0	0	0	0	0	0	0	6	0	8	4	0	0	0	0	1	0	0	0	4	0	34	13	4	0	6	1	10	3	1	0	2	0	1	2	0	1iba	13	1	6	5	4	10	6	4	8	6	3	5	1	2	4	7	6	9	0	1	1iba	-0.15308230889566016	-0.9506762530859955	1iba	16144.375	4470.57	0.6909851536338817
1igd	0	0	0	0	0	0	0	3	0	6	3	1	0	0	0	0	0	0	0	8	0	15	4	5	0	0	0	7	2	0	0	1	0	4	1	0	1igd	7	0	5	4	2	4	0	1	7	2	1	3	1	1	0	0	13	6	1	3	1igd	-0.02638399104277293	-0.9250012373120521	1igd	8317.375	3274.58	0.6062513351308525
1kap	0	0	0	0	0	0	0	24	0	58	20	7	0	0	0	0	0	0	0	49	0	109	43	31	0	24	0	37	17	10	0	12	0	28	8	4	1kap	58	0	43	12	23	56	7	19	17	41	2	29	11	25	8	51	25	27	7	22	1kap	0.0012009666922191756	-1.1712983539669435	1kap	63529	15943.5	0.48292735309364615
1kif	0	0	0	0	0	0	0	72	0	248	144	80	0	8	8	16	8	0	0	248	24	456	304	152	0	152	8	304	168	56	0	64	0	160	64	24	1kif	136	40	104	176	120	256	72	160	96	288	40	152	176	112	168	104	176	208	80	112	1kif	0.020420267091443144	-0.7329300845618429	1kif	400986.875	95486.6	0.2753986455543839
1kpa	0	0	0	0	0	0	0	16	0	24	4	2	0	0	0	4	0	0	0	16	2	56	34	10	0	14	2	26	22	2	0	0	0	8	6	0	1kpa	20	4	20	12	8	26	16	24	18	18	6	4	14	10	10	12	4	18	2	4	1kpa	0.0018104364474614484	-0.8231985778814708	1kpa	31952.375	8051.58	0.6047907058662424
1kpt	0	0	0	0	0	0	0	8	0	26	10	0	0	6	0	8	4	2	0	20	16	42	18	2	0	8	2	18	6	4	0	2	0	4	2	0	1kpt	10	20	6	4	0	30	4	8	2	14	2	22	4	12	16	20	12	16	2	6	1kpt	-0.02721020284419258	-0.6367815909817632	1kpt	27554.625	8023.62	0.5498490034797378
1kuh	0	0	0	0	0	0	0	8	0	16	3	7	0	0	0	2	0	0	0	18	2	31	9	4	0	5	0	8	2	2	0	3	0	7	3	1	1kuh	11	2	7	5	3	15	4	3	0	6	1	11	8	11	7	12	8	7	2	9	1kuh	-0.015460732082525889	-0.934991292957914	1kuh	17770.875	5295.06	0.621945667736042
1kvd	0	0	0	0	0	0	0	10	0	28	10	2	0	0	0	8	0	0	0	26	6	76	28	14	0	10	2	30	8	2	0	2	0	10	4	0	1kvd	32	8	20	6	8	50	4	18	16	14	6	16	8	8	6	22	14	14	8	2	1kvd	0.030406251782551408	-0.6506508617484605	1kvd	35732.125	9372.83	0.5597394897527388
1lba	0	0	0	0	0	0	0	5	0	15	4	5	0	0	0	2	1	0	0	14	2	35	17	3	0	8	1	11	7	3	0	2	0	8	1	1	1lba	13	3	9	9	5	13	7	6	11	10	2	5	4	6	9	9	6	12	4	3	1lba	0.04434292142589887	-0.8614541073436017	1lba	20866.5	6259.56	0.5855626816788158
1lbu	0	0	0	0	0	0	0	4	2	19	8	3	0	1	0	4	0	1	0	21	3	63	18	14	0	8	0	22	2	0	0	3	1	11	3	1	1lbu	30	6	11	4	8	31	7	7	5	11	4	11	8	11	10	15	13	10	4	7	1lbu	-0.12883593887090683	-0.6321165632414957	1lbu	28039.625	7722.29	0.57798888265636
1lgr	0	0	0	0	0	0	0	240	12	480	276	120	0	0	0	24	24	0	0	552	12	1308	576	204	0	276	12	612	264	108	0	60	12	240	120	72	1lgr	564	48	372	420	276	444	192	324	300	384	192	228	336	108	276	300	252	372	24	204	1lgr	-0.00013047270476818085	-0.42088512456975885	1lgr	757848.625	152326	0.2638953461052983
1lit	0	0	0	0	0	0	0	6	2	16	3	3	0	0	0	2	1	3	0	17	2	24	13	8	0	6	1	8	4	4	0	1	1	14	2	2	1lit	8	6	8	8	7	10	2	4	9	8	1	9	6	6	5	17	7	10	6	7	1lit	0.024553536127010982	-0.6345703078092545	1lit	18125	5600.95	0.5957642500681466
1lml	0	0	0	0	0	0	0	18	5	46	17	8	0	2	0	11	3	2	0	37	11	100	56	20	0	25	2	45	20	7	0	11	0	22	4	5	1lml	55	18	29	22	19	38	13	18	15	25	10	20	24	23	19	28	32	47	6	17	1lml	0.06324326992034912	-0.7491551998136589	1lml	63771.25	16794.3	0.4596269699997115
1lts	0	0	0	0	0	0	0	22	1	93	32	18	0	0	0	2	10	0	0	89	6	115	80	33	0	40	5	86	25	11	0	10	0	33	19	4	1lts	37	12	34	53	16	34	13	74	53	39	23	43	27	36	41	56	69	31	8	42	1lts	0.0476864081962655	-0.7974631034607478	1lts	110748.875	25648.1	0.43483231183224486
1mbb	0	0	0	0	0	0	0	18	1	31	21	6	0	2	0	1	3	0	0	33	4	57	38	14	0	17	1	41	19	6	0	7	0	15	4	2	1mbb	30	6	15	23	11	28	11	18	16	31	4	17	17	22	14	14	16	32	7	10	1mbb	-0.08157085999846458	-0.9403766901460461	1mbb	48002.5	13296.3	0.48039213670189485
1mka	0	0	0	0	0	0	0	4	0	32	16	6	0	0	0	4	0	0	0	28	2	66	40	14	0	24	2	30	28	8	0	2	0	18	10	6	1mka	20	4	24	18	20	48	4	12	22	40	14	8	14	8	18	8	16	28	6	10	1mka	0.004088773081700008	-0.7963854594177682	1mka	49024.125	12379	0.5232852125967289
1mla	0	0	0	0	0	0	0	10	2	21	17	7	0	0	0	4	1	0	0	29	3	74	36	9	0	12	0	45	16	3	0	6	0	7	6	0	1mla	54	5	11	21	8	24	4	9	14	26	11	9	17	16	8	14	16	31	4	7	1mla	0.23765127547085285	-0.8739269384311755	1mla	41364.375	10167.2	0.5688971206345713
1mli	0	0	0	0	0	0	0	20	0	80	80	10	0	0	0	0	10	0	0	90	10	150	110	60	0	70	0	150	20	10	0	10	0	30	40	0	1mli	70	10	90	50	30	30	60	30	50	110	50	10	60	40	60	50	40	70	20	30	1mli	0.023548661607007186	-0.5871697469296029	1mli	51966.125	41236.7	0.16331037539211046
1mng	0	0	0	0	0	0	0	18	0	26	28	12	0	0	0	0	0	0	0	38	0	76	42	22	0	20	0	46	16	10	0	8	0	30	6	6	1mng	38	0	18	28	18	34	22	14	28	46	6	20	26	18	12	6	14	26	12	20	1mng	0.09442692218969266	-0.7863846570090192	1mng	60076.5	15029.2	0.4935729414053259
1mol	0	0	0	0	0	0	0	14	0	14	4	12	0	0	0	2	0	0	0	10	0	34	20	12	0	12	2	16	6	2	0	8	0	10	8	0	1mol	6	2	10	18	10	16	0	16	18	12	2	10	12	6	14	4	8	8	2	14	1mol	0.0037676443656285592	-0.5917232963339094	1mol	28485.375	8986.29	0.5019398257660971
1mrj	0	0	0	0	0	0	0	11	0	20	11	5	0	0	0	0	0	0	0	22	0	49	33	9	0	12	0	32	14	5	0	3	0	11	5	4	1mrj	28	0	9	10	9	11	1	19	10	25	4	19	8	10	13	26	16	15	1	13	1mrj	-0.0682830015818278	-0.857867785556803	1mrj	35435.5	9414.01	0.5542025409953941
1msk	0	0	0	0	0	0	0	19	0	33	17	7	0	0	0	1	0	1	0	31	1	63	34	19	0	14	1	36	9	6	0	11	0	16	6	5	1msk	37	2	23	30	13	19	9	12	17	25	6	13	18	10	20	12	17	23	8	17	1msk	-0.106248389929533	-0.8689546325164367	1msk	47390.375	12849.5	0.4928612332161572
1mut	0	0	0	0	0	0	0	9	0	14	7	3	0	0	0	0	0	0	0	14	0	18	15	5	0	5	0	17	5	3	0	5	0	3	3	2	1mut	9	0	4	18	7	10	3	9	8	11	4	6	9	5	7	2	4	7	5	1	1mut	0.06516926656994554	-0.7847428025836608	1mut	33964.5	7377.03	0.687521143578979
1mxa	0	0	0	0	0	0	0	14	2	37	19	5	0	1	0	3	0	0	0	39	2	83	42	14	0	20	0	36	28	8	0	3	0	21	3	2	1mxa	38	4	27	26	13	34	9	26	20	28	9	7	18	17	18	20	24	29	4	12	1mxa	-0.0041599515825510025	-0.9314749274702273	1mxa	52992.375	13083.9	0.5214617980336131
1nox	0	0	0	0	0	0	0	5	0	15	11	2	0	0	0	0	0	0	0	24	0	45	22	10	0	4	0	28	22	2	0	0	0	12	2	0	1nox	32	0	7	17	3	13	4	8	6	30	3	1	15	8	21	7	3	16	4	7	1nox	-0.619130444402496	0.2870368484421821	1nox	29351.5	9758.8	0.471528456683247
1npk	0	0	0	0	0	0	0	1	0	19	3	3	0	0	0	0	0	0	0	14	0	34	22	4	0	9	0	16	13	3	0	1	0	6	3	2	1npk	12	0	5	13	8	16	3	8	11	13	2	7	9	1	8	10	6	18	1	3	1npk	0.07982838153839111	-0.698518404150692	1npk	20655.75	6619.92	0.549952730328714
1oac	0	0	0	0	0	0	0	74	0	136	80	36	0	0	0	0	0	0	0	148	0	290	154	60	0	56	0	174	86	26	0	48	0	52	22	10	1oac	110	0	116	78	48	112	40	88	98	90	44	78	92	54	54	50	98	120	32	52	1oac	-0.14923969035347306	-0.32573958256152746	1oac	212759.875	47494.1	0.36288661244484033
1ofg	0	0	0	0	0	0	0	120	18	168	120	36	0	6	0	12	6	0	0	216	6	534	216	114	0	72	0	270	144	30	0	48	0	108	30	6	1ofg	252	24	132	108	60	186	42	144	102	144	96	108	138	114	156	120	96	132	18	114	1ofg	0.08128718700673844	0.07731720113134262	1ofg	317446.375	74427.5	0.3023645982094289
1ord	0	0	0	0	0	0	0	72	8	148	68	52	0	2	0	0	6	4	0	166	2	254	124	64	0	62	2	142	76	30	0	44	0	68	38	26	1ord	126	12	106	98	84	100	36	88	88	104	26	88	74	56	62	62	64	94	14	78	1ord	-0.18742450202504796	-0.5045549392703794	1ord	213779.875	44850.7	0.38550153483565636
1otf	0	0	0	0	0	0	0	12	0	54	18	0	0	0	0	0	0	0	0	54	0	54	54	6	0	18	0	54	24	6	0	0	0	6	6	0	1otf	30	0	12	42	6	24	6	36	18	30	12	12	24	18	36	18	18	24	0	6	1otf	-0.01321831247251895	-0.909629335621095	1otf	51846.25	12649.8	0.5315515210213311
1otg	0	0	0	0	0	0	0	18	0	27	21	9	0	3	0	0	0	0	0	24	3	69	48	18	0	24	0	48	15	9	0	6	0	18	12	0	1otg	39	3	15	30	27	21	21	21	15	45	12	15	15	15	18	18	18	18	6	3	1otg	0.12835960711042085	-0.705952309255291	1otg	55133.75	13043.4	0.5370792000696496
1oun	0	0	0	0	0	0	0	18	0	24	10	12	0	0	0	4	2	0	0	28	2	30	28	6	0	14	4	22	12	8	0	4	0	12	10	2	1oun	16	6	20	8	16	16	10	24	12	20	10	10	10	26	4	16	10	8	6	6	1oun	0.12900293866793314	-0.6108971605686128	1oun	36116.75	10226.8	0.516674233435434
1pax	0	0	0	0	0	0	0	9	0	35	24	8	0	0	0	1	0	1	0	31	1	70	42	12	0	27	1	42	22	5	0	9	0	9	9	2	1pax	23	2	22	20	10	25	8	26	34	41	9	18	15	16	10	23	19	21	2	17	1pax	-0.07099124602973461	-0.8121309558990687	1pax	51380	13972.6	0.4783395581633461
1pba	0	0	0	0	0	0	0	10	0	8	8	2	0	0	0	0	0	0	0	4	0	12	7	3	0	9	0	6	3	1	0	4	0	1	1	1	1pba	3	0	7	12	5	2	5	5	4	6	0	5	2	4	3	5	3	8	1	1	1pba	-0.09275068235583603	-0.7726101773570789	1pba	27097.875	6468.42	0.6744908617010246
1pbe	0	0	0	0	0	0	0	7	2	39	20	4	0	1	0	2	2	0	0	39	2	81	47	16	0	19	1	46	21	10	0	5	0	17	8	4	1pbe	36	5	19	34	12	34	9	18	12	46	6	4	17	15	38	19	20	28	6	16	1pbe	-0.0034309054414431253	-1.0239982852792813	1pbe	56852	14859	0.48119935896003224
1pda	0	0	0	0	0	0	0	10	3	31	16	4	0	2	0	1	1	0	0	29	1	64	48	2	0	20	0	44	22	4	0	3	0	3	4	0	1pda	34	4	19	24	3	28	5	19	8	42	6	11	16	10	27	16	10	24	2	5	1pda	0.04853208611408869	-0.8823010190714764	1pda	41742.25	11155.8	0.5216357022333917
1pil	0	0	0	0	0	0	0	5	0	10	6	1	0	0	0	1	0	0	0	8	0	20	17	3	0	7	1	15	7	3	0	2	0	2	3	0	1pil	8	1	12	8	5	10	1	14	10	4	3	0	3	2	7	0	9	13	0	2	1pil	0.023357981195052464	-0.6777614851260751	1pil	16089.875	6268.02	0.49172489672159936
1pkp	0	0	0	0	0	0	0	3	0	12	8	1	0	0	0	0	0	0	0	11	0	42	22	3	0	10	0	19	14	0	0	0	0	4	0	0	1pkp	15	0	4	11	4	18	3	14	12	11	2	7	7	2	11	6	6	17	0	0	1pkp	-0.04795823494593302	-0.6475891278182783	1pkp	19759.875	6115.01	0.5780202874311385
1plq	0	0	0	0	0	0	0	12	1	20	20	8	0	2	0	2	0	0	0	24	2	33	32	6	0	14	1	33	20	6	0	8	0	9	3	1	1plq	13	4	27	19	17	12	2	24	18	32	6	6	8	9	8	24	12	13	0	4	1plq	0.023005348940690357	-0.41382280318113507	1plq	37175.25	10806.1	0.4984838290400597
1pma	0	0	0	0	0	0	0	322	14	420	462	70	0	14	0	0	0	0	0	490	0	1162	756	252	0	336	0	896	420	126	0	126	0	182	140	0	1pma	532	14	350	420	168	504	28	462	392	532	224	182	154	336	322	364	364	588	0	280	1pma	0.004522861092395729	-0.4657320070067416	1pma	870444.625	196967	0.22382989256123928
1pmd	0	0	0	0	0	0	0	32	0	82	30	13	0	0	0	0	0	0	0	68	0	135	79	26	0	43	0	65	32	15	0	13	0	27	14	0	1pmd	52	0	39	44	24	54	5	40	42	48	23	37	28	37	19	52	57	44	5	25	1pmd	-0.3307322710752487	-0.5842837405130757	1pmd	37628.125	28368.7	0.19141960188497675
1pne	0	0	0	0	0	0	0	3	1	9	6	3	0	0	0	3	0	0	0	11	1	35	17	3	0	6	0	15	11	3	0	2	1	6	1	1	1pne	11	3	8	4	5	16	2	7	9	11	6	6	4	4	5	9	12	11	2	4	1pne	-0.07626756777366002	-0.6845904889220925	1pne	18979.25	5812.09	0.5920219715163499
1pnk	0	0	0	0	0	0	0	39	0	80	29	25	0	0	0	0	0	0	0	81	0	152	74	41	0	38	0	69	32	15	0	16	0	46	19	8	1pnk	69	0	48	35	30	57	13	30	41	56	18	42	40	49	32	42	55	50	28	31	1pnk	0.2800614694133401	-0.6842196469518919	1pnk	109856.375	25330.2	0.43792090932225014
1prt	0	0	0	0	0	0	0	58	8	134	40	46	0	8	0	14	18	12	0	134	26	474	216	72	0	66	10	198	92	50	0	24	4	102	52	18	1prt	172	52	72	98	64	158	32	78	64	148	58	54	106	68	124	132	138	134	12	124	1prt	0.02006025828369376	-0.7445734588903141	1prt	267685.625	63010.4	0.3187781807510079
1psd	0	0	0	0	0	0	0	32	4	70	44	10	0	0	0	2	4	2	0	70	0	178	110	18	0	50	2	110	54	10	0	8	2	18	14	4	1psd	90	8	38	54	26	68	26	56	46	98	16	42	34	26	30	48	36	56	2	18	1psd	0.013933041443427403	-0.7874803631936913	1psd	113885.25	29109.9	0.39032083188097133
1ptf	0	0	0	0	0	0	0	1	0	9	8	1	0	0	0	0	0	0	0	11	0	17	11	2	0	4	0	14	6	0	0	2	0	1	0	0	1ptf	9	0	4	9	2	9	2	6	7	7	4	3	1	3	1	6	6	8	0	1	1ptf	0.10778523112336795	-0.9495368733783162	1ptf	11742.375	3695.19	0.6761109678637692
1pya	0	0	0	0	0	0	0	39	0	90	57	18	0	3	0	0	3	0	0	105	6	183	96	36	0	42	0	102	30	27	0	15	0	51	15	3	1pya	81	6	75	66	24	84	6	60	60	57	33	36	54	27	33	63	48	51	18	45	1pya	-0.054611303740077576	-0.7180528665158409	1pya	131795	28604.5	0.4378402872519868
1qap	0	0	0	0	0	0	0	28	0	60	44	6	0	0	0	0	2	4	0	58	4	112	78	6	0	44	0	72	26	14	0	8	0	16	6	2	1qap	66	6	50	40	20	46	14	24	16	70	6	24	18	24	46	14	40	56	6	6	1qap	0.11782255272070566	-0.8204707236432419	1qap	82433.375	21183.8	0.43239664060134925
1qba	0	0	0	0	0	0	0	36	2	95	45	13	0	1	0	4	1	0	0	88	2	176	82	52	0	45	2	81	30	13	0	22	0	44	12	11	1qba	81	6	69	44	38	72	16	33	60	63	16	31	45	48	45	46	35	59	19	32	1qba	0.0631256898244222	-0.8383276691303111	1qba	125925.625	27113.9	0.4480930534148347
1raa	0	0	0	0	0	0	0	38	2	98	50	12	0	2	0	4	2	2	0	88	4	170	120	24	0	58	2	112	62	12	0	12	2	24	12	10	1raa	88	10	60	48	34	42	30	54	52	106	20	52	38	40	46	62	50	68	4	22	1raa	0.020869942614808686	-0.7086966072986365	1raa	134638.375	35801.5	0.3548369267639144
1reg	0	0	0	0	0	0	0	14	0	28	12	2	0	0	0	2	0	0	0	18	2	22	36	12	0	14	0	28	20	8	0	8	0	10	4	2	1reg	4	2	14	22	10	12	6	20	28	24	12	10	6	10	14	6	14	16	6	8	1reg	-0.10802981878320375	-0.7521074428475103	1reg	37438	11159.1	0.4849869451373872
1ris	0	0	0	0	0	0	0	7	0	10	10	2	0	0	0	0	0	0	0	10	0	9	13	2	0	11	0	10	6	2	0	1	0	4	1	2	1ris	8	0	5	11	2	3	0	5	4	12	3	7	5	6	12	2	0	10	1	5	1ris	-0.32885701457659405	-0.711035825438727	1ris	15102.125	4917.69	0.6008254909109099
1scu	0	0	0	0	0	0	0	34	6	124	66	14	0	4	0	10	4	2	0	130	8	304	182	30	0	60	6	180	90	24	0	16	0	34	20	0	1scu	152	20	64	92	38	168	22	106	92	104	28	40	58	48	44	38	82	124	6	26	1scu	0.10255754304428896	-0.7691370978216774	1scu	181394.25	45278.5	0.34224814620647537
1sei	0	0	0	0	0	0	0	6	0	34	6	2	0	0	0	0	0	0	0	24	0	46	46	2	0	14	0	32	22	10	0	4	0	6	4	0	1sei	18	0	10	22	4	22	4	32	22	22	6	10	10	6	22	8	12	20	0	10	1sei	-0.10880216459433238	-0.4150339545244601	1sei	38119.5	11633.6	0.4708343370745491
1set	0	0	0	0	0	0	0	32	0	80	52	10	0	0	0	4	0	0	0	76	4	164	102	42	0	56	0	92	44	14	0	10	0	46	10	2	1set	92	4	30	94	24	56	16	20	36	116	18	18	56	32	80	28	24	54	12	32	1set	-0.20175323340420923	-0.4449463432130861	1set	123579.5	31128.5	0.385440092351261
1sha	0	0	0	0	0	0	0	4	0	10	4	1	0	0	0	0	2	1	0	10	2	25	10	4	0	3	1	10	5	3	0	3	0	5	0	4	1sha	5	3	4	7	5	7	3	3	7	12	1	5	4	4	8	9	8	6	1	7	1sha	-0.02554624030987422	-0.9276090436891051	1sha	15497.875	5169.82	0.5814648566534477
1sly	0	0	0	0	0	0	0	35	2	64	26	15	0	1	0	1	0	0	0	60	0	123	67	29	0	33	0	58	26	12	0	14	0	33	10	8	1sly	69	2	32	38	17	35	3	24	26	54	22	31	28	42	47	35	36	29	19	29	1sly	0.2126590460538864	-0.9130632997213	1sly	89769.25	24797.7	0.3909829215188585
1smn	0	0	0	0	0	0	0	24	2	40	28	6	0	2	0	4	0	2	0	44	6	128	44	22	0	16	0	58	14	8	0	14	0	14	10	2	1smn	52	8	36	16	12	32	10	24	30	40	4	34	30	16	18	34	38	28	12	16	1smn	-0.010711425294478737	-0.819403029580555	1smn	67191.75	16150.5	0.49489012427524787
1spb	0	0	0	0	0	0	0	11	0	27	17	1	0	0	0	0	0	0	0	27	0	110	40	13	0	13	0	40	16	5	0	4	0	15	1	2	1spb	48	0	13	11	6	36	8	14	25	16	6	19	15	13	2	42	16	38	3	13	1spb	-0.18725843975941342	-0.3112679899489712	1spb	43624.5	10946.5	0.5474727214317627
1srs	0	0	0	0	0	0	0	2	0	8	10	2	0	0	5	5	0	0	0	12	4	90	16	8	0	4	2	20	14	2	0	2	0	8	2	0	1srs	20	12	4	8	6	22	2	10	24	18	6	4	6	6	12	12	35	8	0	6	1srs	nan	nan	1srs	36052.5	11525.5	0.4579112075616702
1sso	0	0	0	0	0	0	0	2	0	6	3	1	0	0	0	0	0	0	0	6	0	15	6	4	0	4	0	6	3	0	0	0	0	4	1	0	1sso	3	0	3	6	2	7	0	3	13	3	2	0	1	3	2	3	3	5	1	2	1sso	-0.07192699197912589	-0.760805662381225	1sso	9777.25	4182.98	0.5286190580651237
1std	0	0	0	0	0	0	0	5	0	19	4	8	0	0	0	1	0	0	0	16	0	27	23	10	0	8	1	17	5	4	0	7	0	11	4	1	1std	7	1	17	12	9	13	6	8	14	11	6	1	5	6	11	10	10	11	7	7	1std	0.013171316434939703	-0.9063480426368367	1std	24390.25	7546.4	0.5389582667788115
1stu	0	0	0	0	0	0	0	1	0	9	2	0	0	0	0	1	0	0	0	6	0	13	12	1	0	4	1	9	5	1	0	1	0	1	0	0	1stu	4	1	0	7	2	6	3	6	9	4	3	3	2	2	3	3	3	7	0	0	1stu	-0.20020207837224008	-0.450695852416971	1stu	16977.875	4438.08	0.7197989673531988
1tbd	0	0	0	0	0	0	0	3	0	12	5	2	0	0	0	1	2	0	0	13	2	26	10	10	0	2	0	15	7	5	0	4	1	7	5	1	1tbd	8	3	4	9	11	4	6	7	11	14	2	8	6	1	5	15	7	6	0	7	1tbd	0.16442971924940744	-0.5317323916294557	1tbd	19636	6232.89	0.5647158939328313
1tfe	0	0	0	0	0	0	0	12	1	15	9	2	0	1	0	0	1	1	0	13	1	16	20	0	0	12	0	14	11	6	0	1	0	6	2	0	1tfe	14	3	4	19	5	7	4	13	11	13	5	7	4	9	9	1	1	12	0	4	1tfe	0.34325750668843585	-0.391625161769271	1tfe	20704.875	7101.57	0.5134657669939682
1tif	0	0	0	0	0	0	0	8	0	8	5	1	0	0	0	0	1	0	0	6	1	16	7	2	0	6	0	5	6	1	0	2	0	2	0	0	1tif	7	1	5	7	3	3	0	7	9	6	2	4	3	6	8	2	0	4	0	1	1tif	0.27497448151310283	-0.7763507552846499	1tif	11558.375	4252.6	0.581336301734241
1tig	0	0	0	0	0	0	0	3	0	11	6	1	0	0	0	1	0	0	0	12	1	19	11	1	0	5	0	11	5	2	0	1	0	2	1	0	1tig	8	1	6	7	4	4	2	6	13	7	2	6	3	2	8	2	5	8	0	0	1tig	-0.18769683067997298	-0.8966167093199822	1tig	13068.25	4364.51	0.614742993708074
1tpt	0	0	0	0	0	0	0	15	0	42	19	4	0	0	0	1	1	0	0	37	1	97	67	12	0	20	1	64	23	8	0	7	0	10	7	3	1tpt	56	2	33	24	16	39	6	27	22	37	19	12	15	11	24	23	29	34	2	9	1tpt	-0.002622311313947042	-0.7838178132132795	1tpt	24755.75	18478.1	0.2223024267328407
1tys	0	0	0	0	0	0	0	14	3	22	12	10	0	1	0	3	0	0	0	21	1	45	29	10	0	18	0	26	13	6	0	7	0	10	9	3	1tys	13	4	21	13	13	18	11	16	12	28	7	11	14	16	13	11	14	13	7	9	1tys	0.09597682456175487	-0.7759191938216125	1tys	39055.75	10508.9	0.5297246547157075
1uae	0	0	0	0	0	0	0	8	0	34	31	3	0	0	0	2	3	1	0	41	5	93	54	8	0	23	1	63	24	6	0	3	0	9	6	0	1uae	47	6	23	29	11	40	9	31	20	38	10	12	16	12	25	17	27	39	2	5	1uae	0.03971455556650957	-1.0532314775569032	1uae	57795.375	13237.6	0.5460975917316414
1ubi	0	0	0	0	0	0	0	5	0	6	7	1	0	0	0	0	0	0	0	8	0	15	9	1	0	5	0	11	3	1	0	1	0	0	2	0	1ubi	2	0	5	6	2	6	1	7	7	9	1	2	3	6	4	3	7	4	0	1	1ubi	0.1979265958070755	-0.5368728167955882	1ubi	11130.125	3757.95	0.6415046690883822
1udi	0	0	0	0	0	0	0	14	2	30	12	3	0	1	0	4	0	1	0	28	1	74	34	15	0	14	2	30	31	5	0	4	1	15	4	0	1udi	25	6	17	22	9	18	11	16	11	33	7	14	26	8	23	20	19	27	8	7	1udi	0.06481627840548754	-0.7236360090707685	1udi	45549.5	11752.1	0.5248369331004141
1upl	0	0	0	0	0	0	0	42	0	86	24	22	0	4	0	0	2	0	0	54	4	102	76	22	0	52	2	42	60	18	0	22	0	26	14	6	1upl	42	6	36	62	44	16	14	44	64	86	18	36	22	40	30	36	34	28	2	22	1upl	0.13144586918254694	-0.8016986194902553	1upl	92490.625	28332.4	0.3490861105506298
1vao	0	0	0	0	0	0	0	44	2	92	62	18	0	2	0	2	2	2	0	90	2	196	144	52	0	56	4	138	68	30	0	26	0	56	20	10	1vao	62	8	72	54	42	94	30	70	60	102	42	56	72	36	54	66	46	84	28	42	1vao	-0.012264701072126623	-0.9587462111964482	1vao	159255.375	34822.2	0.4080286437025065
1vcc	0	0	0	0	0	0	0	6	0	6	2	3	0	0	0	0	0	0	0	7	0	12	8	3	0	2	0	10	4	2	0	2	0	2	4	3	1vcc	3	0	6	4	5	4	3	2	5	7	2	4	3	3	4	3	5	8	1	5	1vcc	-0.07161385814348857	-0.9012012173671087	1vcc	11386.625	4023.81	0.60828905798195
1vhh	0	0	0	0	0	0	0	8	0	17	4	6	0	0	0	2	0	0	0	19	2	34	20	5	0	4	0	20	4	2	0	4	0	7	2	1	1vhh	14	2	10	14	4	10	6	7	14	11	3	8	6	3	12	10	9	9	3	7	1vhh	0.11149549732605617	-0.5778668248974652	1vhh	22428.125	6392.64	0.6016342084299307
1vig	0	0	0	0	0	0	0	2	0	8	9	0	0	0	0	0	0	0	0	9	0	12	7	2	0	6	0	8	3	1	0	2	0	1	0	0	1vig	3	0	5	5	1	4	3	9	6	5	1	5	3	4	6	5	0	4	0	2	1vig	-0.18275919202715157	-0.9064432143492868	1vig	22879.375	5712.5	0.6822664503472072
1vjw	0	0	0	0	0	0	0	3	1	7	3	1	0	0	0	4	2	0	0	7	4	8	6	0	0	4	1	6	1	0	0	0	0	0	1	0	1vjw	7	6	8	4	1	5	0	2	4	4	1	1	4	2	1	2	2	6	0	0	1vjw	-0.0047471461196740465	-0.94711236299741	1vjw	7623.5	2817.07	0.664950661358329
1xer	0	0	0	0	0	0	0	2	0	7	8	3	0	0	0	4	2	1	0	10	2	22	8	2	0	5	5	11	3	0	0	3	0	0	3	1	1xer	8	7	7	4	3	9	4	7	5	2	1	6	11	3	2	3	3	14	1	3	1xer	0.04595551639795303	-0.8713156316699798	1xer	13669.5	4383.23	0.6307514887694723
1xxa	0	0	0	0	0	0	0	24	0	36	24	18	0	0	0	0	0	0	0	36	0	90	48	12	0	36	0	54	54	0	0	6	0	6	18	0	1xxa	48	0	48	24	18	36	6	42	18	72	6	18	18	12	6	18	36	30	0	12	1xxa	0.008411660195431781	-0.8829797989332421	1xxa	59079.5	15458.2	0.4745512008545433
1ytb	0	0	0	0	0	0	0	10	2	18	10	8	0	0	0	10	0	0	0	20	6	128	40	26	0	12	0	50	36	2	0	6	0	18	12	0	1ytb	52	10	10	20	24	36	4	34	32	30	8	8	16	10	22	22	40	28	0	12	1ytb	nan	nan	1ytb	71406.375	21619.1	0.3850092571124887
1yua	0	0	0	0	0	0	0	5	1	16	4	0	0	0	0	1	0	0	0	17	0	29	11	5	0	3	0	7	3	6	0	1	0	8	2	2	1yua	11	1	8	11	6	8	0	0	12	9	2	3	11	4	9	6	5	9	2	5	1yua	-0.05519910908351915	-0.7934253720774536	1yua	36045.875	9112.28	0.5791096252170553
2act	0	0	0	0	0	0	0	14	2	14	13	6	0	3	0	4	0	0	0	20	4	38	21	12	0	5	0	23	9	6	0	6	1	16	1	1	2act	18	7	16	11	5	28	1	17	6	8	2	12	7	10	5	12	18	17	6	14	2act	0.03090069629251957	-0.8224836003557238	2act	29144.375	7697.34	0.5949949575672183
2baa	0	0	0	0	0	0	0	4	2	23	5	3	0	2	0	2	0	3	0	18	3	76	19	17	0	7	0	15	9	3	0	6	2	17	1	5	2baa	35	7	14	4	13	30	5	11	7	9	2	8	14	11	14	16	13	12	6	12	2baa	0.12175329308956861	-0.8340327718472573	2baa	32543	8565.1	0.5755151282728992
2bop	0	0	0	0	0	0	0	4	0	9	2	1	0	1	2	6	0	0	0	6	6	24	9	6	0	3	0	7	3	1	0	2	2	5	0	1	2bop	8	10	3	2	7	12	3	4	4	5	1	5	4	6	6	6	9	4	1	2	2bop	nan	nan	2bop	17360.875	7045.19	0.4602274178491055
2chs	0	0	0	0	0	0	0	96	0	132	108	12	0	0	0	24	0	0	0	96	0	300	204	12	0	144	24	144	144	24	0	12	0	12	24	0	2chs	72	24	84	144	12	60	36	84	108	156	84	24	72	96	84	36	144	168	12	24	2chs	-0.015987888431280024	-0.7200202912393808	2chs	207055	50384.6	0.3359258755333601
2cmd	0	0	0	0	0	0	0	10	0	26	17	4	0	1	0	2	0	0	0	25	2	70	47	6	0	19	1	44	20	3	0	2	0	7	4	1	2cmd	34	3	12	19	10	36	2	17	21	33	4	11	13	15	9	17	18	34	0	4	2cmd	-0.0443936021377643	-0.8090201605882187	2cmd	43249	11049.8	0.5392379147773568
2glt	0	0	0	0	0	0	0	9	1	39	17	4	0	1	0	1	0	2	0	34	0	53	39	8	0	19	3	31	23	7	0	6	0	10	5	3	2glt	22	4	20	27	11	25	4	26	18	33	10	12	17	11	19	10	19	15	4	9	2glt	0.31002641717592877	-0.6204935805522155	2glt	44081.375	11776.4	0.5124383975647282
2kau	0	0	0	0	0	0	0	23	0	77	41	4	0	2	0	5	2	0	0	65	8	168	105	27	0	50	1	95	46	8	0	4	0	28	8	3	2kau	88	9	45	49	23	73	28	54	25	58	23	25	41	26	40	29	49	68	7	13	2kau	0.14565980571529105	-0.6166437684049232	2kau	106326.625	25160.8	0.43137439662502924
2ms2	0	0	0	0	0	0	0	6	3	48	18	0	0	3	0	3	0	0	0	36	3	69	54	18	0	18	0	51	15	9	0	12	0	12	6	0	2ms2	42	6	12	15	12	27	0	24	18	21	6	30	18	18	12	39	27	42	6	12	2ms2	-0.06881614267412159	-0.5620614300222547	2ms2	52251.125	20692.8	0.3266344302057489
2phy	0	0	0	0	0	0	0	3	0	15	8	4	0	0	0	1	0	0	0	13	1	20	13	6	0	9	0	12	2	2	0	5	0	5	2	3	2phy	9	1	12	7	9	13	2	5	11	7	5	6	4	5	2	5	7	9	1	5	2phy	-0.030304122405747574	-0.7960393084707614	2phy	18055	5441.51	0.6116406691866986
2pol	0	0	0	0	0	0	0	32	4	66	46	8	0	0	0	4	4	0	0	60	4	132	98	22	0	52	0	92	52	10	0	12	0	22	6	4	2pol	56	8	38	58	28	50	14	30	24	86	30	28	40	32	50	46	36	62	2	14	2pol	0.017528885354598366	-0.8306765877096292	2pol	106183	27918	0.38842139996214414
2reb	0	0	0	0	0	0	0	11	1	43	22	1	0	0	0	1	2	0	0	42	2	65	42	11	0	20	0	48	18	3	0	5	0	6	5	3	2reb	38	3	20	30	10	35	2	27	27	31	9	15	10	13	14	20	17	22	2	7	2reb	0.005947158982356389	-0.6967482272737969	2reb	42068.5	12610	0.4638815034182124
2sic	0	0	0	0	0	0	0	10	1	24	17	5	0	1	0	2	1	0	0	28	3	121	44	14	0	14	0	52	20	1	0	3	0	12	5	2	2sic	53	4	15	10	6	44	8	13	13	23	8	21	21	11	6	45	21	43	4	13	2sic	-0.015294511181612808	-0.7172301073854491	2sic	48731.375	12076.2	0.5342685434512546
2vik	0	0	0	0	0	0	0	5	0	10	8	2	0	1	0	0	0	0	0	10	0	31	11	7	0	7	0	11	4	3	0	2	1	6	3	3	2vik	6	1	4	9	4	14	3	6	10	7	4	4	3	8	4	10	9	9	2	9	2vik	-0.14602530375123024	-0.8149736707087798	2vik	17952	6212.94	0.5336569766062254
3fib	0	0	0	0	0	0	0	13	2	22	9	9	0	2	0	1	0	1	0	27	2	52	16	17	0	5	0	22	4	5	0	9	0	17	6	7	3fib	16	4	21	9	16	28	6	13	20	12	5	15	7	11	6	14	17	6	10	13	3fib	-0.0033349011403818927	-0.7791969096582517	3fib	36093.125	8942.88	0.590594926380718
3pmg	0	0	0	0	0	0	0	40	2	102	48	28	0	2	0	2	6	0	0	112	4	232	126	48	0	40	4	142	68	14	0	26	0	42	22	10	3pmg	98	10	70	60	62	100	20	90	76	82	22	52	48	38	50	70	60	76	8	30	3pmg	-0.010293247178196909	-0.7783825666697893	3pmg	160700.375	37559.3	0.380578773119236
3rub	0	0	0	0	0	0	0	23	2	57	24	9	0	2	0	8	0	2	0	51	5	108	72	35	0	27	4	64	22	16	0	12	1	33	17	4	3rub	51	12	31	44	26	52	15	27	34	51	12	20	29	20	34	22	34	45	13	28	3rub	0.036290320567786694	-0.3806824455036446	3rub	81322.375	19824.4	0.4578860808170643
4kbp	0	0	0	0	0	0	0	32	0	168	44	64	0	0	0	0	4	0	0	188	4	344	176	120	0	68	0	144	60	44	0	20	0	172	32	40	4kbp	96	4	88	84	100	108	68	88	92	72	36	84	96	52	112	144	116	120	52	116	4kbp	-0.002412655119163294	-0.7220377812296884	4kbp	251580.875	53476.9	0.36038744239636583
7rsa	0	0	0	0	0	0	0	1	2	18	3	3	0	3	0	3	1	1	0	18	5	25	10	3	0	4	0	9	3	2	0	1	1	7	0	0	7rsa	12	8	5	5	3	3	4	3	10	2	4	10	4	7	4	15	10	9	0	6	7rsa	0.036189806958039604	-0.8974307398685045	7rsa	18037.75	5913.4	0.5624731248305227
