id	A	C	D	E	F	G	H	I	K	L	M	N	P	Q	R	S	T	V	W	X	Y	label
1abrB	10	9	17	9	3	22	2	17	16	18	10	18	7	12	10	28	20	14	11	0	14	2
1alyA	12	3	2	6	7	12	4	6	7	14	1	7	6	11	5	17	10	10	1	0	5	2
1aofA	45	2	39	39	18	47	13	29	29	40	13	20	30	14	19	28	40	36	11	0	20	2
1aolA	10	12	10	7	4	21	5	5	7	17	1	11	20	8	12	23	19	13	13	0	10	2
1aonO	7	0	6	10	1	10	1	10	8	7	2	5	2	0	5	6	3	13	0	0	1	2
1arbA	28	6	13	5	7	33	6	9	5	13	3	17	13	9	12	32	23	14	7	0	8	2
1asyA	33	3	31	44	28	30	12	26	36	50	10	15	24	17	32	25	25	30	1	0	18	2
1bblA	4	0	2	3	0	4	2	2	2	6	0	1	1	0	4	2	2	2	0	0	0	2
1bcoA	23	5	18	19	15	29	6	10	21	23	9	12	10	6	20	8	16	26	8	0	11	2
1bdoA	5	1	4	8	3	6	1	7	5	3	4	2	5	3	2	5	4	11	0	0	1	2
1bg1A	25	11	23	41	23	29	7	35	43	58	19	27	23	37	25	34	35	38	11	0	14	2
1biaA	27	1	15	18	7	30	2	27	15	43	8	12	11	15	14	12	8	15	6	0	6	2
1bmfA	47	2	28	29	14	47	5	37	30	46	10	13	17	23	31	30	23	39	0	0	16	2
1bplB	21	0	21	15	13	26	14	12	16	19	5	14	10	13	12	16	16	21	8	0	18	2
1btyA	14	12	6	4	3	25	3	15	14	14	2	16	8	10	2	34	10	17	4	0	10	2
1bw3A	16	6	10	1	3	12	2	4	4	6	0	8	6	8	7	4	9	7	5	0	7	2
1cd1A	16	5	14	14	11	19	8	7	12	25	8	8	13	20	12	26	14	20	13	0	8	2
1cdgA	65	3	40	18	32	65	12	37	29	38	13	62	28	26	20	47	56	49	13	0	33	2
1celA	27	20	24	19	15	51	4	10	13	24	6	30	19	18	7	50	46	21	9	0	20	2
1cgpA	13	3	7	16	5	14	6	17	14	21	6	5	5	13	10	11	11	13	2	0	5	2
1ckaA	3	0	6	8	3	4	0	3	5	3	1	3	4	1	4	1	0	3	2	0	3	2
1ckmA	13	3	25	18	22	19	7	28	29	28	9	16	14	6	15	12	17	25	2	0	9	2
1cpnA	11	2	12	8	12	24	4	8	14	10	3	17	8	3	2	15	18	12	9	0	16	2
1ctmA	16	2	12	16	7	23	2	23	17	20	2	17	22	12	10	11	8	20	0	0	10	2
1cukA	19	1	6	19	8	16	3	12	12	21	6	4	9	8	12	6	8	16	0	0	4	2
1cyxA	18	2	7	8	12	8	3	12	10	5	8	8	11	6	3	10	8	10	3	0	6	2
1ddtA	40	4	28	37	18	41	16	33	39	35	8	29	21	16	13	48	30	44	5	0	18	2
1djxA	30	11	26	32	23	35	13	26	22	53	11	21	28	27	31	44	25	29	7	0	19	2
1dkgA	20	0	11	17	3	6	2	9	10	16	7	7	5	5	11	4	7	17	0	0	1	2
1dlcA	32	3	32	30	32	38	10	30	31	47	7	37	25	28	22	50	42	41	10	0	37	2
1dupA	11	1	10	5	5	13	3	10	5	16	6	4	9	6	5	7	6	11	1	0	2	2
1eftA	27	1	24	38	13	39	12	22	23	28	11	11	22	8	25	7	32	50	2	0	10	2
1epnE	29	2	21	5	20	38	1	18	11	19	0	6	13	9	1	49	47	23	5	0	13	2
1esfA	7	2	16	15	8	15	5	10	24	23	2	19	4	12	7	11	17	13	1	0	18	2
1exgA	12	2	1	0	6	15	1	1	1	3	0	9	7	7	1	13	16	10	5	0	0	2
1fgpA	7	4	4	6	1	5	2	2	3	4	0	5	3	1	1	2	8	6	3	0	3	2
1fivA	1	2	6	6	5	11	1	13	6	11	3	12	3	4	8	2	8	8	0	0	3	2
1fnbA	17	5	17	25	13	26	5	15	32	24	13	11	13	6	9	15	15	17	6	0	12	2
1fuiA	64	12	32	40	17	53	16	34	25	41	23	24	23	21	32	35	33	35	14	0	17	2
1ggtA	36	9	47	48	32	48	14	38	38	46	18	39	32	24	43	43	43	68	15	0	29	2
1gofA	44	6	36	12	24	69	10	33	22	28	13	40	40	22	27	71	61	41	16	0	24	2
1gprA	5	0	9	16	8	17	3	15	8	11	3	5	11	5	4	12	8	18	0	0	0	2
1gtrA	35	10	35	43	24	31	16	35	28	40	11	27	26	15	38	26	27	33	7	0	22	2
1gziA	7	0	2	2	0	3	0	4	1	6	5	4	6	3	3	3	5	10	0	0	1	2
1havA	12	1	11	10	8	22	4	13	17	19	8	12	7	9	7	11	13	23	3	0	6	2
1hbpA	14	6	17	10	12	10	3	5	10	11	4	8	5	7	12	10	8	12	4	0	7	2
1hcdA	5	1	6	7	5	13	31	6	9	7	1	2	0	1	1	8	6	6	0	0	3	2
1hgeA	13	9	18	9	10	25	6	23	15	23	4	26	20	13	16	30	31	21	6	0	10	2
1hmsA	5	1	11	8	6	10	3	7	14	14	2	3	1	3	4	6	19	10	2	0	2	2
1hoeA	7	4	5	4	0	7	2	2	1	4	0	1	3	3	3	5	8	8	1	0	6	2
1hplA	24	14	28	23	28	40	9	23	19	29	5	29	21	16	21	38	26	34	7	0	15	2
1hxnA	14	6	12	8	4	16	9	5	10	24	3	8	16	6	10	17	11	13	9	0	9	2
1idkA	30	7	29	18	10	43	6	22	9	19	1	19	8	7	8	33	32	32	6	0	20	2
1ihwA	3	0	5	1	1	3	0	5	6	2	1	2	3	2	6	2	0	6	2	0	2	2
1irsA	8	2	3	8	7	8	2	7	6	9	6	5	4	5	7	7	5	10	2	0	1	2
1kapP	57	0	43	12	23	55	7	19	16	39	1	27	11	25	8	46	25	27	7	0	22	2
1kitA	50	0	48	31	31	70	10	49	22	58	12	57	30	48	30	67	56	48	18	0	22	2
1knbA	14	2	8	7	7	12	3	9	10	18	2	15	9	5	3	19	21	10	4	0	8	2
1ltsD	5	2	4	8	2	3	1	12	10	5	4	6	3	5	4	8	12	4	1	0	4	2
1lxaA	25	5	11	16	10	30	12	26	10	12	4	13	9	6	15	11	16	25	0	0	6	2
1maiA	5	2	10	9	5	5	3	8	9	12	2	1	5	10	11	10	3	5	3	0	1	2
1mjcA	5	0	6	2	6	10	1	4	7	2	1	3	2	2	0	7	4	5	1	0	1	2
1mmdA	54	7	46	53	43	39	15	51	54	67	9	47	25	40	38	46	32	46	3	0	28	2
1msaA	3	3	7	3	4	12	1	6	3	9	2	11	3	4	3	8	10	8	3	0	6	2
1mspA	8	2	10	5	4	8	2	9	8	6	3	10	9	4	9	4	10	7	3	0	3	2
1nbcA	8	1	9	5	8	12	2	7	9	8	1	15	4	8	2	18	15	10	4	0	9	2
1nciA	4	0	7	4	3	8	2	13	2	8	0	8	11	4	8	7	3	8	1	0	1	2
1neuA	3	2	10	6	6	10	3	8	5	3	0	3	3	5	4	11	8	13	5	0	7	2
1noaA	18	4	8	2	5	15	0	1	1	6	0	4	4	3	3	11	13	12	2	0	1	2
1npoA	5	14	2	8	2	13	0	2	2	6	0	2	7	4	4	5	2	2	0	0	1	2
1oacA	55	0	57	38	24	54	19	44	47	45	22	39	46	27	27	25	49	60	16	0	25	2
1ospO	11	1	18	23	3	20	0	10	40	23	1	12	1	3	2	25	30	23	1	0	4	2
1pdrA	12	0	4	7	3	12	3	8	3	7	0	3	3	4	8	7	3	7	0	0	2	2
1pgsA	21	6	16	13	14	25	4	19	22	15	2	25	16	7	9	20	33	19	9	0	16	2
1pkyA	41	6	26	35	11	40	8	33	34	40	19	21	12	11	20	24	34	44	0	0	5	2
1plcA	7	1	7	8	7	10	2	6	6	6	2	6	5	1	0	12	2	9	0	0	2	2
1pmiA	29	5	34	27	23	29	7	30	38	39	7	19	24	25	10	30	23	28	2	0	11	2
1prcH	26	1	17	19	6	19	4	8	9	31	0	2	18	9	18	10	15	29	4	0	12	2
1prrA	13	0	10	9	8	13	0	11	7	12	2	18	12	10	6	12	8	16	0	0	6	2
1pseA	4	0	2	5	3	9	1	6	5	3	0	6	1	0	3	6	2	8	1	0	4	2
1pypA	22	1	23	19	11	15	6	27	28	17	2	17	20	7	6	11	19	13	6	0	11	2
1qbaA	81	6	69	44	38	72	16	33	60	63	16	31	45	48	45	46	35	59	19	0	32	2
1rgsA	19	2	18	23	14	20	1	16	16	22	6	10	10	9	19	16	9	23	3	0	8	2
1ripA	4	0	4	6	1	3	3	4	14	4	2	1	2	1	7	3	5	12	0	0	5	2
1rsyA	5	0	11	8	10	11	3	5	13	14	4	5	6	6	3	6	7	12	1	0	5	2
1sacA	8	2	9	13	10	15	4	13	11	20	1	8	12	9	9	17	8	18	5	0	12	2
1scsA	18	0	18	7	11	16	6	15	12	18	2	14	11	5	6	31	19	17	4	0	7	2
1sftA	39	4	22	23	16	25	16	24	13	39	9	9	23	10	29	15	19	28	5	0	14	2
1slaA	13	6	8	8	10	11	2	5	8	14	0	13	6	3	5	7	3	9	1	0	2	2
1sluA	6	2	9	10	2	8	2	5	13	12	4	5	7	5	5	5	7	14	2	0	8	2
1smpI	9	2	8	4	2	8	2	1	6	14	0	2	5	4	7	8	8	6	3	0	1	2
1sriA	17	0	3	5	2	15	2	3	3	7	0	7	1	3	4	9	18	7	6	0	6	2
1stmA	15	2	5	5	7	11	1	4	2	11	3	7	7	7	8	10	18	13	1	0	4	2
1styA	12	0	6	11	3	10	4	5	22	11	4	5	6	5	5	3	8	9	1	0	7	2
1tdtA	20	3	14	16	7	25	3	17	11	14	6	11	9	11	14	15	13	34	3	0	10	2
1thjA	19	1	14	20	5	16	5	16	5	6	6	13	15	6	5	13	11	28	1	0	8	2
1thwA	16	16	13	6	11	24	0	8	12	9	1	8	12	4	12	14	20	10	3	0	8	2
1tspA	39	8	38	18	23	62	8	37	29	45	6	30	20	13	21	45	39	35	7	0	21	2
1tulA	6	3	5	6	3	7	1	10	7	10	2	10	2	5	3	5	3	7	1	0	6	2
1tupA	7	10	8	11	5	13	7	6	5	14	6	9	14	7	17	19	14	15	1	0	8	2
1uloA	21	2	12	9	4	18	0	3	0	12	0	2	10	5	3	9	20	14	2	0	6	2
1umuA	7	0	11	3	3	7	3	12	4	9	0	2	4	5	2	10	6	12	0	0	3	2
1vcaA	7	6	12	18	8	10	4	12	14	18	3	4	12	6	7	19	18	15	1	0	5	2
1vieA	7	1	1	4	1	7	1	3	2	2	1	3	4	3	3	4	3	5	2	0	3	2
1vmoA	7	8	9	6	9	21	2	6	8	13	0	7	5	6	12	14	10	11	6	0	3	2
1wapA	5	0	4	7	3	6	3	6	8	3	1	1	0	2	2	3	6	7	0	0	1	2
1wbaA	7	2	13	6	6	13	3	10	14	10	2	11	14	7	8	13	10	15	1	0	6	2
1whiA	9	1	9	5	3	12	0	10	10	5	2	3	5	3	14	6	4	19	0	0	2	2
1whoA	5	0	5	12	6	9	2	1	8	5	3	3	5	1	2	3	8	11	2	0	3	2
1wktA	3	10	4	2	1	13	1	5	3	1	3	8	2	2	4	5	9	5	4	0	3	2
1wpoA	17	3	14	9	7	16	5	3	6	23	0	3	12	8	20	17	6	24	3	0	8	2
1xnbA	9	0	7	2	4	25	2	6	5	4	2	18	6	5	7	18	25	14	11	0	15	2
1xsoA	11	3	11	8	5	27	8	7	9	9	1	9	4	3	3	9	7	15	0	0	1	2
1yhbA	4	1	3	4	4	7	1	4	6	10	2	2	6	6	4	7	4	8	0	0	4	2
1ytfC	3	2	3	3	1	1	0	1	5	4	1	3	0	2	3	1	4	5	2	0	2	2
2arcA	10	1	6	11	11	16	8	11	2	19	2	8	12	7	12	4	3	5	5	0	8	2
2bbkH	34	2	30	23	19	27	13	17	12	28	6	5	25	11	20	15	24	28	5	0	11	2
2bbvA	34	5	14	9	21	22	2	15	8	20	5	20	25	11	10	24	23	30	4	0	6	2
2bpaA	0	0	0	0	0	0	0	0	0	0	0	0	0	0	0	0	0	0	0	5	0	2
2cbaA	13	1	19	13	12	22	12	9	24	26	1	10	17	11	7	17	12	17	7	0	8	2
2cplA	9	4	7	12	15	23	4	10	14	7	4	9	6	3	6	8	11	9	1	0	2	2
2engA	20	14	15	5	15	24	1	5	8	6	1	12	14	8	11	15	10	11	6	0	5	2
2fgfA	7	4	6	7	6	11	2	4	13	12	2	5	5	4	11	8	5	7	1	0	7	2
2hftA	6	4	11	15	9	9	0	7	16	13	1	14	9	7	7	16	27	19	4	0	11	2
2kauB	11	1	2	7	6	12	5	4	3	5	2	4	7	5	9	1	3	11	0	0	3	2
2kauC	68	8	38	29	14	55	21	44	16	41	15	18	28	19	24	23	41	47	7	0	9	2
2ohxA	28	14	17	21	18	38	7	24	30	25	9	8	20	8	12	26	24	39	2	0	4	2
2pcdA	21	2	12	15	10	16	7	12	5	18	1	13	12	9	11	4	12	11	3	0	6	2
2pecA	33	4	24	8	8	37	6	22	21	16	3	33	12	7	9	25	33	27	7	0	17	2
2phlA	20	0	20	31	22	20	8	24	19	36	3	29	14	17	14	31	13	26	1	0	12	2
2piaA	24	8	24	21	16	23	7	13	13	24	6	11	17	7	26	30	22	20	4	0	5	2
2sblB	53	4	43	55	29	49	23	54	49	84	14	37	49	26	37	56	44	50	14	0	37	2
2silA	21	4	26	14	15	33	7	24	28	20	6	31	10	8	15	34	34	30	6	0	15	2
2snvA	9	0	8	10	6	19	6	6	10	8	5	5	7	2	8	10	12	13	3	0	4	2
2trcB	30	14	30	9	11	27	8	18	10	31	8	17	5	12	22	28	28	16	8	0	8	2
3dpaA	12	2	9	16	6	12	0	15	15	18	3	13	16	11	13	18	13	14	2	0	10	2
3ullA	4	0	6	5	3	7	2	8	6	9	2	6	3	5	11	6	6	10	2	0	5	2
4aahA	48	6	37	17	22	71	12	16	42	44	20	34	30	18	14	23	38	36	21	0	22	2
4gcrA	2	7	13	9	9	14	5	6	2	13	7	6	8	10	20	13	5	6	4	0	15	2
4kbpA	24	1	22	21	24	27	17	22	21	18	9	19	24	13	27	36	28	29	13	0	29	2
