1A2S	12001	4339.46	0.584153153531576	5
1C6O	23352.5	8043.71	0.491190517189908	5
1C6R	11695	4159.98	0.598953397392158	5
1C6S	16122.125	4048.16	0.762385529677553	5
1CED	14233.625	4206.04	0.675285989259631	5
1CTJ	12338.875	4508.78	0.572719700951976	5
1CYI	11968.625	4390.23	0.576358927749868	5
1CYJ	12334.75	4424.25	0.583532030061786	5
1F1F	11488	4330.11	0.568610419173837	5
1GDV	11323.375	4222.93	0.577458575936219	5
1KIB	94038.125	32171.5	0.310848508819045	5
1LS9	11965.125	4452.71	0.568160722209522	5
2V08	22186.5	7963.36	0.479490830041364	5
2ZB0	51339.25	14880	0.448932320612104	5
3DMI	11192.5	4057.6	0.596347809131262	5
3DR0	35888.875	12239.9	0.429878922345359	5
3PH2	10772.375	4152.31	0.568070186921185	5
4EIC	11788.375	4277.07	0.585653030533087	5
4EID	11728.5	4238.69	0.588953197697601	5
4GYD	70901.75	23050.2	0.359402198695824	5
4H0J	71161.375	23121.9	0.359161817037508	5
4H0K	23345.375	8382.76	0.471227899258248	5
