1BTM	67927.125	15288	0.526617887065312	10
1HTI	68626.125	16094.1	0.503667289991561	10
1I45	68415	17169	0.471165350360954	10
1IF2	35201	9369.09	0.55440020376102	10
1LYX	36029.125	9760.23	0.540496910646496	10
1LZO	143253	34332.9	0.385634712740989	10
1M6J	72250.75	17236.5	0.486702167817451	10
1M7O	72950.625	17664.9	0.477960807299333	10
1M7P	72195.75	17280.9	0.485205284728766	10
1N55	35553.125	9501.87	0.550292457297157	10
1NEY	70318.375	16806.7	0.490208563740692	10
1NF0	69687	16979.9	0.482299533835292	10
1R2S	142259.75	34218.7	0.385131149370451	10
1R2T	69183.875	16580	0.49155206005386	10
1SPQ	69930.375	17735.6	0.462823579972829	10
1SQ7	69518.75	17243.7	0.47415642058019	10
1SSD	69829.375	16976.9	0.483041566426719	10
1SSG	69133.75	17212.8	0.473252240295251	10
1SW0	69807.875	16967	0.483224201085814	10
1SW3	69463.125	16958.1	0.481884707469709	10
1SW7	68174.75	16836.4	0.47934763840141	10
1TPB	68597.75	16552	0.489598668070416	10
1TPC	68396.5	16179.6	0.499887483780555	10
1TPH	68615.5	16367.4	0.495206021218545	10
1TPU	68585	16126.6	0.502451413819008	10
1TPV	68580.875	16063.5	0.504404897673273	10
1TRE	68364	16876.2	0.479101765605008	10
1VGA	142708.625	34047.5	0.387881479823379	10
1W0M	240322.625	51833.4	0.360637485847599	10
1WOA	143357.75	34052	0.38900538854788	10
1WOB	142640.125	34210.8	0.385906447919084	10
1WYI	67283.375	16117.3	0.496360271539617	10
1YDV	73447.5	17776.5	0.477114423732152	10
1YPI	69251.5	16969.9	0.480571079081061	10
1YYA	69462.75	16573.8	0.493056489578159	10
2DP3	35513.25	9494.59	0.550302545160559	10
2H6R	227093.75	54002.9	0.333327002401595	10
2I9E	136695.875	33373	0.384526093304518	10
2JGQ	68817.875	16436.1	0.494105310641976	10
2YPI	68589.375	16662	0.486326824509724	10
3M9Y	70855.375	17084	0.484703805053894	10
3PVF	35841.625	9592.43	0.54804213181257	10
3PWA	72153	17629.7	0.475417829011401	10
3PY2	71391.5	17180.9	0.484398235505566	10
3QSR	34312.5	9226.7	0.553442660476896	10
3QST	34796.25	9198.28	0.560358280522727	10
3TA6	69916.5	16818.7	0.487990634267638	10
3TAO	70939.75	16847.3	0.491903883108947	10
3TH6	68057.125	16475.4	0.489287239571827	10
3UWU	70572.125	17306.2	0.477204506187186	10
3UWV	70974.125	17273.5	0.479921800537025	10
3UWW	70437.875	17128.5	0.481543608535984	10
3UWY	72161	17322	0.483898696574853	10
3UWZ	70942.625	17288.6	0.479360746115883	10
3YPI	68942.375	16424.2	0.495059493632823	10
4GNJ	69391.5	18121.6	0.450635188923803	10
4IOT	69590.75	17033.7	0.480333424452218	10
4O4V	34609.125	8945.94	0.574096928254193	10
4O4W	33847.625	8932.3	0.566508317930808	10
4O50	34972.5	9065.24	0.570500379146023	10
4O52	34134	8984.27	0.566403748537377	10
4O53	34292	9062.65	0.563236503049198	10
4O54	34560.75	9113.01	0.56304665588112	10
4O57	33670.875	9020.96	0.558986049102534	10
4OWG	68137.25	15905.1	0.507229053690645	10
4POD	68803.625	15962.4	0.508698138570793	10
4RCX	31819.75	8472.73	0.573137202697131	10
4UNK	67074.375	17032.6	0.468713648808835	10
4WJE	33755.5	8772.58	0.575775459698859	10
5BNK	64680.625	16062.7	0.485119108549948	10
5BRB	67822.125	16868.5	0.476784272500897	10
5CSR	129651.625	33188.4	0.37326429737466	10
5VWN	31562.375	8478.03	0.56968610370147	10
7TIM	68584	16498.4	0.491123636713121	10
