id	AA	BA	CA	DA	EA	FA	AB	BB	CB	DB	EB	FB	AC	BC	CC	DC	EC	FC	AD	BD	CD	DD	ED	FD	AE	BE	CE	DE	EE	FE	AF	BF	CF	DF	EF	FF	A	C	D	E	F	G	H	I	K	L	M	N	P	Q	R	S	T	V	W	Y	skewness	kurtosis	volume	surface_area	spherecity	label
119l	0	0	0	0	0	0	0	7	0	12	9	7	0	0	0	0	0	0	0	20	0	33	17	5	0	8	0	23	8	0	0	0	0	7	5	2	15	0	10	8	5	11	1	10	13	16	5	12	3	5	13	7	12	9	3	6	0.053275734186173	-0.81313687571402	23862.25	7122.75	0.562743754951622	3
193l	0	0	0	0	0	0	0	2	3	13	6	2	0	1	0	4	2	1	0	13	5	28	9	5	0	6	0	10	3	3	0	4	0	6	1	1	12	8	7	2	3	12	1	6	6	8	2	14	2	3	11	10	7	6	6	3	0.174062294885516	-0.732260630068692	17686.25	5361.8	0.612252669336155	3
1ab8	0	0	0	0	0	0	0	16	0	40	30	8	0	4	0	4	2	0	0	38	4	72	50	20	0	22	6	54	24	6	0	14	0	14	6	4	26	10	24	30	18	32	10	32	30	38	12	22	12	18	12	36	28	30	2	18	0.01273529479901	-0.426829584823044	49115.75	13553.5	0.47853442374757	3
1af5	0	0	0	0	0	0	0	5	0	17	7	2	0	0	0	0	1	0	0	13	1	15	20	2	0	10	0	9	7	10	0	3	0	10	1	1	6	1	8	6	8	7	2	9	14	18	0	5	5	12	4	9	5	9	2	5	-0.077035506566366	-0.657735763569389	18788.5	6458.84	0.529164869677308	3
1afi	0	0	0	0	0	0	0	1	0	4	3	2	0	0	0	2	0	0	0	7	2	18	12	1	0	1	0	14	1	0	0	0	0	3	0	0	10	2	4	3	2	4	0	1	9	3	1	0	3	3	1	5	9	11	0	1	0.039810851402581	-0.879395254878429	15705.375	3997.1	0.758760390419045	3
1ag2	0	0	0	0	0	0	0	10	0	12	4	2	0	1	0	0	1	0	0	7	0	12	10	7	0	5	2	8	4	2	0	5	0	5	2	3	2	2	5	7	3	6	3	3	4	2	7	8	3	8	6	4	9	9	1	11	0.075695482393106	-0.898164056361784	15682.625	5116.84	0.592145081142577	3
1ah6	0	0	0	0	0	0	0	11	0	25	13	3	0	0	0	0	0	0	0	19	0	33	30	6	0	17	0	23	13	8	0	5	0	6	6	1	13	0	12	23	11	12	1	21	16	21	5	8	7	9	10	17	12	15	1	6	-0.246750858301918	-0.369673455582294	29465.25	8274.81	0.557527354933882	3
1ahq	0	0	0	0	0	0	0	4	0	17	7	5	0	2	0	0	0	0	0	16	1	24	14	5	0	8	1	13	5	2	0	3	0	6	3	0	11	2	11	10	6	7	3	8	14	5	3	5	4	7	5	10	7	13	1	5	0.02534327780207	-0.767222072980335	18956.375	5694.67	0.603743437700973	3
1aih	0	0	0	0	0	0	0	16	4	72	16	24	0	4	0	0	4	0	0	64	0	132	84	28	0	48	4	60	48	8	0	0	0	44	16	0	52	8	24	56	36	28	24	36	36	80	24	40	32	16	44	44	48	28	4	20	0.13157541033191	-0.402451781951019	97728.625	26684.8	0.384504444979591	3
1ako	0	0	0	0	0	0	0	14	0	27	16	6	0	1	1	1	0	0	0	27	1	46	28	12	0	16	1	24	14	5	0	5	0	15	3	4	15	3	19	21	14	19	8	16	13	23	8	12	16	11	21	11	11	14	5	8	0.054397165232028	-0.678349028456855	39905.625	10577.8	0.533881474569703	3
1aor	0	0	0	0	0	0	0	48	2	108	48	24	0	0	0	8	4	0	0	112	6	248	154	52	0	52	2	152	54	24	0	18	2	56	26	8	102	12	64	104	32	134	22	76	94	116	30	54	64	8	52	44	60	64	16	62	0.040405653727551	-0.760814984166286	173290.375	32875.9	0.457217419462105	3
1aps	0	0	0	0	0	0	0	4	0	7	6	1	0	0	0	0	1	0	0	8	0	24	10	6	0	2	0	15	1	2	0	4	1	3	2	0	3	1	3	7	4	8	0	3	9	3	2	5	3	3	7	13	6	12	2	4	-0.112587920576334	-0.795016605221016	21259	5337.2	0.695343183903297	3
1apy	0	0	0	0	0	0	0	16	10	54	22	4	0	6	0	6	4	2	0	60	6	154	60	28	0	14	2	64	32	10	0	10	0	32	2	4	66	18	32	30	24	60	14	34	26	32	18	26	32	18	24	44	46	38	8	16	-0.05340654651324	-0.39471378375548	82254.875	17728.3	0.515930809867125	3
1ast	0	0	0	0	0	0	0	12	0	15	14	4	0	1	0	3	0	0	0	15	1	30	18	14	0	9	2	20	9	6	0	8	1	11	4	2	10	4	13	11	6	17	7	16	3	12	6	10	5	11	6	17	14	12	3	17	0.121802871425947	-0.745782320796293	28401.375	7623.59	0.59049673903963	3
1atl	0	0	0	0	0	0	0	18	2	38	32	6	0	4	0	0	4	0	0	38	0	60	48	12	0	30	6	44	22	8	0	8	0	14	4	4	18	8	28	26	12	22	18	28	16	50	14	28	14	16	22	28	20	18	4	14	-0.073881503194571	-0.728836579035389	58256.375	15172	0.479001560932917	3
1bia	0	0	0	0	0	0	0	15	0	26	22	3	0	0	0	1	0	0	0	29	0	55	44	9	0	17	1	46	24	7	0	5	0	8	6	2	28	1	16	21	8	35	2	27	18	43	8	13	11	16	20	14	9	18	7	6	-0.019798970470826	-0.782038660654224	40814.25	11473.2	0.499659451888315	3
1bnc	0	0	0	0	0	0	0	36	0	80	50	10	0	4	0	8	4	0	0	78	8	186	124	20	0	50	6	106	42	24	0	8	2	34	10	6	90	16	42	70	28	86	24	86	50	56	28	36	42	28	58	36	30	60	2	30	0.07981127128005	-0.746320166755049	123244.5	31042.7	0.385806613646224	3
1bpl	0	0	0	0	0	0	0	12	0	54	24	16	0	0	0	0	0	0	0	52	0	97	39	32	0	25	0	38	14	11	0	17	0	31	11	8	35	0	37	25	20	45	24	20	28	29	7	25	15	20	21	26	27	32	17	30	0.133238029355804	-0.841636097132687	67510.375	15345.5	0.522496550910741	3
1bvl	0	0	0	0	0	0	0	8	2	38	16	4	0	0	0	4	0	4	0	34	6	114	54	24	0	14	0	56	12	6	0	16	0	16	6	12	22	8	22	10	12	44	4	18	16	36	6	12	20	28	26	54	46	28	12	26	0.02501336306644	-0.799519371529168	62085	16077.2	0.471626464875458	3
1cby	0	0	0	0	0	0	0	13	0	16	25	10	0	0	0	1	0	0	0	26	1	34	24	8	0	18	0	34	18	3	0	6	0	8	7	6	18	1	9	11	15	7	7	23	15	23	5	29	8	15	3	21	14	23	3	9	0.199181684913735	-0.500811086187344	33341.375	10169.5	0.492614126052304	3
1cdl	0	0	0	0	0	0	0	48	0	108	32	16	0	0	0	0	0	0	0	80	0	92	80	16	0	56	0	52	24	12	0	20	0	16	8	0	56	0	68	84	32	52	8	36	36	40	36	24	8	28	40	24	52	32	4	8	-0.078844385182796	-0.969230266622308	89891.375	25885.1	0.374897858671599	3
1cew	0	0	0	0	0	0	0	7	2	6	8	1	0	0	0	4	0	0	0	7	2	21	10	5	0	6	0	10	6	3	0	3	0	5	1	0	7	4	5	8	3	5	1	6	7	8	2	4	5	7	6	10	5	9	1	5	0.187902726233006	-0.965565460724944	15573.25	5665.65	0.53229683767934	3
1chk	0	0	0	0	0	0	0	22	0	44	28	6	0	0	0	0	0	2	0	52	2	134	34	20	0	18	0	38	18	12	0	8	0	26	6	4	54	2	44	20	16	50	10	18	34	38	10	18	22	18	18	24	32	20	6	22	0.021230456186459	-0.822872673287434	65354.5	17712.5	0.442983882925734	3
1chm	0	0	0	0	0	0	0	34	0	80	50	10	0	2	0	6	0	2	0	72	6	142	84	44	0	54	2	84	50	6	0	14	2	34	12	10	80	10	56	54	26	56	30	58	24	64	24	40	30	26	58	30	40	50	10	36	-0.021606196959814	-0.722236214117215	116509.75	24856.3	0.464111670789773	3
1ckm	0	0	0	0	0	0	0	22	0	56	38	18	0	2	0	0	4	0	0	64	4	94	74	30	0	34	2	86	48	14	0	10	0	30	22	6	26	6	50	38	44	40	14	58	62	56	20	34	32	12	30	24	38	52	6	18	0.118298092546562	-0.821519571247408	95081.625	26059.6	0.386587175636089	3
1coy	0	0	0	0	0	0	0	16	0	46	22	11	0	0	0	0	0	1	0	48	1	123	55	22	0	20	0	62	19	10	0	10	0	19	15	6	43	1	28	19	21	59	4	25	31	32	14	29	23	19	21	30	39	40	9	20	0.018308947483699	-0.84742529065213	69301.5	15800.6	0.516383435173091	3
1crk	0	0	0	0	0	0	0	76	4	124	76	36	0	16	0	12	0	4	0	120	16	336	180	40	0	80	12	172	64	32	0	24	0	48	40	4	76	32	112	100	52	116	44	68	104	140	36	64	88	40	124	72	72	116	20	44	-0.014993796901157	-0.715536324673469	221889.5	56892.2	0.311546275846934	3
1cse	0	0	0	0	0	0	0	3	0	28	18	5	0	0	0	0	0	0	0	31	0	95	39	16	0	15	0	43	17	3	0	4	0	16	4	5	42	0	11	10	9	40	8	10	11	21	5	24	15	9	8	35	24	42	1	19	0.120875585824251	-0.829637366949624	44188.5	10493.5	0.576018719474017	3
1ctf	0	0	0	0	0	0	0	3	0	9	3	1	0	0	0	0	0	0	0	8	0	21	10	0	0	4	0	9	4	0	0	1	0	0	0	0	17	0	4	11	1	6	0	2	11	7	0	1	1	0	1	2	2	8	0	0	0.093486698965232	-0.841042808177217	9033.375	3212.62	0.652917223938092	3
1ctn	0	0	0	0	0	0	0	15	2	50	29	18	0	0	0	2	2	0	0	60	2	117	48	26	0	25	0	51	23	10	0	13	0	34	7	5	50	4	37	19	25	60	6	24	40	40	10	33	23	25	11	30	34	35	14	20	0.270192493995031	-0.654196514749108	75162.625	18242.6	0.472134078039841	3
1dap	0	0	0	0	0	0	0	24	0	68	38	12	0	2	0	2	2	0	0	62	2	154	62	22	0	42	2	56	26	12	0	12	2	22	10	4	68	6	58	32	30	50	26	30	22	40	16	22	28	30	38	26	44	54	4	16	-0.027968464419246	-0.542168812238548	89786.125	22439	0.432135665795514	3
1dar	0	0	0	0	0	0	0	23	0	65	47	8	0	0	0	1	0	0	0	66	0	133	91	21	0	41	0	91	41	15	0	12	1	21	10	3	50	1	40	66	22	59	14	56	42	49	20	13	38	24	42	22	44	64	3	22	0.116176413993041	-0.826552584860717	87597.875	24193.7	0.394255306452498	3
1dco	0	0	0	0	0	0	0	32	0	88	40	32	0	8	0	0	0	0	0	72	8	128	120	32	0	56	0	96	8	16	0	24	0	40	16	8	88	8	40	72	64	40	48	32	40	80	24	48	16	32	56	40	32	48	16	8	-0.007803671256018	-0.770216358425768	117374.375	29886.4	0.387905599073604	3
1def	0	0	0	0	0	0	0	8	0	14	15	2	0	0	0	1	1	0	0	20	0	15	16	1	0	10	2	21	13	2	0	1	0	1	3	0	10	2	11	19	3	8	4	14	7	17	4	3	6	6	10	5	3	13	0	2	-0.079119772538198	-0.784182718315421	34205.5	7768.06	0.655997496460837	3
1dik	0	0	0	0	0	0	0	42	2	84	50	14	0	1	1	8	2	1	0	84	8	173	97	35	0	51	1	99	40	12	0	14	1	32	15	6	85	13	49	87	40	74	16	47	62	59	39	28	36	28	39	33	52	59	5	23	-0.119622804224491	-0.836743742841499	121075.25	29791.2	0.397282751857222	3
1div	0	0	0	0	0	0	0	5	0	22	6	0	0	0	0	0	0	0	0	17	0	29	25	4	0	10	0	21	1	2	0	1	0	2	3	0	19	0	4	13	4	11	3	8	23	17	1	6	4	10	4	3	8	9	0	2	-0.289750805745522	-0.977297858057395	21013.625	7581.69	0.485719366650596	3
1ebh	0	0	0	0	0	0	0	36	0	84	42	6	0	2	0	0	0	0	0	68	2	230	104	34	0	50	0	96	40	16	0	12	0	30	14	4	110	2	62	50	32	74	22	44	74	80	10	38	30	18	28	62	40	68	10	18	0.028323616832495	-0.747027386280228	121243.375	26405.1	0.448643781752098	3
1efn	0	0	0	0	0	0	0	22	0	42	20	12	0	0	0	2	0	2	0	40	2	64	46	24	0	18	0	44	12	12	0	14	2	26	8	6	26	4	26	44	20	28	18	12	18	42	4	12	30	14	20	22	18	28	14	22	0.065497405516605	-0.632011864682457	46097	13711.8	0.453424270337149	3
1ema	0	0	0	0	0	0	0	10	0	26	14	4	0	1	0	0	1	0	0	26	1	39	23	14	0	10	0	26	12	5	0	7	1	11	4	2	8	2	18	16	13	22	10	12	20	19	6	13	10	7	7	10	16	17	1	11	0.10354162255923	-0.770246427852533	31576.125	9085.24	0.531765644087953	3
1esf	0	0	0	0	0	0	0	28	0	48	34	16	0	2	0	2	0	0	0	54	2	80	24	22	0	34	2	38	14	8	0	8	0	14	24	10	14	4	34	30	16	30	12	20	48	46	4	38	8	24	14	24	34	26	4	36	-0.022822142889102	-0.863455495720558	68869.625	19035.7	0.426841939857219	3
1ezm	0	0	0	0	0	0	0	13	1	24	13	7	0	0	0	4	0	0	0	27	3	76	19	20	0	11	0	24	10	6	0	7	0	18	8	9	27	4	22	9	16	33	7	9	11	14	9	20	10	7	15	25	18	19	4	22	0.061298434312145	-0.804944925177754	40580	9911.04	0.576199562413757	3
1fca	0	0	0	0	0	0	0	1	1	3	6	0	0	2	0	5	1	0	0	8	5	7	2	0	0	0	2	5	2	2	0	0	0	2	0	0	9	8	5	3	0	5	0	5	0	0	0	1	4	2	1	3	1	6	0	2	-0.035172861069441	-0.955279411149937	6878.375	2680.8	0.652444552323182	3
1fd2	0	0	0	0	0	0	0	7	1	15	8	2	0	6	0	1	1	0	0	10	3	7	9	3	0	7	3	7	3	3	0	3	1	2	2	1	8	8	11	14	5	3	2	6	6	7	1	4	9	4	1	1	3	9	2	2	0.133947554975748	-0.855934531313207	14649.125	4612.04	0.627767530371079	3
1fim	0	0	0	0	0	0	0	3	0	14	2	2	0	0	0	1	2	0	0	10	3	21	16	3	0	5	0	12	5	4	0	3	0	5	1	1	12	3	5	2	4	9	3	6	3	11	1	8	7	6	4	10	6	8	1	5	0.043711685885986	-0.745384051586187	13968.625	4878.78	0.574921648381699	3
1fjm	0	0	0	0	0	0	0	24	2	66	38	16	0	8	2	0	12	4	0	54	14	114	54	30	0	42	6	58	38	12	0	18	2	26	16	8	32	26	48	44	38	54	12	40	44	80	12	30	34	26	38	36	18	26	6	26	-0.001748263215025	-1.04893378621412	83429.625	20214.4	0.456776196300655	3
1fkd	0	0	0	0	0	0	0	3	0	8	5	3	0	0	0	1	0	0	0	9	0	28	11	5	0	5	1	10	7	1	0	1	0	7	1	0	5	1	6	7	5	13	3	5	8	7	3	1	7	5	6	5	7	9	1	3	-0.131348888079325	-0.752000148748098	15210	4952.38	0.599454612507787	3
1frd	0	0	0	0	0	0	0	11	0	6	9	1	0	1	0	3	1	0	0	8	3	16	7	3	0	7	2	7	4	2	0	0	0	5	1	0	4	5	8	10	3	7	2	8	5	7	1	3	3	6	2	8	7	6	0	3	-0.046348025401433	-0.900597069469754	13519.25	4276.45	0.641754799562124	3
1fro	0	0	0	0	0	0	0	44	4	80	28	8	0	0	4	12	0	0	0	84	8	116	84	32	0	20	0	84	28	20	0	16	0	36	8	12	48	16	72	44	36	48	12	36	72	68	24	24	48	24	20	40	40	24	12	24	-0.061931681508819	-0.663607975309942	102537.125	27501.3	0.385228425019303	3
1fwp	0	0	0	0	0	0	0	9	0	13	6	1	0	0	0	0	1	0	0	11	0	37	21	0	0	9	0	18	9	1	0	0	1	1	0	0	13	1	8	15	2	7	1	9	8	16	0	0	8	6	9	11	13	12	0	0	0.001201731308053	-0.806099513233532	9102.25	3232.96	0.652103152325662	3
1gal	0	0	0	0	0	0	0	21	0	53	34	13	0	0	0	3	0	0	0	53	3	134	56	28	0	28	0	61	31	9	0	18	0	24	8	5	58	3	36	30	18	57	19	26	15	49	11	33	25	22	22	37	42	43	10	27	0.005020438693464	-0.890586461959916	79832.75	17510.8	0.51203407473003	3
1gbs	0	0	0	0	0	0	0	4	0	20	8	2	0	1	0	1	1	1	0	18	2	50	18	9	0	8	1	17	7	1	0	3	1	10	0	1	15	4	12	6	3	21	5	13	18	7	3	8	5	8	11	9	14	11	3	9	-0.081147870669762	-0.755687190499783	25915.375	7128.09	0.594131549837357	3
1gdl	0	0	0	0	0	0	0	6	0	14	6	4	0	0	0	0	0	0	0	11	0	33	20	5	0	12	0	15	12	2	0	1	0	7	3	1	21	0	6	14	7	7	5	9	14	14	1	6	5	4	1	9	8	17	3	2	-0.173732196291288	-0.783665625945393	21683.25	6704.44	0.560881610079658	3
1ges	0	0	0	0	0	0	0	34	0	68	52	22	0	2	0	8	2	0	0	84	4	188	108	34	0	40	8	122	40	12	0	16	0	30	22	2	84	12	50	62	32	92	26	66	46	54	26	46	42	18	32	32	64	78	6	32	-0.089244929452737	-0.869378045660054	125505.25	30696.9	0.394909456892305	3
1ggt	0	0	0	0	0	0	0	76	2	124	90	32	0	2	0	10	4	2	0	136	4	264	142	68	0	80	6	152	74	40	0	30	6	66	40	10	74	18	94	98	64	100	28	76	76	96	38	80	66	52	90	92	90	142	30	58	-0.071306228948136	-0.705384507507895	209698.625	50145.8	0.340392473626002	3
1gmp	0	0	0	0	0	0	0	10	0	20	4	2	0	0	0	2	4	0	0	20	2	42	12	16	0	4	2	16	12	0	0	4	0	12	2	4	12	6	14	10	6	16	4	10	0	12	0	4	12	10	10	14	24	12	0	16	-0.071025930422669	-0.814706129623147	26626.125	9023.41	0.477879878473663	3
1gnd	0	0	0	0	0	0	0	22	3	41	23	12	0	1	0	5	3	1	0	42	3	74	41	19	0	28	4	39	28	12	0	7	0	20	17	1	23	10	33	32	19	31	5	30	29	36	14	20	21	16	21	26	23	32	1	25	-0.248725728442272	-0.714961990138289	64365.875	16817.2	0.461849935322384	3
1gpm	0	0	0	0	0	0	0	92	16	168	108	40	0	4	0	8	8	8	0	148	4	384	276	76	0	128	4	272	120	52	0	48	4	56	68	4	160	28	136	172	92	172	60	124	96	184	60	60	92	56	128	96	84	212	32	56	0.05808191994826	-0.746794549954033	290112	72552.8	0.292105953773309	3
1grj	0	0	0	0	0	0	0	14	1	19	9	1	0	0	0	0	0	1	0	14	0	25	20	4	0	11	0	17	11	2	0	5	0	2	1	0	14	1	11	20	5	11	2	14	10	11	3	7	5	6	10	5	6	14	0	3	0.188936526576678	-0.73127293148235	21211.375	7452.42	0.497239952809167	3
1grl	0	0	0	0	0	0	0	189	0	336	259	28	0	14	0	7	0	0	0	350	14	847	567	42	0	224	7	574	252	21	0	35	0	56	0	7	518	21	245	322	49	420	7	224	280	287	161	133	98	112	147	119	231	413	0	49	-0.023825784302538	-0.89284226292589	458163.25	131189	0.219078724360922	3
1gtp	0	0	0	0	0	0	0	200	20	320	320	0	0	0	0	20	0	20	0	340	0	960	620	100	0	220	20	680	260	80	0	80	0	60	60	20	360	40	240	260	140	180	200	320	220	460	140	180	160	180	260	260	400	340	0	80	0.00672709348922	-0.565946059895465	653756.5	148973	0.244523483530069	3
1gtq	0	0	0	0	0	0	0	16	2	22	14	4	0	0	0	2	0	0	0	14	0	50	38	12	0	22	0	36	20	4	0	4	0	4	12	2	14	2	14	20	6	16	12	10	18	30	8	22	12	2	14	16	12	36	2	14	0.10581436380744	-0.742580736044282	40353.25	13069.9	0.435308891977789	3
1gua	0	0	0	0	0	0	0	14	3	24	19	4	0	5	1	1	0	1	0	21	2	36	25	6	0	17	2	25	16	6	0	7	0	4	6	1	13	8	17	17	10	15	3	11	16	26	7	13	5	17	15	12	12	23	2	6	0.014063517252604	-0.720966796978022	35851.75	10634.8	0.494418869500389	3
1han	0	0	0	0	0	0	0	7	1	23	12	4	0	0	0	2	0	0	0	23	0	65	44	15	0	16	1	35	9	8	0	1	0	22	4	4	36	2	25	11	18	27	10	10	10	25	8	4	11	7	18	20	16	26	5	8	-0.033173625047008	-0.55534999900449	40034.375	10217.1	0.553917622859349	3
1hfc	0	0	0	0	0	0	0	10	0	19	7	6	0	0	0	0	0	0	0	17	0	35	17	10	0	12	0	13	4	1	0	3	0	11	3	0	12	0	15	9	8	16	9	9	2	12	2	9	11	9	9	10	10	8	3	6	0.005318373441696	-0.728534134715473	22118.75	6532.37	0.583338179916848	3
1hqi	0	0	0	0	0	0	0	13	0	4	10	2	0	0	0	0	0	0	0	8	0	12	7	1	0	6	0	8	9	3	0	1	0	4	1	0	7	0	9	10	2	3	3	8	2	5	3	6	2	4	7	2	2	11	2	2	-0.120810643190958	-0.962063822391448	32928.25	7228.34	0.687318424382297	3
1hum	0	0	0	0	0	0	0	2	0	12	8	6	0	0	2	2	4	0	0	12	4	34	4	4	0	6	0	8	4	6	0	6	2	4	4	2	10	8	8	8	6	2	0	0	6	8	2	4	12	8	6	16	8	14	2	10	-0.021285972868403	-0.657904542322901	20378.125	7377.65	0.489037569434807	3
1hxp	0	0	0	0	0	0	0	26	2	84	12	22	0	4	0	4	4	0	0	74	6	150	74	28	0	30	0	52	34	16	0	12	4	42	8	6	66	12	38	48	30	32	30	12	26	62	16	24	52	36	42	38	46	44	20	22	-0.040775233879685	-0.566926676931954	97335.75	23032	0.444290873760369	3
1iba	0	0	0	0	0	0	0	6	0	8	4	0	0	0	0	1	0	0	0	4	0	34	13	4	0	6	1	10	3	1	0	2	0	1	2	0	13	1	6	5	4	10	6	4	8	6	3	5	1	2	4	7	6	9	0	1	-0.15308230889566	-0.950676253085996	16144.375	4470.57	0.690985153633882	3
1igd	0	0	0	0	0	0	0	3	0	6	3	1	0	0	0	0	0	0	0	8	0	15	4	5	0	0	0	7	2	0	0	1	0	4	1	0	7	0	5	4	2	4	0	1	7	2	1	3	1	1	0	0	13	6	1	3	-0.026383991042773	-0.925001237312052	8317.375	3274.58	0.606251335130852	3
1kap	0	0	0	0	0	0	0	24	0	58	20	7	0	0	0	0	0	0	0	49	0	109	43	31	0	24	0	37	17	10	0	12	0	28	8	4	58	0	43	12	23	56	7	19	17	41	2	29	11	25	8	51	25	27	7	22	0.001200966692219	-1.17129835396694	63529	15943.5	0.482927353093646	3
1kif	0	0	0	0	0	0	0	72	0	248	144	80	0	8	8	16	8	0	0	248	24	456	304	152	0	152	8	304	168	56	0	64	0	160	64	24	136	40	104	176	120	256	72	160	96	288	40	152	176	112	168	104	176	208	80	112	0.020420267091443	-0.732930084561843	400986.875	95486.6	0.275398645554384	3
1kpa	0	0	0	0	0	0	0	16	0	24	4	2	0	0	0	4	0	0	0	16	2	56	34	10	0	14	2	26	22	2	0	0	0	8	6	0	20	4	20	12	8	26	16	24	18	18	6	4	14	10	10	12	4	18	2	4	0.001810436447461	-0.823198577881471	31952.375	8051.58	0.604790705866242	3
1kpt	0	0	0	0	0	0	0	8	0	26	10	0	0	6	0	8	4	2	0	20	16	42	18	2	0	8	2	18	6	4	0	2	0	4	2	0	10	20	6	4	0	30	4	8	2	14	2	22	4	12	16	20	12	16	2	6	-0.027210202844193	-0.636781590981763	27554.625	8023.62	0.549849003479738	3
1kuh	0	0	0	0	0	0	0	8	0	16	3	7	0	0	0	2	0	0	0	18	2	31	9	4	0	5	0	8	2	2	0	3	0	7	3	1	11	2	7	5	3	15	4	3	0	6	1	11	8	11	7	12	8	7	2	9	-0.015460732082526	-0.934991292957914	17770.875	5295.06	0.621945667736042	3
1kvd	0	0	0	0	0	0	0	10	0	28	10	2	0	0	0	8	0	0	0	26	6	76	28	14	0	10	2	30	8	2	0	2	0	10	4	0	32	8	20	6	8	50	4	18	16	14	6	16	8	8	6	22	14	14	8	2	0.030406251782552	-0.650650861748461	35732.125	9372.83	0.559739489752739	3
1lba	0	0	0	0	0	0	0	5	0	15	4	5	0	0	0	2	1	0	0	14	2	35	17	3	0	8	1	11	7	3	0	2	0	8	1	1	13	3	9	9	5	13	7	6	11	10	2	5	4	6	9	9	6	12	4	3	0.044342921425899	-0.861454107343602	20866.5	6259.56	0.585562681678816	3
1lbu	0	0	0	0	0	0	0	4	2	19	8	3	0	1	0	4	0	1	0	21	3	63	18	14	0	8	0	22	2	0	0	3	1	11	3	1	30	6	11	4	8	31	7	7	5	11	4	11	8	11	10	15	13	10	4	7	-0.128835938870907	-0.632116563241496	28039.625	7722.29	0.57798888265636	3
1lgr	0	0	0	0	0	0	0	240	12	480	276	120	0	0	0	24	24	0	0	552	12	1308	576	204	0	276	12	612	264	108	0	60	12	240	120	72	564	48	372	420	276	444	192	324	300	384	192	228	336	108	276	300	252	372	24	204	-0.000130472704768	-0.420885124569759	757848.625	152326	0.263895346105298	3
1lit	0	0	0	0	0	0	0	6	2	16	3	3	0	0	0	2	1	3	0	17	2	24	13	8	0	6	1	8	4	4	0	1	1	14	2	2	8	6	8	8	7	10	2	4	9	8	1	9	6	6	5	17	7	10	6	7	0.024553536127011	-0.634570307809254	18125	5600.95	0.595764250068147	3
1lml	0	0	0	0	0	0	0	18	5	46	17	8	0	2	0	11	3	2	0	37	11	100	56	20	0	25	2	45	20	7	0	11	0	22	4	5	55	18	29	22	19	38	13	18	15	25	10	20	24	23	19	28	32	47	6	17	0.063243269920349	-0.749155199813659	63771.25	16794.3	0.459626969999712	3
1lts	0	0	0	0	0	0	0	22	1	93	32	18	0	0	0	2	10	0	0	89	6	115	80	33	0	40	5	86	25	11	0	10	0	33	19	4	37	12	34	53	16	34	13	74	53	39	23	43	27	36	41	56	69	31	8	42	0.047686408196266	-0.797463103460748	110748.875	25648.1	0.434832311832245	3
1mbb	0	0	0	0	0	0	0	18	1	31	21	6	0	2	0	1	3	0	0	33	4	57	38	14	0	17	1	41	19	6	0	7	0	15	4	2	30	6	15	23	11	28	11	18	16	31	4	17	17	22	14	14	16	32	7	10	-0.081570859998465	-0.940376690146046	48002.5	13296.3	0.480392136701895	3
1mka	0	0	0	0	0	0	0	4	0	32	16	6	0	0	0	4	0	0	0	28	2	66	40	14	0	24	2	30	28	8	0	2	0	18	10	6	20	4	24	18	20	48	4	12	22	40	14	8	14	8	18	8	16	28	6	10	0.0040887730817	-0.796385459417768	49024.125	12379	0.523285212596729	3
1mla	0	0	0	0	0	0	0	10	2	21	17	7	0	0	0	4	1	0	0	29	3	74	36	9	0	12	0	45	16	3	0	6	0	7	6	0	54	5	11	21	8	24	4	9	14	26	11	9	17	16	8	14	16	31	4	7	0.237651275470853	-0.873926938431175	41364.375	10167.2	0.568897120634571	3
1mli	0	0	0	0	0	0	0	20	0	80	80	10	0	0	0	0	10	0	0	90	10	150	110	60	0	70	0	150	20	10	0	10	0	30	40	0	70	10	90	50	30	30	60	30	50	110	50	10	60	40	60	50	40	70	20	30	0.023548661607007	-0.587169746929603	51966.125	41236.7	0.16331037539211	3
1mng	0	0	0	0	0	0	0	18	0	26	28	12	0	0	0	0	0	0	0	38	0	76	42	22	0	20	0	46	16	10	0	8	0	30	6	6	38	0	18	28	18	34	22	14	28	46	6	20	26	18	12	6	14	26	12	20	0.094426922189693	-0.786384657009019	60076.5	15029.2	0.493572941405326	3
1mol	0	0	0	0	0	0	0	14	0	14	4	12	0	0	0	2	0	0	0	10	0	34	20	12	0	12	2	16	6	2	0	8	0	10	8	0	6	2	10	18	10	16	0	16	18	12	2	10	12	6	14	4	8	8	2	14	0.003767644365629	-0.591723296333909	28485.375	8986.29	0.501939825766097	3
1mrj	0	0	0	0	0	0	0	11	0	20	11	5	0	0	0	0	0	0	0	22	0	49	33	9	0	12	0	32	14	5	0	3	0	11	5	4	28	0	9	10	9	11	1	19	10	25	4	19	8	10	13	26	16	15	1	13	-0.068283001581828	-0.857867785556803	35435.5	9414.01	0.554202540995394	3
1msk	0	0	0	0	0	0	0	19	0	33	17	7	0	0	0	1	0	1	0	31	1	63	34	19	0	14	1	36	9	6	0	11	0	16	6	5	37	2	23	30	13	19	9	12	17	25	6	13	18	10	20	12	17	23	8	17	-0.106248389929533	-0.868954632516437	47390.375	12849.5	0.492861233216157	3
1mut	0	0	0	0	0	0	0	9	0	14	7	3	0	0	0	0	0	0	0	14	0	18	15	5	0	5	0	17	5	3	0	5	0	3	3	2	9	0	4	18	7	10	3	9	8	11	4	6	9	5	7	2	4	7	5	1	0.065169266569946	-0.784742802583661	33964.5	7377.03	0.687521143578979	3
1mxa	0	0	0	0	0	0	0	14	2	37	19	5	0	1	0	3	0	0	0	39	2	83	42	14	0	20	0	36	28	8	0	3	0	21	3	2	38	4	27	26	13	34	9	26	20	28	9	7	18	17	18	20	24	29	4	12	-0.004159951582551	-0.931474927470227	52992.375	13083.9	0.521461798033613	3
1nox	0	0	0	0	0	0	0	5	0	15	11	2	0	0	0	0	0	0	0	24	0	45	22	10	0	4	0	28	22	2	0	0	0	12	2	0	32	0	7	17	3	13	4	8	6	30	3	1	15	8	21	7	3	16	4	7	-0.619130444402496	0.287036848442182	29351.5	9758.8	0.471528456683247	3
1npk	0	0	0	0	0	0	0	1	0	19	3	3	0	0	0	0	0	0	0	14	0	34	22	4	0	9	0	16	13	3	0	1	0	6	3	2	12	0	5	13	8	16	3	8	11	13	2	7	9	1	8	10	6	18	1	3	0.079828381538391	-0.698518404150692	20655.75	6619.92	0.549952730328714	3
1oac	0	0	0	0	0	0	0	74	0	136	80	36	0	0	0	0	0	0	0	148	0	290	154	60	0	56	0	174	86	26	0	48	0	52	22	10	110	0	116	78	48	112	40	88	98	90	44	78	92	54	54	50	98	120	32	52	-0.149239690353473	-0.325739582561527	212759.875	47494.1	0.36288661244484	3
1ofg	0	0	0	0	0	0	0	120	18	168	120	36	0	6	0	12	6	0	0	216	6	534	216	114	0	72	0	270	144	30	0	48	0	108	30	6	252	24	132	108	60	186	42	144	102	144	96	108	138	114	156	120	96	132	18	114	0.081287187006739	0.077317201131343	317446.375	74427.5	0.302364598209429	3
1ord	0	0	0	0	0	0	0	72	8	148	68	52	0	2	0	0	6	4	0	166	2	254	124	64	0	62	2	142	76	30	0	44	0	68	38	26	126	12	106	98	84	100	36	88	88	104	26	88	74	56	62	62	64	94	14	78	-0.187424502025048	-0.504554939270379	213779.875	44850.7	0.385501534835656	3
1otf	0	0	0	0	0	0	0	12	0	54	18	0	0	0	0	0	0	0	0	54	0	54	54	6	0	18	0	54	24	6	0	0	0	6	6	0	30	0	12	42	6	24	6	36	18	30	12	12	24	18	36	18	18	24	0	6	-0.013218312472519	-0.909629335621095	51846.25	12649.8	0.531551521021331	3
1otg	0	0	0	0	0	0	0	18	0	27	21	9	0	3	0	0	0	0	0	24	3	69	48	18	0	24	0	48	15	9	0	6	0	18	12	0	39	3	15	30	27	21	21	21	15	45	12	15	15	15	18	18	18	18	6	3	0.128359607110421	-0.705952309255291	55133.75	13043.4	0.53707920006965	3
1oun	0	0	0	0	0	0	0	18	0	24	10	12	0	0	0	4	2	0	0	28	2	30	28	6	0	14	4	22	12	8	0	4	0	12	10	2	16	6	20	8	16	16	10	24	12	20	10	10	10	26	4	16	10	8	6	6	0.129002938667933	-0.610897160568613	36116.75	10226.8	0.516674233435434	3
1pax	0	0	0	0	0	0	0	9	0	35	24	8	0	0	0	1	0	1	0	31	1	70	42	12	0	27	1	42	22	5	0	9	0	9	9	2	23	2	22	20	10	25	8	26	34	41	9	18	15	16	10	23	19	21	2	17	-0.070991246029735	-0.812130955899069	51380	13972.6	0.478339558163346	3
1pba	0	0	0	0	0	0	0	10	0	8	8	2	0	0	0	0	0	0	0	4	0	12	7	3	0	9	0	6	3	1	0	4	0	1	1	1	3	0	7	12	5	2	5	5	4	6	0	5	2	4	3	5	3	8	1	1	-0.092750682355836	-0.772610177357079	27097.875	6468.42	0.674490861701025	3
1pbe	0	0	0	0	0	0	0	7	2	39	20	4	0	1	0	2	2	0	0	39	2	81	47	16	0	19	1	46	21	10	0	5	0	17	8	4	36	5	19	34	12	34	9	18	12	46	6	4	17	15	38	19	20	28	6	16	-0.003430905441443	-1.02399828527928	56852	14859	0.481199358960032	3
1pda	0	0	0	0	0	0	0	10	3	31	16	4	0	2	0	1	1	0	0	29	1	64	48	2	0	20	0	44	22	4	0	3	0	3	4	0	34	4	19	24	3	28	5	19	8	42	6	11	16	10	27	16	10	24	2	5	0.048532086114089	-0.882301019071476	41742.25	11155.8	0.521635702233392	3
1pil	0	0	0	0	0	0	0	5	0	10	6	1	0	0	0	1	0	0	0	8	0	20	17	3	0	7	1	15	7	3	0	2	0	2	3	0	8	1	12	8	5	10	1	14	10	4	3	0	3	2	7	0	9	13	0	2	0.023357981195053	-0.677761485126075	16089.875	6268.02	0.491724896721599	3
1pkp	0	0	0	0	0	0	0	3	0	12	8	1	0	0	0	0	0	0	0	11	0	42	22	3	0	10	0	19	14	0	0	0	0	4	0	0	15	0	4	11	4	18	3	14	12	11	2	7	7	2	11	6	6	17	0	0	-0.047958234945933	-0.647589127818278	19759.875	6115.01	0.578020287431139	3
1plq	0	0	0	0	0	0	0	12	1	20	20	8	0	2	0	2	0	0	0	24	2	33	32	6	0	14	1	33	20	6	0	8	0	9	3	1	13	4	27	19	17	12	2	24	18	32	6	6	8	9	8	24	12	13	0	4	0.02300534894069	-0.413822803181135	37175.25	10806.1	0.49848382904006	3
1pma	0	0	0	0	0	0	0	322	14	420	462	70	0	14	0	0	0	0	0	490	0	1162	756	252	0	336	0	896	420	126	0	126	0	182	140	0	532	14	350	420	168	504	28	462	392	532	224	182	154	336	322	364	364	588	0	280	0.004522861092396	-0.465732007006742	870444.625	196967	0.223829892561239	3
1pmd	0	0	0	0	0	0	0	32	0	82	30	13	0	0	0	0	0	0	0	68	0	135	79	26	0	43	0	65	32	15	0	13	0	27	14	0	52	0	39	44	24	54	5	40	42	48	23	37	28	37	19	52	57	44	5	25	-0.330732271075249	-0.584283740513076	37628.125	28368.7	0.191419601884977	3
1pne	0	0	0	0	0	0	0	3	1	9	6	3	0	0	0	3	0	0	0	11	1	35	17	3	0	6	0	15	11	3	0	2	1	6	1	1	11	3	8	4	5	16	2	7	9	11	6	6	4	4	5	9	12	11	2	4	-0.07626756777366	-0.684590488922092	18979.25	5812.09	0.59202197151635	3
1pnk	0	0	0	0	0	0	0	39	0	80	29	25	0	0	0	0	0	0	0	81	0	152	74	41	0	38	0	69	32	15	0	16	0	46	19	8	69	0	48	35	30	57	13	30	41	56	18	42	40	49	32	42	55	50	28	31	0.28006146941334	-0.684219646951892	109856.375	25330.2	0.43792090932225	3
1prt	0	0	0	0	0	0	0	58	8	134	40	46	0	8	0	14	18	12	0	134	26	474	216	72	0	66	10	198	92	50	0	24	4	102	52	18	172	52	72	98	64	158	32	78	64	148	58	54	106	68	124	132	138	134	12	124	0.020060258283694	-0.744573458890314	267685.625	63010.4	0.318778180751008	3
1psd	0	0	0	0	0	0	0	32	4	70	44	10	0	0	0	2	4	2	0	70	0	178	110	18	0	50	2	110	54	10	0	8	2	18	14	4	90	8	38	54	26	68	26	56	46	98	16	42	34	26	30	48	36	56	2	18	0.013933041443427	-0.787480363193691	113885.25	29109.9	0.390320831880971	3
1ptf	0	0	0	0	0	0	0	1	0	9	8	1	0	0	0	0	0	0	0	11	0	17	11	2	0	4	0	14	6	0	0	2	0	1	0	0	9	0	4	9	2	9	2	6	7	7	4	3	1	3	1	6	6	8	0	1	0.107785231123368	-0.949536873378316	11742.375	3695.19	0.676110967863769	3
1pya	0	0	0	0	0	0	0	39	0	90	57	18	0	3	0	0	3	0	0	105	6	183	96	36	0	42	0	102	30	27	0	15	0	51	15	3	81	6	75	66	24	84	6	60	60	57	33	36	54	27	33	63	48	51	18	45	-0.054611303740078	-0.718052866515841	131795	28604.5	0.437840287251987	3
1qap	0	0	0	0	0	0	0	28	0	60	44	6	0	0	0	0	2	4	0	58	4	112	78	6	0	44	0	72	26	14	0	8	0	16	6	2	66	6	50	40	20	46	14	24	16	70	6	24	18	24	46	14	40	56	6	6	0.117822552720706	-0.820470723643242	82433.375	21183.8	0.432396640601349	3
1qba	0	0	0	0	0	0	0	36	2	95	45	13	0	1	0	4	1	0	0	88	2	176	82	52	0	45	2	81	30	13	0	22	0	44	12	11	81	6	69	44	38	72	16	33	60	63	16	31	45	48	45	46	35	59	19	32	0.063125689824422	-0.838327669130311	125925.625	27113.9	0.448093053414835	3
1raa	0	0	0	0	0	0	0	38	2	98	50	12	0	2	0	4	2	2	0	88	4	170	120	24	0	58	2	112	62	12	0	12	2	24	12	10	88	10	60	48	34	42	30	54	52	106	20	52	38	40	46	62	50	68	4	22	0.020869942614809	-0.708696607298637	134638.375	35801.5	0.354836926763914	3
1reg	0	0	0	0	0	0	0	14	0	28	12	2	0	0	0	2	0	0	0	18	2	22	36	12	0	14	0	28	20	8	0	8	0	10	4	2	4	2	14	22	10	12	6	20	28	24	12	10	6	10	14	6	14	16	6	8	-0.108029818783204	-0.75210744284751	37438	11159.1	0.484986945137387	3
1ris	0	0	0	0	0	0	0	7	0	10	10	2	0	0	0	0	0	0	0	10	0	9	13	2	0	11	0	10	6	2	0	1	0	4	1	2	8	0	5	11	2	3	0	5	4	12	3	7	5	6	12	2	0	10	1	5	-0.328857014576594	-0.711035825438727	15102.125	4917.69	0.60082549091091	3
1scu	0	0	0	0	0	0	0	34	6	124	66	14	0	4	0	10	4	2	0	130	8	304	182	30	0	60	6	180	90	24	0	16	0	34	20	0	152	20	64	92	38	168	22	106	92	104	28	40	58	48	44	38	82	124	6	26	0.102557543044289	-0.769137097821677	181394.25	45278.5	0.342248146206475	3
1sei	0	0	0	0	0	0	0	6	0	34	6	2	0	0	0	0	0	0	0	24	0	46	46	2	0	14	0	32	22	10	0	4	0	6	4	0	18	0	10	22	4	22	4	32	22	22	6	10	10	6	22	8	12	20	0	10	-0.108802164594332	-0.41503395452446	38119.5	11633.6	0.470834337074549	3
1set	0	0	0	0	0	0	0	32	0	80	52	10	0	0	0	4	0	0	0	76	4	164	102	42	0	56	0	92	44	14	0	10	0	46	10	2	92	4	30	94	24	56	16	20	36	116	18	18	56	32	80	28	24	54	12	32	-0.201753233404209	-0.444946343213086	123579.5	31128.5	0.385440092351261	3
1sha	0	0	0	0	0	0	0	4	0	10	4	1	0	0	0	0	2	1	0	10	2	25	10	4	0	3	1	10	5	3	0	3	0	5	0	4	5	3	4	7	5	7	3	3	7	12	1	5	4	4	8	9	8	6	1	7	-0.025546240309874	-0.927609043689105	15497.875	5169.82	0.581464856653448	3
1sly	0	0	0	0	0	0	0	35	2	64	26	15	0	1	0	1	0	0	0	60	0	123	67	29	0	33	0	58	26	12	0	14	0	33	10	8	69	2	32	38	17	35	3	24	26	54	22	31	28	42	47	35	36	29	19	29	0.212659046053886	-0.9130632997213	89769.25	24797.7	0.390982921518858	3
1smn	0	0	0	0	0	0	0	24	2	40	28	6	0	2	0	4	0	2	0	44	6	128	44	22	0	16	0	58	14	8	0	14	0	14	10	2	52	8	36	16	12	32	10	24	30	40	4	34	30	16	18	34	38	28	12	16	-0.010711425294479	-0.819403029580555	67191.75	16150.5	0.494890124275248	3
1spb	0	0	0	0	0	0	0	11	0	27	17	1	0	0	0	0	0	0	0	27	0	110	40	13	0	13	0	40	16	5	0	4	0	15	1	2	48	0	13	11	6	36	8	14	25	16	6	19	15	13	2	42	16	38	3	13	-0.187258439759413	-0.311267989948971	43624.5	10946.5	0.547472721431763	3
1srs	0	0	0	0	0	0	0	2	0	8	10	2	0	0	5	5	0	0	0	12	4	90	16	8	0	4	2	20	14	2	0	2	0	8	2	0	20	12	4	8	6	22	2	10	24	18	6	4	6	6	12	12	35	8	0	6	nan	nan	36052.5	11525.5	0.45791120756167	3
1sso	0	0	0	0	0	0	0	2	0	6	3	1	0	0	0	0	0	0	0	6	0	15	6	4	0	4	0	6	3	0	0	0	0	4	1	0	3	0	3	6	2	7	0	3	13	3	2	0	1	3	2	3	3	5	1	2	-0.071926991979126	-0.760805662381225	9777.25	4182.98	0.528619058065124	3
1std	0	0	0	0	0	0	0	5	0	19	4	8	0	0	0	1	0	0	0	16	0	27	23	10	0	8	1	17	5	4	0	7	0	11	4	1	7	1	17	12	9	13	6	8	14	11	6	1	5	6	11	10	10	11	7	7	0.01317131643494	-0.906348042636837	24390.25	7546.4	0.538958266778812	3
1stu	0	0	0	0	0	0	0	1	0	9	2	0	0	0	0	1	0	0	0	6	0	13	12	1	0	4	1	9	5	1	0	1	0	1	0	0	4	1	0	7	2	6	3	6	9	4	3	3	2	2	3	3	3	7	0	0	-0.20020207837224	-0.450695852416971	16977.875	4438.08	0.719798967353199	3
1tbd	0	0	0	0	0	0	0	3	0	12	5	2	0	0	0	1	2	0	0	13	2	26	10	10	0	2	0	15	7	5	0	4	1	7	5	1	8	3	4	9	11	4	6	7	11	14	2	8	6	1	5	15	7	6	0	7	0.164429719249407	-0.531732391629456	19636	6232.89	0.564715893932831	3
1tfe	0	0	0	0	0	0	0	12	1	15	9	2	0	1	0	0	1	1	0	13	1	16	20	0	0	12	0	14	11	6	0	1	0	6	2	0	14	3	4	19	5	7	4	13	11	13	5	7	4	9	9	1	1	12	0	4	0.343257506688436	-0.391625161769271	20704.875	7101.57	0.513465766993968	3
1tif	0	0	0	0	0	0	0	8	0	8	5	1	0	0	0	0	1	0	0	6	1	16	7	2	0	6	0	5	6	1	0	2	0	2	0	0	7	1	5	7	3	3	0	7	9	6	2	4	3	6	8	2	0	4	0	1	0.274974481513103	-0.77635075528465	11558.375	4252.6	0.581336301734241	3
1tig	0	0	0	0	0	0	0	3	0	11	6	1	0	0	0	1	0	0	0	12	1	19	11	1	0	5	0	11	5	2	0	1	0	2	1	0	8	1	6	7	4	4	2	6	13	7	2	6	3	2	8	2	5	8	0	0	-0.187696830679973	-0.896616709319982	13068.25	4364.51	0.614742993708074	3
1tpt	0	0	0	0	0	0	0	15	0	42	19	4	0	0	0	1	1	0	0	37	1	97	67	12	0	20	1	64	23	8	0	7	0	10	7	3	56	2	33	24	16	39	6	27	22	37	19	12	15	11	24	23	29	34	2	9	-0.002622311313947	-0.783817813213279	24755.75	18478.1	0.222302426732841	3
1tys	0	0	0	0	0	0	0	14	3	22	12	10	0	1	0	3	0	0	0	21	1	45	29	10	0	18	0	26	13	6	0	7	0	10	9	3	13	4	21	13	13	18	11	16	12	28	7	11	14	16	13	11	14	13	7	9	0.095976824561755	-0.775919193821612	39055.75	10508.9	0.529724654715707	3
1uae	0	0	0	0	0	0	0	8	0	34	31	3	0	0	0	2	3	1	0	41	5	93	54	8	0	23	1	63	24	6	0	3	0	9	6	0	47	6	23	29	11	40	9	31	20	38	10	12	16	12	25	17	27	39	2	5	0.03971455556651	-1.0532314775569	57795.375	13237.6	0.546097591731641	3
1ubi	0	0	0	0	0	0	0	5	0	6	7	1	0	0	0	0	0	0	0	8	0	15	9	1	0	5	0	11	3	1	0	1	0	0	2	0	2	0	5	6	2	6	1	7	7	9	1	2	3	6	4	3	7	4	0	1	0.197926595807076	-0.536872816795588	11130.125	3757.95	0.641504669088382	3
1udi	0	0	0	0	0	0	0	14	2	30	12	3	0	1	0	4	0	1	0	28	1	74	34	15	0	14	2	30	31	5	0	4	1	15	4	0	25	6	17	22	9	18	11	16	11	33	7	14	26	8	23	20	19	27	8	7	0.064816278405488	-0.723636009070769	45549.5	11752.1	0.524836933100414	3
1upl	0	0	0	0	0	0	0	42	0	86	24	22	0	4	0	0	2	0	0	54	4	102	76	22	0	52	2	42	60	18	0	22	0	26	14	6	42	6	36	62	44	16	14	44	64	86	18	36	22	40	30	36	34	28	2	22	0.131445869182547	-0.801698619490255	92490.625	28332.4	0.34908611055063	3
1vao	0	0	0	0	0	0	0	44	2	92	62	18	0	2	0	2	2	2	0	90	2	196	144	52	0	56	4	138	68	30	0	26	0	56	20	10	62	8	72	54	42	94	30	70	60	102	42	56	72	36	54	66	46	84	28	42	-0.012264701072127	-0.958746211196448	159255.375	34822.2	0.408028643702506	3
1vcc	0	0	0	0	0	0	0	6	0	6	2	3	0	0	0	0	0	0	0	7	0	12	8	3	0	2	0	10	4	2	0	2	0	2	4	3	3	0	6	4	5	4	3	2	5	7	2	4	3	3	4	3	5	8	1	5	-0.071613858143489	-0.901201217367109	11386.625	4023.81	0.60828905798195	3
1vhh	0	0	0	0	0	0	0	8	0	17	4	6	0	0	0	2	0	0	0	19	2	34	20	5	0	4	0	20	4	2	0	4	0	7	2	1	14	2	10	14	4	10	6	7	14	11	3	8	6	3	12	10	9	9	3	7	0.111495497326056	-0.577866824897465	22428.125	6392.64	0.601634208429931	3
1vig	0	0	0	0	0	0	0	2	0	8	9	0	0	0	0	0	0	0	0	9	0	12	7	2	0	6	0	8	3	1	0	2	0	1	0	0	3	0	5	5	1	4	3	9	6	5	1	5	3	4	6	5	0	4	0	2	-0.182759192027152	-0.906443214349287	22879.375	5712.5	0.682266450347207	3
1vjw	0	0	0	0	0	0	0	3	1	7	3	1	0	0	0	4	2	0	0	7	4	8	6	0	0	4	1	6	1	0	0	0	0	0	1	0	7	6	8	4	1	5	0	2	4	4	1	1	4	2	1	2	2	6	0	0	-0.004747146119674	-0.94711236299741	7623.5	2817.07	0.664950661358329	3
1xer	0	0	0	0	0	0	0	2	0	7	8	3	0	0	0	4	2	1	0	10	2	22	8	2	0	5	5	11	3	0	0	3	0	0	3	1	8	7	7	4	3	9	4	7	5	2	1	6	11	3	2	3	3	14	1	3	0.045955516397953	-0.87131563166998	13669.5	4383.23	0.630751488769472	3
1xxa	0	0	0	0	0	0	0	24	0	36	24	18	0	0	0	0	0	0	0	36	0	90	48	12	0	36	0	54	54	0	0	6	0	6	18	0	48	0	48	24	18	36	6	42	18	72	6	18	18	12	6	18	36	30	0	12	0.008411660195432	-0.882979798933242	59079.5	15458.2	0.474551200854543	3
1ytb	0	0	0	0	0	0	0	10	2	18	10	8	0	0	0	10	0	0	0	20	6	128	40	26	0	12	0	50	36	2	0	6	0	18	12	0	52	10	10	20	24	36	4	34	32	30	8	8	16	10	22	22	40	28	0	12	nan	nan	71406.375	21619.1	0.385009257112489	3
1yua	0	0	0	0	0	0	0	5	1	16	4	0	0	0	0	1	0	0	0	17	0	29	11	5	0	3	0	7	3	6	0	1	0	8	2	2	11	1	8	11	6	8	0	0	12	9	2	3	11	4	9	6	5	9	2	5	-0.055199109083519	-0.793425372077454	36045.875	9112.28	0.579109625217055	3
2act	0	0	0	0	0	0	0	14	2	14	13	6	0	3	0	4	0	0	0	20	4	38	21	12	0	5	0	23	9	6	0	6	1	16	1	1	18	7	16	11	5	28	1	17	6	8	2	12	7	10	5	12	18	17	6	14	0.03090069629252	-0.822483600355724	29144.375	7697.34	0.594994957567218	3
2baa	0	0	0	0	0	0	0	4	2	23	5	3	0	2	0	2	0	3	0	18	3	76	19	17	0	7	0	15	9	3	0	6	2	17	1	5	35	7	14	4	13	30	5	11	7	9	2	8	14	11	14	16	13	12	6	12	0.121753293089569	-0.834032771847257	32543	8565.1	0.575515128272899	3
2bop	0	0	0	0	0	0	0	4	0	9	2	1	0	1	2	6	0	0	0	6	6	24	9	6	0	3	0	7	3	1	0	2	2	5	0	1	8	10	3	2	7	12	3	4	4	5	1	5	4	6	6	6	9	4	1	2	nan	nan	17360.875	7045.19	0.460227417849105	3
2chs	0	0	0	0	0	0	0	96	0	132	108	12	0	0	0	24	0	0	0	96	0	300	204	12	0	144	24	144	144	24	0	12	0	12	24	0	72	24	84	144	12	60	36	84	108	156	84	24	72	96	84	36	144	168	12	24	-0.01598788843128	-0.720020291239381	207055	50384.6	0.33592587553336	3
2cmd	0	0	0	0	0	0	0	10	0	26	17	4	0	1	0	2	0	0	0	25	2	70	47	6	0	19	1	44	20	3	0	2	0	7	4	1	34	3	12	19	10	36	2	17	21	33	4	11	13	15	9	17	18	34	0	4	-0.044393602137764	-0.809020160588219	43249	11049.8	0.539237914777357	3
2glt	0	0	0	0	0	0	0	9	1	39	17	4	0	1	0	1	0	2	0	34	0	53	39	8	0	19	3	31	23	7	0	6	0	10	5	3	22	4	20	27	11	25	4	26	18	33	10	12	17	11	19	10	19	15	4	9	0.310026417175929	-0.620493580552215	44081.375	11776.4	0.512438397564728	3
2kau	0	0	0	0	0	0	0	23	0	77	41	4	0	2	0	5	2	0	0	65	8	168	105	27	0	50	1	95	46	8	0	4	0	28	8	3	88	9	45	49	23	73	28	54	25	58	23	25	41	26	40	29	49	68	7	13	0.145659805715291	-0.616643768404923	106326.625	25160.8	0.431374396625029	3
2ms2	0	0	0	0	0	0	0	6	3	48	18	0	0	3	0	3	0	0	0	36	3	69	54	18	0	18	0	51	15	9	0	12	0	12	6	0	42	6	12	15	12	27	0	24	18	21	6	30	18	18	12	39	27	42	6	12	-0.068816142674122	-0.562061430022255	52251.125	20692.8	0.326634430205749	3
2phy	0	0	0	0	0	0	0	3	0	15	8	4	0	0	0	1	0	0	0	13	1	20	13	6	0	9	0	12	2	2	0	5	0	5	2	3	9	1	12	7	9	13	2	5	11	7	5	6	4	5	2	5	7	9	1	5	-0.030304122405748	-0.796039308470761	18055	5441.51	0.611640669186699	3
2pol	0	0	0	0	0	0	0	32	4	66	46	8	0	0	0	4	4	0	0	60	4	132	98	22	0	52	0	92	52	10	0	12	0	22	6	4	56	8	38	58	28	50	14	30	24	86	30	28	40	32	50	46	36	62	2	14	0.017528885354598	-0.830676587709629	106183	27918	0.388421399962144	3
2reb	0	0	0	0	0	0	0	11	1	43	22	1	0	0	0	1	2	0	0	42	2	65	42	11	0	20	0	48	18	3	0	5	0	6	5	3	38	3	20	30	10	35	2	27	27	31	9	15	10	13	14	20	17	22	2	7	0.005947158982356	-0.696748227273797	42068.5	12610	0.463881503418212	3
2sic	0	0	0	0	0	0	0	10	1	24	17	5	0	1	0	2	1	0	0	28	3	121	44	14	0	14	0	52	20	1	0	3	0	12	5	2	53	4	15	10	6	44	8	13	13	23	8	21	21	11	6	45	21	43	4	13	-0.015294511181613	-0.717230107385449	48731.375	12076.2	0.534268543451255	3
2vik	0	0	0	0	0	0	0	5	0	10	8	2	0	1	0	0	0	0	0	10	0	31	11	7	0	7	0	11	4	3	0	2	1	6	3	3	6	1	4	9	4	14	3	6	10	7	4	4	3	8	4	10	9	9	2	9	-0.14602530375123	-0.81497367070878	17952	6212.94	0.533656976606225	3
3fib	0	0	0	0	0	0	0	13	2	22	9	9	0	2	0	1	0	1	0	27	2	52	16	17	0	5	0	22	4	5	0	9	0	17	6	7	16	4	21	9	16	28	6	13	20	12	5	15	7	11	6	14	17	6	10	13	-0.003334901140382	-0.779196909658252	36093.125	8942.88	0.590594926380718	3
3pmg	0	0	0	0	0	0	0	40	2	102	48	28	0	2	0	2	6	0	0	112	4	232	126	48	0	40	4	142	68	14	0	26	0	42	22	10	98	10	70	60	62	100	20	90	76	82	22	52	48	38	50	70	60	76	8	30	-0.010293247178197	-0.778382566669789	160700.375	37559.3	0.380578773119236	3
3rub	0	0	0	0	0	0	0	23	2	57	24	9	0	2	0	8	0	2	0	51	5	108	72	35	0	27	4	64	22	16	0	12	1	33	17	4	51	12	31	44	26	52	15	27	34	51	12	20	29	20	34	22	34	45	13	28	0.036290320567787	-0.380682445503645	81322.375	19824.4	0.457886080817064	3
4kbp	0	0	0	0	0	0	0	32	0	168	44	64	0	0	0	0	4	0	0	188	4	344	176	120	0	68	0	144	60	44	0	20	0	172	32	40	96	4	88	84	100	108	68	88	92	72	36	84	96	52	112	144	116	120	52	116	-0.002412655119163	-0.722037781229688	251580.875	53476.9	0.360387442396366	3
7rsa	0	0	0	0	0	0	0	1	2	18	3	3	0	3	0	3	1	1	0	18	5	25	10	3	0	4	0	9	3	2	0	1	1	7	0	0	12	8	5	5	3	3	4	3	10	2	4	10	4	7	4	15	10	9	0	6	0.03618980695804	-0.897430739868505	18037.75	5913.4	0.562473124830523	3
