id	AA	BA	CA	DA	EA	FA	AB	BB	CB	DB	EB	FB	AC	BC	CC	DC	EC	FC	AD	BD	CD	DD	ED	FD	AE	BE	CE	DE	EE	FE	AF	BF	CF	DF	EF	FF	A	C	D	E	F	G	H	I	K	L	M	N	P	Q	R	S	T	V	W	Y	skewness	kurtosis	volume	surface_area	spherecity	label
1aco	0	0	0	0	0	0	0	24	2	75	33	16	0	0	0	10	2	0	0	70	7	172	96	23	0	41	3	80	37	10	0	16	0	30	3	3	59	12	47	43	23	72	24	56	52	64	10	34	42	27	36	38	45	41	9	20	0.005746003240347	-0.529685337209853	106888.375	23067.7	0.472171909380001	4
1ad3	0	0	0	0	0	0	0	58	4	60	48	16	0	2	0	8	4	0	0	70	2	202	104	28	0	38	6	104	64	18	0	18	2	30	12	4	68	14	50	58	26	60	24	58	60	74	26	36	48	42	40	60	46	74	10	30	0.00732534842003	-0.61320509654291	129642.5	28753.4	0.430817348402332	4
1add	0	0	0	0	0	0	0	17	0	27	22	11	0	0	1	1	3	0	0	33	3	62	38	13	0	20	1	42	16	6	0	6	0	18	6	2	23	5	20	35	13	22	11	16	28	31	9	14	18	8	15	15	18	29	4	15	-0.022525635858377	-0.872414547298321	50625.625	11617	0.569687994243152	4
1ak5	0	0	0	0	0	0	0	16	1	52	21	12	0	2	0	1	5	0	0	55	4	87	64	15	0	17	3	63	31	11	0	12	0	21	5	4	36	8	34	27	18	43	10	39	35	33	11	20	16	21	22	36	27	43	5	19	0.022298892339071	-0.242430746863743	46357.875	12419.8	0.502479716845575	4
1amp	0	0	0	0	0	0	0	16	0	33	7	7	0	0	0	2	0	0	0	23	2	69	37	13	0	13	0	24	9	7	0	11	0	15	1	1	32	2	18	13	10	20	7	14	9	17	7	14	12	18	5	32	27	16	5	13	-0.12099544207255	-0.875585638960411	39680.125	8918.18	0.630845842558039	4
1art	0	0	0	0	0	0	0	22	1	37	17	9	0	0	1	3	1	0	0	37	3	81	40	19	0	15	0	49	17	7	0	12	0	10	13	1	46	5	20	27	20	30	6	17	18	38	8	23	15	16	22	21	22	26	5	11	0.17410285025835	-0.700290449624852	56281.75	15219.8	0.466645312396163	4
1asu	0	0	0	0	0	0	0	2	0	17	5	2	0	0	0	1	0	0	0	19	0	45	20	5	0	3	0	22	7	3	0	2	1	5	2	0	18	1	5	8	4	13	5	8	9	14	4	6	8	7	13	9	15	9	5	1	-0.280931467811267	-0.274864186942314	22902.625	8007.99	0.487024464158921	4
1ayl	0	0	0	0	0	0	0	25	0	49	20	16	0	0	0	4	0	1	0	54	3	119	60	20	0	21	0	58	23	13	0	10	2	25	13	4	45	5	38	30	28	47	9	27	34	46	11	27	27	15	23	26	45	32	9	17	0.000968060766657	-0.967431830347472	77356.375	18171.6	0.483157096660589	4
1bam	0	0	0	0	0	0	0	8	1	21	14	7	0	1	0	0	2	0	0	23	1	32	23	6	0	14	0	22	11	5	0	5	1	9	3	3	8	3	9	24	9	11	2	18	25	21	5	14	10	4	5	12	12	9	3	9	0.007860156397025	-0.873591750365207	29553.625	8120.35	0.569267707266377	4
1bco	0	0	0	0	0	0	0	14	2	26	14	8	0	1	0	1	2	1	0	29	1	71	35	13	0	13	1	35	14	9	0	7	1	17	7	4	30	5	20	20	16	30	7	11	22	24	9	15	14	9	22	8	17	28	8	12	0.042172769705455	-0.923083254239378	42967.125	11819.2	0.501942041960034	4
1ble	0	0	0	0	0	0	0	9	0	13	6	4	0	0	0	0	0	0	0	9	0	32	30	1	0	13	0	20	14	3	0	1	0	6	1	0	13	0	11	9	6	6	4	15	11	12	6	6	5	6	11	14	8	18	1	1	-0.048445347919672	-0.823679380952	23665.125	7260.07	0.549055001053956	4
1bmt	0	0	0	0	0	0	0	22	2	44	36	6	0	2	0	0	0	0	0	44	0	102	54	10	0	30	0	54	44	12	0	14	0	8	6	0	38	2	22	44	12	40	6	32	32	34	16	20	16	26	26	20	32	58	4	12	-0.155407077322404	-0.629565053834238	69629.125	20569.7	0.397908721775727	4
1bnc	0	0	0	0	0	0	0	36	0	80	50	10	0	4	0	8	4	0	0	78	8	186	124	20	0	50	6	106	42	24	0	8	2	34	10	6	90	16	42	70	28	86	24	86	50	56	28	36	42	28	58	36	30	60	2	30	0.07981127128005	-0.746320166755049	123244.5	31042.7	0.385806613646224	4
1bro	0	0	0	0	0	0	0	26	0	36	26	18	0	0	0	0	0	0	0	50	0	140	50	26	0	20	0	50	28	12	0	10	0	40	6	14	70	0	40	32	36	46	14	22	10	50	2	20	26	14	26	30	46	36	8	26	0.021626542322338	-0.720691225148447	77292.75	18701.8	0.469202037320761	4
1brs	0	0	0	0	0	0	0	15	0	87	24	12	0	0	0	0	0	0	0	63	0	102	60	36	0	36	0	48	27	15	0	24	0	24	15	3	48	0	39	42	18	45	9	42	42	57	0	27	15	30	27	42	39	27	18	30	-0.034788191628953	-0.851551336496338	83788.5	22968.6	0.403155458051302	4
1byb	0	0	0	0	0	0	0	24	0	47	29	13	0	3	0	2	0	1	0	40	4	85	52	21	0	32	1	44	27	13	0	14	1	24	9	8	32	6	33	29	21	38	11	27	30	47	11	30	30	21	19	25	18	32	11	24	0.079317482809226	-0.775644198387436	71543.125	16451.9	0.506578399617245	4
1cbg	0	0	0	0	0	0	0	19	0	33	24	16	0	1	0	2	2	0	0	40	2	100	44	34	0	16	1	47	17	16	0	16	2	37	10	10	36	5	31	24	31	37	13	23	32	44	9	28	26	9	26	30	20	21	12	33	0.080204588671525	-0.830804825923008	74129.375	17477.8	0.488267238139358	4
1cdg	0	0	0	0	0	0	0	35	1	60	29	21	0	0	0	2	0	1	0	56	2	159	66	38	0	34	0	71	20	12	0	21	0	29	22	6	65	3	40	18	32	65	12	37	29	38	13	62	28	26	20	47	56	49	13	33	0.037024505436421	-0.716874440505344	95352.875	20244.9	0.498567942209942	4
1cfr	0	0	0	0	0	0	0	6	1	24	20	4	0	0	0	3	0	0	0	21	0	49	39	13	0	18	2	35	13	8	0	10	0	10	5	3	16	3	19	15	15	13	6	33	17	26	5	18	5	3	12	35	18	13	3	10	-0.09622006615003	-0.47935114469453	41771.25	11711.2	0.497127408301626	4
1chd	0	0	0	0	0	0	0	5	1	18	7	2	0	0	0	1	1	0	0	18	0	52	30	5	0	9	1	30	13	1	0	1	0	4	3	0	25	2	6	10	4	21	8	15	8	16	8	7	12	10	10	15	6	16	1	3	0.095777205501994	-0.741113493515364	26939.625	7202.86	0.603355832071746	4
1chm	0	0	0	0	0	0	0	34	0	80	50	10	0	2	0	6	0	2	0	72	6	142	84	44	0	54	2	84	50	6	0	14	2	34	12	10	80	10	56	54	26	56	30	58	24	64	24	40	30	26	58	30	40	50	10	36	-0.021606196959814	-0.722236214117215	116509.75	24856.3	0.464111670789773	4
1coy	0	0	0	0	0	0	0	16	0	46	22	11	0	0	0	0	0	1	0	48	1	123	55	22	0	20	0	62	19	10	0	10	0	19	15	6	43	1	28	19	21	59	4	25	31	32	14	29	23	19	21	30	39	40	9	20	0.018308947483699	-0.84742529065213	69301.5	15800.6	0.516383435173091	4
1cse	0	0	0	0	0	0	0	3	0	28	18	5	0	0	0	0	0	0	0	31	0	95	39	16	0	15	0	43	17	3	0	4	0	16	4	5	42	0	11	10	9	40	8	10	11	21	5	24	15	9	8	35	24	42	1	19	0.120875585824251	-0.829637366949624	44188.5	10493.5	0.576018719474017	4
1ctt	0	0	0	0	0	0	0	11	0	21	17	5	0	1	0	4	0	0	0	24	5	70	36	11	0	11	0	38	12	4	0	7	0	12	1	3	47	5	17	13	11	20	9	13	10	39	6	11	16	13	11	19	14	8	3	9	-0.113728682200114	-0.823569151096459	40166.375	10173.8	0.557497196477144	4
1cus	0	0	0	0	0	0	0	5	1	19	7	1	0	0	0	2	1	1	0	18	3	62	18	8	0	8	0	20	9	3	0	2	0	5	6	0	28	4	12	6	6	25	1	13	6	18	1	10	9	5	13	13	14	9	1	6	0.009671640892824	-0.827253053751709	26433.375	7029.88	0.610432935539354	4
1dea	0	0	0	0	0	0	0	26	2	34	32	12	0	2	0	4	2	0	0	42	2	106	70	16	0	30	4	66	28	8	0	6	0	26	4	8	44	8	24	36	24	34	22	28	30	48	20	32	26	14	24	22	34	42	4	16	-0.05145681121697	-0.818923769318075	76807.875	20086.3	0.435032142700174	4
1dfj	0	0	0	0	0	0	0	19	12	59	31	6	0	11	1	15	9	2	0	60	21	92	72	5	0	34	3	75	29	4	0	3	1	9	4	1	44	38	28	40	3	40	11	12	24	100	6	27	20	32	26	53	33	28	5	10	-0.075137287378311	-0.850038682490879	81903	20636.8	0.441951869936602	4
1dik	0	0	0	0	0	0	0	42	2	84	50	14	0	1	1	8	2	1	0	84	8	173	97	35	0	51	1	99	40	12	0	14	1	32	15	6	85	13	49	87	40	74	16	47	62	59	39	28	36	28	39	33	52	59	5	23	-0.119622804224491	-0.836743742841499	121075.25	29791.2	0.397282751857222	4
1din	0	0	0	0	0	0	0	8	0	18	12	4	0	0	0	0	1	1	0	25	1	55	24	11	0	8	1	24	10	7	0	1	0	18	4	2	33	2	10	13	10	24	7	7	9	21	4	5	14	14	10	12	7	19	3	12	0.060097778836886	-0.855117775023664	32432.25	8334.69	0.59008248767596	4
1djx	0	0	0	0	0	0	0	70	6	116	66	30	0	4	0	16	2	4	0	136	10	238	124	38	0	58	6	118	66	30	0	18	4	60	20	6	74	26	78	90	52	84	34	58	68	124	28	52	60	68	72	102	54	68	16	40	-0.232213875899712	-0.522948989519056	152791.25	39939.6	0.34605574974241	4
1dnp	0	0	0	0	0	0	0	28	4	100	46	24	0	4	0	2	6	2	0	96	6	196	90	40	0	44	4	92	40	20	0	30	0	38	18	10	100	14	40	66	38	56	30	38	34	86	16	40	52	56	68	46	44	60	30	28	0.059339153269927	-0.530578228927536	137788.875	35130	0.367238956176641	4
1dor	0	0	0	0	0	0	0	22	0	54	40	16	0	0	0	4	2	0	0	58	4	108	76	20	0	40	2	68	28	16	0	12	0	32	8	10	50	6	26	48	40	54	10	50	44	64	18	36	34	22	10	32	32	24	0	22	-0.060340018942952	-0.63704327060311	89058.5	20415.6	0.472395291889072	4
1dos	0	0	0	0	0	0	0	32	0	62	48	10	0	2	0	4	2	0	0	64	6	154	70	30	0	38	2	80	34	16	0	16	0	26	14	4	64	8	42	44	26	62	26	42	50	54	14	36	28	30	12	50	34	60	8	26	-0.222511872649193	-0.306792744770779	101976.375	25608.8	0.412187302767356	4
1dra	0	0	0	0	0	0	0	12	0	32	14	12	0	0	0	2	0	2	0	36	2	54	36	8	0	14	0	34	22	6	0	8	2	12	6	2	26	4	26	26	12	20	10	24	12	22	10	10	20	8	18	18	12	22	10	8	0.026183941556762	-0.823856678908541	45504.25	13309.3	0.463123569582132	4
1dsb	0	0	0	0	0	0	0	16	0	36	24	14	0	0	0	2	0	2	0	36	2	56	48	10	0	24	0	44	8	12	0	14	2	14	8	4	34	4	24	24	22	26	6	10	34	24	12	14	14	28	6	16	18	42	4	16	-0.001510328923663	-0.94538323171811	53998.875	15092.7	0.45776262012425	4
1dts	0	0	0	0	0	0	0	6	0	18	11	0	0	0	0	2	0	0	0	18	1	57	28	8	0	7	1	24	15	7	0	4	0	11	0	2	29	2	7	12	5	18	4	9	8	25	5	6	13	10	8	12	20	16	5	7	-0.227310034135977	-0.706235329267387	30527.875	8589.63	0.549929964582824	4
1e2b	0	0	0	0	0	0	0	1	0	10	6	1	0	0	0	0	0	0	0	11	0	21	13	3	0	5	0	14	12	2	0	0	0	3	3	0	14	0	3	8	2	7	1	7	10	13	4	3	6	4	2	6	2	10	0	4	-0.015387664494269	-0.79825683316633	24757.875	6190.72	0.663567652200093	4
1ebh	0	0	0	0	0	0	0	36	0	84	42	6	0	2	0	0	0	0	0	68	2	230	104	34	0	50	0	96	40	16	0	12	0	30	14	4	110	2	62	50	32	74	22	44	74	80	10	38	30	18	28	62	40	68	10	18	0.028323616832495	-0.747027386280228	121243.375	26405.1	0.448643781752098	4
1ede	0	0	0	0	0	0	0	15	0	33	14	5	0	0	0	3	1	0	0	30	1	46	32	23	0	11	3	26	16	10	0	10	0	24	4	2	30	4	26	18	23	18	5	14	12	28	11	10	23	13	15	13	16	14	6	11	-0.004659262485802	-0.868872227989955	45337.75	10415.4	0.590357130688776	4
1erj	0	0	0	0	0	0	0	51	6	117	51	24	0	6	3	6	6	0	0	132	6	270	108	30	0	39	3	126	63	33	0	18	3	27	39	9	60	21	105	45	30	87	24	54	69	105	9	66	48	33	57	138	63	99	18	48	-0.006967093097046	-0.824711435176212	146919	36196.3	0.371996272337692	4
1esc	0	0	0	0	0	0	0	19	1	37	15	4	0	1	0	4	0	1	0	33	3	63	31	11	0	17	1	28	11	2	0	6	1	9	2	5	33	6	31	17	13	32	3	12	17	31	1	9	21	19	12	8	16	15	4	6	-0.107271300628781	-0.731380602671522	41790.75	10924.9	0.533073095985588	4
1exn	0	0	0	0	0	0	0	36	0	56	34	12	0	0	0	0	2	2	0	44	2	100	56	32	0	42	2	44	38	14	0	14	0	36	10	2	36	4	48	48	32	36	14	42	42	56	10	24	12	18	32	32	32	32	6	24	-0.115729562938213	-0.688234683328018	77998.125	23886.1	0.369596900308926	4
1fnb	0	0	0	0	0	0	0	12	1	31	13	5	0	0	0	1	4	0	0	29	2	66	31	15	0	12	2	36	13	9	0	10	0	9	11	1	21	5	18	27	13	26	5	16	34	24	13	11	17	7	9	16	15	19	6	12	-0.185738717516263	-0.498612558757299	43195.375	11957	0.497912918642787	4
1fua	0	0	0	0	0	0	0	6	1	18	12	3	0	0	0	4	0	0	0	22	2	38	31	6	0	10	1	30	13	4	0	1	0	9	3	0	23	4	6	18	4	13	11	15	9	24	5	10	9	6	10	10	14	15	2	7	0.122794409592946	-0.591791500133933	29375.75	8404.02	0.547843302029524	4
1fui	0	0	0	0	0	0	0	138	12	330	168	54	0	6	0	42	12	12	0	354	18	708	444	162	0	138	30	462	126	36	0	66	12	138	48	24	384	72	192	240	102	318	96	204	150	246	138	144	138	126	192	210	198	210	84	102	-0.079135641740221	-0.678053362809848	512193.875	101770	0.304196306904762	4
1gar	0	0	0	0	0	0	0	18	0	42	22	4	0	0	0	2	0	0	0	48	2	88	42	18	0	18	0	44	34	8	0	0	0	22	8	2	50	2	30	24	16	32	20	30	14	38	8	16	20	16	22	22	18	30	4	12	-0.021544888770829	-0.681000200101469	55063.375	15019	0.466034775929051	4
1gdl	0	0	0	0	0	0	0	6	0	14	6	4	0	0	0	0	0	0	0	11	0	33	20	5	0	12	0	15	12	2	0	1	0	7	3	1	21	0	6	14	7	7	5	9	14	14	1	6	5	4	1	9	8	17	3	2	-0.173732196291288	-0.783665625945393	21683.25	6704.44	0.560881610079658	4
1ges	0	0	0	0	0	0	0	34	0	68	52	22	0	2	0	8	2	0	0	84	4	188	108	34	0	40	8	122	40	12	0	16	0	30	22	2	84	12	50	62	32	92	26	66	46	54	26	46	42	18	32	32	64	78	6	32	-0.089244929452737	-0.869378045660054	125505.25	30696.9	0.394909456892305	4
1gky	0	0	0	0	0	0	0	7	0	18	12	1	0	0	0	1	0	0	0	13	0	50	16	11	0	9	1	16	7	5	0	9	0	5	3	1	15	1	11	15	11	13	1	11	19	12	2	8	7	4	7	19	10	13	1	6	0.181917175650597	-0.575405430455513	26507.625	8596.25	0.500136978350243	4
1gla	0	0	0	0	0	0	0	23	1	62	41	15	0	1	0	2	2	0	0	70	2	128	73	22	0	35	1	85	39	12	0	12	1	19	17	4	53	5	40	57	22	59	11	53	39	48	16	24	21	21	35	31	48	55	13	18	-0.136050758262475	-0.62133770627681	91324.375	21558.4	0.454909917188093	4
1gnd	0	0	0	0	0	0	0	22	3	41	23	12	0	1	0	5	3	1	0	42	3	74	41	19	0	28	4	39	28	12	0	7	0	20	17	1	23	10	33	32	19	31	5	30	29	36	14	20	21	16	21	26	23	32	1	25	-0.248725728442272	-0.714961990138289	64365.875	16817.2	0.461849935322384	4
1gpb	0	0	0	0	0	0	0	43	3	73	49	22	0	1	0	5	3	0	0	73	3	131	104	33	0	50	2	99	42	19	0	23	1	36	14	12	63	9	49	65	38	48	22	51	48	78	21	46	36	30	63	29	36	62	12	36	0.185081561406453	-0.669227034387911	123457.25	29518.8	0.406190559279135	4
1gpl	0	0	0	0	0	0	0	18	1	39	20	10	0	1	0	8	3	1	0	33	6	96	42	20	0	23	2	37	19	8	0	13	3	18	5	5	21	13	22	22	24	36	13	24	28	29	7	28	24	16	13	36	27	29	5	15	-0.033462225149075	-0.643788314322965	60977.25	14851.3	0.504465584275559	4
1gpm	0	0	0	0	0	0	0	92	16	168	108	40	0	4	0	8	8	8	0	148	4	384	276	76	0	128	4	272	120	52	0	48	4	56	68	4	160	28	136	172	92	172	60	124	96	184	60	60	92	56	128	96	84	212	32	56	0.05808191994826	-0.746794549954033	290112	72552.8	0.292105953773309	4
1grl	0	0	0	0	0	0	0	189	0	336	259	28	0	14	0	7	0	0	0	350	14	847	567	42	0	224	7	574	252	21	0	35	0	56	0	7	518	21	245	322	49	420	7	224	280	287	161	133	98	112	147	119	231	413	0	49	-0.023825784302538	-0.89284226292589	458163.25	131189	0.219078724360922	4
1gym	0	0	0	0	0	0	0	24	0	25	16	9	0	0	0	0	0	0	0	29	0	50	30	12	0	10	0	31	11	12	0	10	0	16	7	5	12	0	19	20	12	16	6	23	24	20	7	24	14	11	9	23	18	14	7	19	-0.010203522940477	-0.768199248318628	43887.75	10293.4	0.584548861642389	4
1hjr	0	0	0	0	0	0	0	20	0	68	24	8	0	0	0	8	0	0	0	52	4	104	108	16	0	32	4	100	36	8	0	12	0	8	12	4	84	8	28	20	16	48	12	52	28	52	12	16	24	56	32	32	28	64	0	20	-0.019825447350741	-0.738093123764943	88190.125	26341	0.363746233508194	4
1hmy	0	0	0	0	0	0	0	12	1	32	21	7	0	2	0	2	2	0	0	28	3	56	27	21	0	21	1	29	19	6	0	10	1	16	8	1	16	6	17	22	20	28	6	23	25	25	7	20	13	14	15	16	16	22	1	15	0.267775908112526	-0.493531450735097	49483.875	13402.1	0.486355395188572	4
1hpl	0	0	0	0	0	0	0	30	6	90	42	22	0	2	0	18	6	2	0	88	8	170	80	50	0	48	4	74	38	18	0	24	8	44	16	8	48	28	56	46	56	80	18	46	38	58	10	58	42	32	42	76	52	68	14	30	0.09869355460008	-0.722322509444233	126979.375	31007.1	0.39401410109182	4
1hpm	0	0	0	0	0	0	0	15	1	32	24	11	0	0	0	2	0	0	0	43	0	91	39	10	0	19	1	44	20	4	0	5	0	14	6	4	37	2	29	24	18	29	6	26	29	25	7	18	11	12	22	22	27	31	1	10	0.049361023741464	-0.584147916634284	53088.75	14309.5	0.477376825476097	4
1hrd	0	0	0	0	0	0	0	57	3	123	69	30	0	0	0	3	0	3	0	120	3	249	165	57	0	78	0	138	81	30	0	27	0	84	12	12	129	6	72	102	57	144	18	60	81	81	51	60	60	48	54	60	51	135	15	63	0.129092130396101	-0.683023941333832	189894	44006.8	0.363054505063363	4
1htt	0	0	0	0	0	0	0	68	4	172	100	24	0	4	0	8	8	0	0	192	12	296	176	72	0	68	4	228	96	24	0	36	0	44	40	12	164	20	88	136	48	164	32	60	64	196	32	68	56	76	128	64	80	132	24	60	0.002910083159804	-0.811990439927344	209246.875	50605.7	0.336814418849286	4
1hvq	0	0	0	0	0	0	0	7	3	20	13	7	0	1	0	5	0	0	0	25	3	63	24	11	0	11	0	24	11	11	0	6	0	15	8	4	20	6	14	4	9	32	2	20	14	23	2	21	14	11	7	25	13	12	7	17	0.047220413262645	-0.93473224117726	37928.125	9420.35	0.579506086420588	4
1idm	0	0	0	0	0	0	0	7	0	28	15	5	0	0	0	0	0	0	0	27	0	90	46	14	0	19	0	46	22	1	0	2	0	12	6	2	43	0	14	33	14	37	6	10	15	37	6	5	24	3	22	17	13	36	3	5	0.074636156360308	-0.744057091271499	47367.25	12555.8	0.504225938600668	4
1kfd	0	0	0	0	0	0	0	30	0	52	43	12	0	1	0	0	0	0	0	53	1	124	74	16	0	42	0	70	31	13	0	11	0	21	9	1	62	1	35	54	16	33	16	39	38	69	14	23	27	25	36	27	29	35	5	21	0.121646832674742	-0.513848667200636	81211.875	22106	0.41025478065981	4
1kif	0	0	0	0	0	0	0	72	0	248	144	80	0	8	8	16	8	0	0	248	24	456	304	152	0	152	8	304	168	56	0	64	0	160	64	24	136	40	104	176	120	256	72	160	96	288	40	152	176	112	168	104	176	208	80	112	0.020420267091443	-0.732930084561843	400986.875	95486.6	0.275398645554384	4
1lam	0	0	0	0	0	0	0	27	2	37	22	9	0	1	0	3	3	0	0	31	4	130	50	16	0	30	0	47	25	10	0	7	1	15	12	1	52	7	24	37	20	42	8	29	33	39	11	22	23	14	21	28	25	33	7	9	-0.146477056046327	-0.712701398502945	68177.25	16842.5	0.479185743033322	4
1lct	0	0	0	0	0	0	0	11	0	30	12	9	0	2	0	6	3	1	0	31	7	81	31	16	0	13	4	32	5	4	0	5	1	17	7	4	31	12	17	18	19	27	4	12	21	24	1	12	22	15	27	23	12	21	5	10	-0.030242731173833	-0.938366187418604	44866.75	12209.4	0.500118450492731	4
1lfa	0	0	0	0	0	0	0	6	0	44	18	12	0	0	0	0	0	0	0	38	0	66	36	16	0	18	2	30	30	14	0	18	0	14	10	0	24	2	32	24	30	18	8	30	42	34	8	10	8	14	8	22	26	22	0	12	0.125336696859449	-0.672721150375361	53912.625	15018.5	0.459534248583868	4
1luc	0	0	0	0	0	0	0	34	1	67	38	22	0	5	2	3	3	1	0	70	7	118	58	28	0	35	3	54	36	18	0	17	1	38	13	5	59	14	46	50	40	43	23	31	35	52	18	39	20	27	26	39	36	47	8	26	0.018495601291458	-0.955097330165954	91765.5	21860.7	0.450062695663745	4
1mek	0	0	0	0	0	0	0	6	0	14	3	0	0	0	0	1	0	1	0	9	2	35	10	7	0	3	0	8	6	2	0	6	0	4	0	2	20	2	7	12	4	8	3	3	11	10	0	3	6	2	6	4	5	6	2	6	0.094537376535785	-0.673002285330793	33531.5	7164.9	0.701847319556256	4
1mio	0	0	0	0	0	0	0	72	6	176	106	32	0	6	2	24	0	0	0	162	16	408	230	84	0	118	6	198	126	40	0	34	2	92	28	10	134	32	116	156	74	188	54	164	156	118	64	80	92	40	56	102	120	144	12	80	-0.073791624978185	-0.50763266944685	281057.875	57713.8	0.359529855348074	4
1mla	0	0	0	0	0	0	0	10	2	21	17	7	0	0	0	4	1	0	0	29	3	74	36	9	0	12	0	45	16	3	0	6	0	7	6	0	54	5	11	21	8	24	4	9	14	26	11	9	17	16	8	14	16	31	4	7	0.237651275470853	-0.873926938431175	41364.375	10167.2	0.568897120634571	4
1mmd	0	0	0	0	0	0	0	51	1	76	47	15	0	1	0	3	3	0	0	82	2	127	64	37	0	38	3	75	40	19	0	17	1	31	22	6	55	7	47	53	45	42	15	52	56	68	10	50	26	40	38	47	33	46	4	28	0.062012369434039	-0.810483411756834	107914.375	29587.2	0.370481440851969	4
1nal	0	0	0	0	0	0	0	56	8	76	68	44	0	4	0	8	4	0	0	116	4	204	144	32	0	72	4	148	84	12	0	4	0	60	24	8	96	16	64	68	40	112	20	68	64	132	28	32	44	88	48	60	56	96	4	52	0.038161531711618	-0.724945408167157	165170	36067.5	0.403635042338712	4
1nba	0	0	0	0	0	0	0	40	0	108	68	24	0	0	0	8	0	0	0	136	4	224	84	48	0	52	4	112	40	8	0	12	0	40	28	12	108	8	76	76	44	72	16	76	28	52	12	56	76	32	64	48	84	80	16	32	0.004288106768702	0.172079275755929	142276.75	28158.2	0.46806035682893	4
1nfp	0	0	0	0	0	0	0	16	0	18	17	9	0	0	0	1	0	1	0	25	0	32	21	7	0	11	1	25	12	6	0	7	1	9	6	2	18	2	15	15	13	6	9	13	16	21	7	20	5	10	6	14	11	15	2	10	-0.058090592424075	-0.619789751409508	33800.125	10207.2	0.495286363689602	4
1noy	0	0	0	0	0	0	0	30	4	58	58	26	0	6	0	2	0	0	0	82	4	102	78	36	0	44	0	88	36	26	0	14	0	52	24	6	32	8	64	58	38	44	12	68	66	48	36	34	32	20	38	54	25	44	10	48	nan	nan	108941	28879.8	0.381959674798271	4
1nul	0	0	0	0	0	0	0	14	0	20	14	6	0	0	0	0	2	0	0	20	0	66	42	6	0	16	2	32	26	12	0	4	0	14	6	0	22	2	26	16	8	26	8	26	14	22	10	2	18	10	20	14	12	32	8	8	0.017397068440914	-0.184641133638318	39568.25	11285.1	0.49759568780464	4
1nzy	0	0	0	0	0	0	0	33	0	63	36	6	0	3	0	3	6	3	0	54	12	168	120	30	0	39	3	117	33	15	0	9	0	33	12	6	108	15	43	60	27	57	33	51	30	57	33	17	33	18	60	27	36	69	18	15	0.002179675218132	-0.638229220562246	115375	25286.4	0.453250470506377	4
1obr	0	0	0	0	0	0	0	12	0	41	9	9	0	1	1	2	0	0	0	28	3	61	25	30	0	22	0	19	12	5	0	9	0	23	12	1	17	4	20	18	13	24	6	17	16	15	8	25	15	9	13	30	26	18	4	28	-0.05547620728612	-0.903902885588649	45767.5	10462.6	0.591401782865818	4
1orb	0	0	0	0	0	0	0	7	0	22	12	9	0	1	0	2	1	0	0	26	4	78	29	9	0	11	0	28	12	10	0	5	0	15	8	6	24	4	15	22	15	26	8	7	16	25	5	7	18	6	20	21	13	25	8	11	-0.126839724679788	-0.785262246918008	42098.75	11583.9	0.505214095356539	4
1ord	0	0	0	0	0	0	0	72	8	148	68	52	0	2	0	0	6	4	0	166	2	254	124	64	0	62	2	142	76	30	0	44	0	68	38	26	126	12	106	98	84	100	36	88	88	104	26	88	74	56	62	62	64	94	14	78	-0.187424502025048	-0.504554939270379	213779.875	44850.7	0.385501534835656	4
1pau	0	0	0	0	0	0	0	9	0	25	14	3	0	1	0	4	3	0	0	19	5	47	22	14	0	15	3	21	12	5	0	7	0	11	4	5	12	8	19	17	15	15	7	16	19	19	8	12	6	4	14	21	15	13	2	10	0.159559064234296	-0.552770327689168	35085.25	9493.04	0.545961306082024	4
1pbn	0	0	0	0	0	0	0	10	0	32	10	7	0	1	0	2	1	0	0	31	3	46	33	15	0	11	1	32	24	3	0	6	0	15	4	1	20	4	10	21	15	31	8	10	9	25	12	14	14	14	17	13	16	25	3	8	0.035522424150258	-0.688755023402653	41478	10807.9	0.536152100392288	4
1pdo	0	0	0	0	0	0	0	8	0	9	8	4	0	0	0	0	0	0	0	13	0	27	14	3	0	7	0	13	15	3	0	1	0	8	1	0	16	0	8	13	5	12	2	8	8	14	3	5	5	3	3	3	9	13	3	2	0.185646542658408	-0.250844516863678	18005.125	5644.49	0.588559233092597	4
1pfk	0	0	0	0	0	0	0	26	4	36	42	6	0	2	0	6	2	2	0	40	4	140	86	20	0	36	4	82	44	12	0	10	0	26	6	2	54	12	46	42	20	76	14	56	28	50	24	16	16	10	44	28	30	50	2	22	-0.054562528928121	-0.820997111598176	91990.25	22140.3	0.44510433368764	4
1php	0	0	0	0	0	0	0	16	0	30	30	3	0	0	0	0	0	1	0	37	1	87	47	11	0	23	0	50	24	8	0	3	0	15	5	2	49	1	31	33	15	35	8	21	32	38	9	13	15	2	20	11	13	38	2	8	0.000990521162748	-0.776212929126312	56131.5	14500.7	0.488914505272599	4
1phr	0	0	0	0	0	0	0	10	0	18	7	5	0	2	1	2	3	0	0	13	3	25	16	2	0	10	4	10	7	5	0	5	0	4	3	1	10	8	13	8	6	6	2	9	9	11	1	11	5	8	12	10	6	15	2	5	0.137162002424399	-0.792897882791772	22317.75	6492.17	0.590465480724167	4
1pii	0	0	0	0	0	0	0	25	0	38	24	12	0	2	0	3	2	0	0	43	4	86	53	9	0	21	3	53	28	10	0	8	0	15	9	3	59	7	29	23	16	31	11	25	18	49	5	18	14	29	23	25	14	37	3	16	0.146106464167436	-0.739885870787792	63832.5	16155.2	0.478115718311225	4
1pky	0	0	0	0	0	0	0	80	8	180	108	12	0	0	0	8	16	0	0	184	12	400	220	40	0	100	4	240	188	8	0	24	0	28	8	8	164	24	108	140	48	160	32	132	136	160	76	96	48	44	84	96	136	176	0	20	0.000752647640184	-0.779530241048985	250653.25	61083.6	0.314732598035702	4
1pta	0	0	0	0	0	0	0	12	0	22	11	5	0	0	0	0	2	0	0	22	1	84	52	6	0	12	1	46	16	10	0	4	0	14	3	3	38	2	18	16	15	26	7	25	8	33	5	6	14	10	25	24	24	22	4	5	-0.012011498212814	-0.816826742307489	45072.875	12470.3	0.491153673771645	4
1pud	0	0	0	0	0	0	0	15	1	35	13	9	0	3	0	1	1	0	0	37	3	91	44	17	0	15	1	41	22	4	0	3	0	23	4	2	38	5	24	24	20	33	10	22	14	27	17	8	17	17	32	30	18	18	4	8	-0.113244593764345	-0.671529401633114	52654.625	13019.1	0.5218281593146	4
1pvd	0	0	0	0	0	0	0	34	0	106	52	22	0	0	2	6	0	0	0	96	2	214	144	50	0	64	4	128	68	22	0	20	0	52	22	0	100	8	56	58	46	84	24	74	70	108	24	58	52	42	30	64	84	80	14	34	0.141717936222752	-0.586891941842532	154484.125	34144.9	0.407768979530841	4
1pvu	0	0	0	0	0	0	0	18	0	16	28	10	0	0	0	0	0	0	0	26	0	56	24	14	0	22	0	38	18	4	0	6	0	12	12	6	14	0	22	20	8	22	16	32	26	32	4	18	16	12	10	8	10	14	8	20	-0.198996088157098	-0.25927897896425	45878	13051.9	0.474839353402159	4
1pxt	0	0	0	0	0	0	0	38	2	72	44	10	0	2	0	8	4	2	0	56	6	158	110	20	0	54	8	90	34	14	0	14	0	22	10	0	86	16	36	48	28	72	6	64	46	70	12	54	38	28	34	38	30	56	0	18	0.041709087633838	-0.706042967425465	95257	21171.6	0.476425550308798	4
1qap	0	0	0	0	0	0	0	28	0	60	44	6	0	0	0	0	2	4	0	58	4	112	78	6	0	44	0	72	26	14	0	8	0	16	6	2	66	6	50	40	20	46	14	24	16	70	6	24	18	24	46	14	40	56	6	6	0.117822552720706	-0.820470723643242	82433.375	21183.8	0.432396640601349	4
1qba	0	0	0	0	0	0	0	36	2	95	45	13	0	1	0	4	1	0	0	88	2	176	82	52	0	45	2	81	30	13	0	22	0	44	12	11	81	6	69	44	38	72	16	33	60	63	16	31	45	48	45	46	35	59	19	32	0.063125689824422	-0.838327669130311	125925.625	27113.9	0.448093053414835	4
1qrd	0	0	0	0	0	0	0	20	0	34	28	24	0	0	0	0	0	2	0	48	2	112	46	30	0	26	0	66	38	2	0	12	0	26	20	8	44	2	20	40	32	40	10	26	44	56	10	20	28	26	20	36	18	40	12	22	-0.008641615509987	-0.619886271308871	82145.625	23871.1	0.382825905087922	4
1raa	0	0	0	0	0	0	0	38	2	98	50	12	0	2	0	4	2	2	0	88	4	170	120	24	0	58	2	112	62	12	0	12	2	24	12	10	88	10	60	48	34	42	30	54	52	106	20	52	38	40	46	62	50	68	4	22	0.020869942614809	-0.708696607298637	134638.375	35801.5	0.354836926763914	4
1req	0	0	0	0	0	0	0	108	2	256	144	42	0	2	0	6	4	0	0	258	2	614	332	120	0	142	8	348	96	34	0	42	0	102	52	10	324	12	188	202	100	206	40	130	136	234	62	72	136	90	172	142	174	202	40	66	-0.104239786975086	-0.468427128251881	377832.375	84996.4	0.29736033569038	4
1rla	0	0	0	0	0	0	0	18	0	87	45	9	0	0	0	6	3	0	0	78	0	246	138	27	0	57	6	108	45	27	0	6	3	39	15	3	51	9	54	60	33	99	27	60	78	84	15	30	72	15	33	57	72	87	6	27	-0.05117609186305	-0.561014094051958	134250.75	30237	0.419330615627599	4
1rlr	0	0	0	0	0	0	0	36	2	57	46	24	0	1	0	8	2	0	0	68	5	145	82	29	0	39	4	89	35	13	0	21	0	30	15	9	60	11	52	44	29	47	20	51	42	76	16	36	31	33	40	50	39	38	5	41	-0.013404453794162	-0.594151849188543	108246.875	25257	0.434889850304676	4
1rpa	0	0	0	0	0	0	0	17	1	31	13	9	0	2	0	3	0	1	0	31	4	50	39	20	0	18	1	40	14	8	0	3	0	20	15	1	12	6	17	25	15	19	10	13	19	45	10	13	24	16	17	24	20	13	7	17	-0.044168348113696	-0.584404907540263	50360	13543.6	0.486938170979647	4
1rva	0	0	0	0	0	0	0	34	0	44	18	16	0	0	0	2	2	0	0	38	4	106	44	30	0	24	0	40	16	20	0	16	0	30	20	2	28	4	28	32	20	32	10	52	48	28	0	40	18	12	22	30	38	20	8	40	nan	nan	81993.5	20581.2	0.443472181010175	4
1rvv	0	0	0	0	0	0	0	180	30	270	270	150	0	30	0	0	30	0	0	360	30	1140	570	60	0	240	0	540	300	90	0	60	0	210	30	0	600	60	240	270	180	480	60	480	270	240	90	300	90	90	150	120	390	390	30	90	-0.041259316979671	-0.457697268324017	640310.5	139422	0.257679517485977	4
1scu	0	0	0	0	0	0	0	34	6	124	66	14	0	4	0	10	4	2	0	130	8	304	182	30	0	60	6	180	90	24	0	16	0	34	20	0	152	20	64	92	38	168	22	106	92	104	28	40	58	48	44	38	82	124	6	26	0.102557543044289	-0.769137097821677	181394.25	45278.5	0.342248146206475	4
1sfe	0	0	0	0	0	0	0	13	1	18	3	4	0	1	0	4	1	0	0	14	4	34	26	5	0	10	1	21	10	0	0	1	0	5	3	0	25	6	9	11	4	12	3	9	5	19	3	6	7	13	16	8	7	12	2	3	-0.131292418887218	-0.836131604244803	22953.5	7056.78	0.553490482949386	4
1sft	0	0	0	0	0	0	0	30	0	48	44	8	0	2	0	4	2	0	0	60	4	156	102	44	0	24	4	116	42	14	0	14	0	40	12	4	80	8	44	48	32	52	32	48	26	78	20	18	46	20	58	34	38	56	10	28	-0.015431726972262	-0.748549665861978	113052.5	24932.2	0.453499663982188	4
1tah	0	0	0	0	0	0	0	40	4	104	52	12	0	0	0	8	0	0	0	104	4	372	144	44	0	56	0	140	80	20	0	16	0	44	16	8	144	8	68	20	32	136	36	40	24	124	4	60	40	68	44	104	140	128	12	40	-0.02566408055524	-0.720599283974838	168475.5	41592.4	0.354672878306457	4
1tfr	0	0	0	0	0	0	0	12	0	26	18	8	0	1	0	0	2	0	0	24	0	54	31	15	0	14	3	29	25	5	0	13	0	15	1	8	16	3	23	20	12	12	6	26	36	23	9	17	8	4	11	24	11	19	6	19	0.155653809507688	-0.71541403443511	42140.25	11902.7	0.492005595694885	4
1tht	0	0	0	0	0	0	0	38	0	42	38	20	0	4	0	2	2	0	0	42	6	102	82	18	0	38	0	80	26	14	0	16	2	22	12	2	42	8	42	44	30	36	26	32	24	70	12	38	16	14	24	40	42	46	8	16	0.08480512474974	-0.736057122088583	84744.75	21996.1	0.424176861453878	4
1tml	0	0	0	0	0	0	0	9	1	31	10	3	0	1	0	2	0	1	0	31	1	84	27	8	0	9	2	21	13	8	0	5	0	12	3	3	43	4	15	9	6	24	8	19	6	12	8	18	20	13	12	26	12	14	8	9	-0.007331761221091	-0.902762401403094	38760	9811.77	0.564493931624796	4
1tpf	0	0	0	0	0	0	0	14	2	50	16	6	0	2	0	4	0	0	0	40	0	120	68	14	0	20	4	52	36	14	0	10	0	16	8	2	68	6	16	26	16	38	10	38	34	34	6	20	14	26	18	36	24	50	10	10	-0.018496836225192	-0.625617382692447	69771	16603.6	0.493626531456072	4
1tpl	0	0	0	0	0	0	0	44	2	80	50	16	0	2	0	4	4	2	0	80	2	166	108	36	0	50	8	104	36	26	0	16	0	38	26	10	82	12	50	72	42	74	28	58	54	64	40	36	26	34	52	36	40	64	2	46	-0.080701409916704	-0.712596065745742	123840.25	30227.3	0.397489793532079	4
1tpt	0	0	0	0	0	0	0	15	0	42	19	4	0	0	0	1	1	0	0	37	1	97	67	12	0	20	1	64	23	8	0	7	0	10	7	3	56	2	33	24	16	39	6	27	22	37	19	12	15	11	24	23	29	34	2	9	-0.002622311313947	-0.783817813213279	24755.75	18478.1	0.222302426732841	4
1trk	0	0	0	0	0	0	0	40	0	126	48	32	0	0	0	4	0	0	0	110	0	320	186	64	0	70	2	160	48	22	0	26	2	70	22	6	136	4	68	70	56	116	34	72	86	126	22	62	76	46	44	114	74	84	18	52	0.159215883351862	-0.699444977061726	192385.625	38654.6	0.416931479431131	4
1ucw	0	0	0	0	0	0	0	26	4	72	28	14	0	2	0	4	0	0	0	74	2	102	78	22	0	30	0	82	40	6	0	12	0	18	12	4	78	6	42	50	14	34	4	52	44	66	10	22	20	30	32	32	34	32	8	24	-0.017738770072659	-0.707932089065903	90893.375	23034.1	0.424425070781474	4
1udg	0	0	0	0	0	0	0	6	2	17	8	2	0	1	0	4	0	1	0	18	1	65	28	13	0	7	2	26	16	5	0	3	1	13	4	0	22	6	11	10	9	15	10	8	5	24	4	9	22	5	23	14	14	21	7	5	-0.090294811874628	-1.00923981967062	33586.375	9209.08	0.546650773912251	4
1v39	0	0	0	0	0	0	0	13	1	22	18	7	0	0	0	1	0	1	0	22	1	64	35	10	0	15	0	34	26	13	0	10	0	12	9	7	11	2	18	16	16	20	9	22	22	35	10	17	17	10	16	23	15	21	3	19	0.076824724674225	-0.928104289142143	43955.875	11812.9	0.509884977596874	4
1vhr	0	0	0	0	0	0	0	20	4	40	16	6	0	0	0	6	2	0	0	40	2	58	50	6	0	20	0	38	18	12	0	6	2	14	2	4	30	8	22	16	14	26	6	18	20	40	8	26	14	22	20	30	12	22	0	14	-0.005951885133982	-0.841945549719591	50903	14354.7	0.462720694382998	4
1vid	0	0	0	0	0	0	0	7	0	18	19	3	0	1	0	1	0	2	0	23	4	38	19	7	0	10	0	22	20	7	0	6	0	11	2	0	16	4	18	10	4	15	2	9	14	27	9	6	11	13	9	13	11	15	2	13	0.070011470466852	-0.898764078126736	31000	8085.86	0.590199770358081	4
1wht	0	0	0	0	0	0	0	12	2	35	13	9	0	0	0	5	1	0	0	32	3	91	39	26	0	18	1	35	17	12	0	8	0	27	12	9	38	6	27	16	16	35	14	15	9	33	7	16	24	12	22	27	24	28	11	29	0.193417785068353	-0.720490492943297	56900.625	13483.3	0.530598418871252	4
1xel	0	0	0	0	0	0	0	13	1	33	19	4	0	0	0	2	1	0	0	31	1	69	38	15	0	18	1	36	21	6	0	7	0	14	4	3	26	3	24	14	9	30	13	18	14	27	9	20	21	12	16	19	15	29	5	14	0.019770392682403	-0.931578622338918	47218	12465.1	0.506827396819956	4
1xva	0	0	0	0	0	0	0	12	2	52	24	10	0	0	0	12	2	0	0	56	6	126	60	30	0	18	4	56	38	14	0	14	2	30	8	6	48	14	44	24	20	52	18	22	34	54	8	16	26	16	34	36	30	48	10	30	0.140835719803969	-0.090157498128163	84545.25	23227.3	0.401062020232028	4
1xyz	0	0	0	0	0	0	0	32	4	80	28	28	0	6	0	2	4	0	0	78	2	88	68	38	0	32	6	64	36	12	0	24	0	42	14	4	44	12	42	32	32	48	10	50	30	38	26	68	44	30	28	36	36	36	14	38	-0.179860723515352	-0.72748299105965	94542.75	21410.9	0.468742884878058	4
1yas	0	0	0	0	0	0	0	10	1	22	12	6	0	0	0	2	2	1	0	19	4	43	26	15	0	16	0	27	14	6	0	5	0	13	10	2	18	5	14	24	13	17	8	17	23	30	3	6	12	7	4	8	17	14	5	12	-0.036090863868594	-0.839065767511458	37817.25	9009.09	0.604778711585603	4
1yve	0	0	0	0	0	0	0	76	0	188	80	40	0	16	0	0	8	0	0	164	12	448	260	100	0	92	8	256	124	36	0	36	4	88	48	8	180	24	124	120	96	184	36	128	108	176	52	68	88	72	96	208	84	164	20	68	-0.038503143160294	-0.808845282726775	290556	63120.1	0.336100902295516	4
1zym	0	0	0	0	0	0	0	46	0	48	36	2	0	0	0	0	0	0	0	36	0	116	62	4	0	44	0	46	48	10	0	4	0	8	4	0	60	0	40	56	10	30	8	48	40	58	10	14	8	22	20	28	24	34	0	6	-0.071852668969465	-0.46337055143398	69682.75	20873.9	0.392311206182417	4
2acr	0	0	0	0	0	0	0	18	2	23	18	5	0	2	0	2	1	2	0	20	5	57	34	15	0	17	0	37	24	4	0	9	0	13	5	1	19	7	15	23	11	16	9	18	25	34	5	15	20	13	11	17	15	25	6	11	0.038672990320871	-0.862164739739581	46407.125	11691.7	0.534149595753757	4
2anh	0	0	0	0	0	0	0	28	0	112	38	6	0	0	0	8	0	0	0	104	6	256	92	26	0	42	0	84	38	6	0	10	2	22	4	6	128	8	54	46	16	90	22	32	56	78	16	40	40	44	26	44	78	46	6	22	-0.054255681190019	-0.666616820021398	120063.625	24048.9	0.489399148226621	4
2bgu	0	0	0	0	0	0	0	16	0	29	27	9	0	0	0	0	0	0	0	27	0	59	30	20	0	24	0	36	25	7	0	14	0	12	10	5	21	0	22	21	22	13	5	35	36	25	11	28	12	10	13	22	14	22	5	14	-0.080468293473435	-0.887736976423525	49701.5	13358.6	0.489368686042314	4
2cmd	0	0	0	0	0	0	0	10	0	26	17	4	0	1	0	2	0	0	0	25	2	70	47	6	0	19	1	44	20	3	0	2	0	7	4	1	34	3	12	19	10	36	2	17	21	33	4	11	13	15	9	17	18	34	0	4	-0.044393602137764	-0.809020160588219	43249	11049.8	0.539237914777357	4
2ctb	0	0	0	0	0	0	0	8	0	25	15	7	0	0	0	1	1	0	0	24	1	70	24	25	0	14	1	25	14	9	0	8	0	24	9	1	20	2	16	14	16	23	8	21	15	24	3	13	10	12	11	32	26	15	7	19	0.096973483761152	-0.812384039018792	43968.625	10236.1	0.588542993937752	4
2dkb	0	0	0	0	0	0	0	7	2	31	21	7	0	2	0	3	0	0	0	33	1	106	58	15	0	22	2	55	33	5	0	4	0	18	5	2	50	5	27	24	15	47	8	25	11	52	14	9	19	8	33	23	22	27	2	12	0.136164493858814	-0.805628861346561	60082	16509.4	0.449347595274642	4
2dln	0	0	0	0	0	0	0	8	0	26	16	6	0	0	0	1	0	1	0	29	2	59	45	6	0	13	0	44	23	5	0	5	0	11	2	3	31	2	15	23	9	31	3	12	14	41	11	4	13	14	11	25	13	22	5	7	-0.033412584414085	-0.624094276491081	42592.5	11428.2	0.516093489439439	4
2dri	0	0	0	0	0	0	0	13	0	32	15	5	0	0	0	0	0	0	0	32	0	56	34	2	0	17	0	31	21	2	0	2	0	6	1	1	37	0	21	11	7	24	3	13	24	25	4	16	9	17	6	9	13	29	0	3	0.06881830530862	-0.848580432223105	37289.25	9732.72	0.554590374309829	4
2fx2	0	0	0	0	0	0	0	7	0	14	9	5	0	0	0	3	0	1	0	17	3	29	10	5	0	8	0	14	7	1	0	3	1	5	3	1	18	4	17	13	6	18	1	9	4	12	0	2	2	3	7	8	7	9	2	5	-0.063459422439337	-0.86820970371498	19962.5	5647.09	0.630186895606847	4
2glt	0	0	0	0	0	0	0	9	1	39	17	4	0	1	0	1	0	2	0	34	0	53	39	8	0	19	3	31	23	7	0	6	0	10	5	3	22	4	20	27	11	25	4	26	18	33	10	12	17	11	19	10	19	15	4	9	0.310026417175929	-0.620493580552215	44081.375	11776.4	0.512438397564728	4
2gst	0	0	0	0	0	0	0	16	0	40	20	16	0	0	0	2	4	0	0	40	2	62	48	20	0	14	2	42	24	20	0	22	2	26	6	4	22	6	30	30	24	18	8	26	38	50	16	18	24	14	26	24	14	10	8	28	0.128337824996076	-0.772770716039318	67343.25	17129.8	0.467298671847998	4
2hnp	0	0	0	0	0	0	0	17	0	32	18	6	0	0	0	5	0	1	0	31	4	60	31	13	0	17	2	27	21	6	0	7	0	15	4	3	13	6	18	30	14	14	11	18	23	29	11	11	22	14	19	24	13	16	6	9	0.008205957710743	-0.696377189537397	40837.75	10652.6	0.538356187488249	4
2kau	0	0	0	0	0	0	0	23	0	77	41	4	0	2	0	5	2	0	0	65	8	168	105	27	0	50	1	95	46	8	0	4	0	28	8	3	88	9	45	49	23	73	28	54	25	58	23	25	41	26	40	29	49	68	7	13	0.145659805715291	-0.616643768404923	106326.625	25160.8	0.431374396625029	4
2mas	0	0	0	0	0	0	0	16	8	112	80	20	0	4	0	12	0	0	0	128	8	220	176	24	0	64	0	188	116	12	0	20	0	28	8	8	136	16	80	76	28	84	44	100	56	108	44	48	72	32	52	24	92	128	8	28	0.003646806813777	-0.821329282197913	179936.25	39640.8	0.388824979310945	4
2mnr	0	0	0	0	0	0	0	13	0	18	20	6	0	0	0	1	0	1	0	24	1	75	59	10	0	16	1	61	21	6	0	5	0	14	4	0	47	2	17	19	8	30	9	21	14	42	11	7	19	15	15	16	19	31	6	9	0.065505048880975	-0.777532974690611	50129.75	12084.7	0.544058095355851	4
2nac	0	0	0	0	0	0	0	14	6	70	34	14	0	6	0	0	6	2	0	74	2	188	92	30	0	36	4	92	42	10	0	8	2	36	10	6	76	14	54	46	16	64	32	32	32	76	14	24	48	14	46	38	52	62	12	34	-0.000921772172054	-0.685921034414347	106971.75	24152.4	0.451200839533879	4
2ohx	0	0	0	0	0	0	0	22	2	44	32	8	0	4	2	14	6	2	0	48	18	174	96	32	0	24	6	108	52	4	0	10	0	30	8	0	56	28	34	42	36	76	14	48	60	50	18	16	40	16	24	52	48	78	4	8	0.023249128833413	-0.773836949348395	103928.875	24281.2	0.440255505732812	4
2olb	0	0	0	0	0	0	0	26	0	54	28	14	0	0	0	0	1	1	0	54	2	90	54	23	0	34	0	48	21	11	0	8	0	31	10	8	40	2	39	29	16	22	11	23	46	44	3	36	31	18	17	28	30	44	13	28	-0.168451050917308	-1.19418322290419	75727.375	17056.9	0.507480419012909	4
2pia	0	0	0	0	0	0	0	11	2	37	6	7	0	0	1	3	3	1	0	34	4	78	36	9	0	15	1	29	13	5	0	3	0	15	4	3	24	8	24	21	16	23	7	13	13	24	6	11	17	7	26	30	22	20	4	5	-0.0168165328602	-0.732732360812418	45460.625	13227.2	0.465700251432405	4
2reb	0	0	0	0	0	0	0	11	1	43	22	1	0	0	0	1	2	0	0	42	2	65	42	11	0	20	0	48	18	3	0	5	0	6	5	3	38	3	20	30	10	35	2	27	27	31	9	15	10	13	14	20	17	22	2	7	0.005947158982356	-0.696748227273797	42068.5	12610	0.463881503418212	4
2rn2	0	0	0	0	0	0	0	5	2	16	8	3	0	0	0	3	0	0	0	15	0	36	15	7	0	10	1	11	6	3	0	4	0	7	2	0	14	3	7	12	2	14	5	7	11	12	4	7	5	8	10	4	10	9	6	5	0.104784694189827	-0.602828769233072	22570	7212.03	0.535526507844725	4
2rsl	0	0	0	0	0	0	0	15	0	51	24	3	0	0	0	0	0	0	0	54	0	72	54	9	0	21	0	60	33	3	0	3	0	6	9	0	36	0	39	24	15	36	0	30	30	36	18	6	0	24	39	30	18	36	0	3	-0.029401725365056	-0.792096255963605	50456.75	14450.6	0.456959552565878	4
2tmd	0	0	0	0	0	0	0	40	2	160	64	30	0	6	0	6	6	6	0	136	14	336	154	58	0	82	8	134	58	24	0	32	0	64	22	14	124	24	92	106	38	130	48	92	82	94	32	48	78	50	86	72	80	88	32	62	-0.101939564260344	-0.422212167916171	210831.5	42770.5	0.400525461662096	4
2trc	0	0	0	0	0	0	0	38	4	64	25	13	0	3	2	11	4	1	0	56	10	114	69	23	0	35	4	58	27	11	0	12	1	23	12	2	40	21	51	45	24	44	11	32	36	55	17	25	17	24	38	48	38	33	9	17	0.061027644409074	-0.828875115841441	87354.5	24447.6	0.389437780582475	4
2trx	0	0	0	0	0	0	0	10	0	22	10	4	0	0	0	2	0	2	0	16	4	38	28	6	0	12	0	26	16	2	0	8	0	4	2	2	24	4	22	10	8	18	2	18	20	26	2	8	10	6	2	6	12	10	4	4	0.020650635162989	-0.937543492973976	30903	9121.69	0.522086636662947	4
2xis	0	0	0	0	0	0	0	17	0	36	22	10	0	0	0	1	0	0	0	40	0	87	37	22	0	22	1	38	10	5	0	7	0	23	7	1	47	1	37	28	23	37	10	11	11	39	7	10	19	11	35	11	16	19	6	9	0.367015225191911	-0.307412831888628	55663.5	16493.4	0.427452249047372	4
2yhx	0	0	0	0	0	0	0	5	3	23	9	1	0	0	1	0	3	1	0	24	0	88	36	19	0	13	0	33	23	5	0	2	0	19	6	1	58	5	19	7	19	34	5	32	17	26	8	13	15	14	10	48	14	23	4	8	-0.353674019376437	-0.572078685337722	60507.75	15931.2	0.467853235623015	4
3chy	0	0	0	0	0	0	0	6	0	11	9	3	0	0	0	0	0	0	0	13	0	21	15	3	0	8	0	15	11	3	0	2	0	6	1	0	16	0	8	11	6	10	0	6	11	15	6	8	3	2	4	4	5	10	1	2	-0.060492524877191	-0.527887696180325	18398.25	5340.31	0.631105551330741	4
3cla	0	0	0	0	0	0	0	11	2	14	14	7	0	0	0	2	2	0	0	17	2	22	23	14	0	10	0	26	10	6	0	10	0	13	4	3	11	4	16	10	17	4	7	11	12	20	6	12	9	10	9	15	11	16	3	10	0.063976558546225	-0.714950506712121	31433.875	9193.12	0.523945936713207	4
3pga	0	0	0	0	0	0	0	52	0	136	72	16	0	0	0	0	0	0	0	120	0	316	168	24	0	92	0	144	92	12	0	12	0	36	8	16	148	0	88	60	24	108	20	76	84	116	28	76	36	52	52	96	88	120	16	32	-0.003782988603537	-0.830062614371184	194803	38618	0.420815221246553	4
3pgm	0	0	0	0	0	0	0	20	0	44	30	10	0	0	0	0	0	0	0	54	0	118	44	16	0	26	0	46	32	8	0	4	0	24	6	4	48	0	30	32	12	32	8	22	46	54	2	24	30	18	24	30	16	34	10	16	0.006785176694393	-0.795746415347968	65855.375	19413.8	0.406226007756191	4
3pmg	0	0	0	0	0	0	0	40	2	102	48	28	0	2	0	2	6	0	0	112	4	232	126	48	0	40	4	142	68	14	0	26	0	42	22	10	98	10	70	60	62	100	20	90	76	82	22	52	48	38	50	70	60	76	8	30	-0.010293247178197	-0.778382566669789	160700.375	37559.3	0.380578773119236	4
3rub	0	0	0	0	0	0	0	23	2	57	24	9	0	2	0	8	0	2	0	51	5	108	72	35	0	27	4	64	22	16	0	12	1	33	17	4	51	12	31	44	26	52	15	27	34	51	12	20	29	20	34	22	34	45	13	28	0.036290320567787	-0.380682445503645	81322.375	19824.4	0.457886080817064	4
5p21	0	0	0	0	0	0	0	12	1	16	11	2	0	0	0	2	1	0	0	16	0	27	16	7	0	9	2	13	12	4	0	5	0	7	1	1	11	3	14	13	5	11	3	11	8	11	4	4	3	11	11	8	11	15	0	9	-0.114284497996171	-0.66071072389988	24293.25	6922.09	0.586008563600453	4
