id	AA	BA	CA	DA	EA	FA	AB	BB	CB	DB	EB	FB	AC	BC	CC	DC	EC	FC	AD	BD	CD	DD	ED	FD	AE	BE	CE	DE	EE	FE	AF	BF	CF	DF	EF	FF	A	C	D	E	F	G	H	I	K	L	M	N	P	Q	R	S	T	V	W	Y	skewness	kurtosis	volume	surface_area	spherecity	label
1ab3	0	0	0	0	0	0	0	3	0	9	5	0	0	0	0	0	0	0	0	11	0	17	11	3	0	2	0	13	8	1	0	1	0	3	0	0	3	0	3	8	2	6	5	5	7	12	2	1	3	5	12	3	4	5	0	2	-0.359161820886537	-0.727993121206151	31900.5	7398.13	0.657497076604552	1
1abv	0	0	0	0	0	0	0	11	0	14	7	2	0	0	0	0	1	0	0	10	1	22	20	3	0	10	0	15	6	3	0	3	0	5	0	0	24	1	5	16	6	4	2	6	4	14	4	5	3	8	7	9	4	10	1	1	0.035834562033415	-0.77699497406721	14672.625	5032.06	0.575983698899096	1
1aca	0	0	0	0	0	0	0	6	0	8	4	3	0	0	0	0	0	0	0	8	0	22	6	4	0	5	0	6	2	2	0	2	0	5	2	0	9	0	7	10	3	5	2	4	15	5	3	2	2	2	1	3	4	3	2	4	0.081259551551193	-0.99488991789312	18660.5	4969.04	0.684689733611048	1
1acp	0	0	0	0	0	0	0	10	0	8	8	1	0	0	0	0	0	0	0	10	0	7	9	0	0	5	0	10	3	2	0	2	0	1	0	0	7	0	6	14	2	4	1	7	4	5	1	3	1	4	1	3	6	7	0	1	-0.091642314917408	-0.798972699957538	13622.5	4166.31	0.662069763927157	1
1aep	0	0	0	0	0	0	0	12	0	21	16	1	0	0	0	0	0	0	0	24	0	35	13	3	0	12	0	17	2	0	0	1	0	3	0	0	30	0	4	13	2	4	7	6	8	17	0	15	4	18	1	10	12	8	2	0	-0.079623494297266	-0.955476672078192	21084.75	6669.67	0.553382492765737	1
1agr	0	0	0	0	0	0	0	54	10	112	48	26	0	12	0	22	6	2	0	106	20	222	102	36	0	54	4	94	52	28	0	24	8	36	26	8	92	42	70	94	56	48	20	68	112	90	24	46	20	40	52	86	58	52	10	36	-0.070597209812452	-0.520855358552331	135362.375	39023.3	0.326707252728378	1
1ak4	0	0	0	0	0	0	0	22	2	58	34	8	0	2	0	2	4	0	0	60	4	144	60	24	0	26	0	70	30	14	0	12	2	20	14	4	42	8	20	46	34	68	18	44	38	34	26	32	36	26	24	28	40	38	10	8	0.009889049067472	-0.806941976520235	87359.875	24576.7	0.387407977075908	1
1an2	0	0	0	0	0	0	0	6	0	11	7	0	0	0	1	5	0	0	0	12	4	35	6	1	0	4	0	7	2	2	0	2	0	1	0	0	14	6	8	5	1	7	6	4	8	8	1	3	1	8	11	6	7	2	0	2	nan	nan	19380.625	9498.07	0.367361757569314	1
1aof	0	0	0	0	0	0	0	50	0	116	56	26	0	0	0	4	0	0	0	118	4	266	112	36	0	52	0	110	54	28	0	30	0	40	22	8	100	4	86	84	36	94	28	58	62	86	26	44	68	36	42	58	84	74	22	42	0.112751015772422	-0.646464078897532	152936.875	33995.4	0.40682294896965	1
1aor	0	0	0	0	0	0	0	48	2	108	48	24	0	0	0	8	4	0	0	112	6	248	154	52	0	52	2	152	54	24	0	18	2	56	26	8	102	12	64	104	32	134	22	76	94	116	30	54	64	8	52	44	60	64	16	62	0.040405653727551	-0.760814984166286	173290.375	32875.9	0.457217419462105	1
1aoy	0	0	0	0	0	0	0	7	0	6	3	1	0	0	0	0	0	1	0	5	0	18	10	3	0	5	1	7	5	0	0	0	0	4	1	0	8	1	1	8	4	4	0	2	8	7	4	3	2	5	4	6	4	6	0	1	0.009552649873565	-0.38006550380644	27865.125	7640.8	0.58172709131999	1
1aru	0	0	0	0	0	0	0	7	1	33	14	5	0	3	1	4	0	0	0	31	5	94	38	13	0	14	1	39	15	2	0	6	0	10	4	3	33	8	20	14	18	38	4	17	4	28	7	13	29	14	15	38	20	19	2	3	0.021003405253093	-0.910938907377306	44869.375	11634.4	0.524855976552509	1
1bbl	0	0	0	0	0	0	0	6	0	3	3	0	0	0	0	0	0	0	0	4	0	15	7	1	0	2	0	8	1	0	0	0	0	0	0	0	8	0	3	5	0	4	2	2	3	7	0	3	1	1	4	3	2	2	0	1	0.291392207766573	-0.663994177536911	5477.125	2589.17	0.580352678675309	1
1beo	0	0	0	0	0	0	0	2	2	7	2	1	0	2	0	3	1	0	0	7	4	24	8	6	0	2	0	11	8	0	0	1	0	5	1	0	11	6	3	0	2	3	0	3	6	10	3	7	4	4	0	12	14	5	0	5	0.025587293008963	-0.970402309669368	12869.25	4277.56	0.620854985706739	1
1bfm	0	0	0	0	0	0	0	6	0	12	6	0	0	0	0	0	0	0	0	8	0	36	28	2	0	10	0	22	4	0	0	0	0	2	0	0	22	0	10	14	2	8	2	20	14	10	4	0	4	0	16	4	4	4	0	0	0.011405068720136	-0.952989860036096	39062.375	7596.58	0.732889397215173	1
1bgc	0	0	0	0	0	0	0	5	0	12	13	2	0	0	0	3	2	0	0	13	3	40	21	3	0	13	2	19	7	5	0	1	0	6	3	0	19	5	5	9	6	13	5	4	3	34	3	2	12	16	10	11	8	5	1	3	-0.055802452067534	-0.916956945926726	22387.625	6543.2	0.587082694116875	1
1bia	0	0	0	0	0	0	0	15	0	26	22	3	0	0	0	1	0	0	0	29	0	55	44	9	0	17	1	46	24	7	0	5	0	8	6	2	28	1	16	21	8	35	2	27	18	43	8	13	11	16	20	14	9	18	7	6	-0.019798970470826	-0.782038660654224	40814.25	11473.2	0.499659451888315	1
1bip	0	0	0	0	0	0	0	2	2	8	6	0	0	1	1	6	0	2	0	8	5	28	17	1	0	6	2	14	6	1	0	0	0	4	0	1	10	10	3	7	2	12	3	5	2	12	3	2	9	6	10	7	7	9	1	2	0.248186041958009	-0.487572285189282	35493	9162.78	0.57001375806223	1
1bmf	0	0	0	0	0	0	0	125	0	287	176	37	0	0	0	3	1	3	0	286	4	721	435	93	0	174	3	453	211	40	0	43	0	73	57	16	326	7	180	226	95	298	46	252	184	291	70	75	131	147	178	193	187	268	0	94	0.016369428263889	-0.654976182666794	421850.25	97003	0.280417103638878	1
1bmt	0	0	0	0	0	0	0	22	2	44	36	6	0	2	0	0	0	0	0	44	0	102	54	10	0	30	0	54	44	12	0	14	0	8	6	0	38	2	22	44	12	40	6	32	32	34	16	20	16	26	26	20	32	58	4	12	-0.155407077322404	-0.629565053834238	69629.125	20569.7	0.397908721775727	1
1buc	0	0	0	0	0	0	0	34	0	76	32	16	0	0	0	2	4	0	0	74	6	148	94	36	0	36	0	98	30	12	0	14	0	32	18	2	84	6	50	54	36	82	10	48	62	60	24	20	18	34	18	28	56	46	2	28	0.049429895598829	-0.668533508199942	106805.75	25624.5	0.424839752649231	1
1bvp	0	0	0	0	0	0	0	72	0	174	114	30	0	0	0	6	12	0	0	186	12	402	258	78	0	108	6	288	138	36	0	24	0	66	54	24	240	18	78	84	84	138	36	144	6	168	114	108	126	120	144	66	180	156	30	54	0.004534763284028	-0.921111093364429	304813	66295.4	0.330387077868631	1
1c5a	0	0	0	0	0	0	0	8	1	5	3	1	0	1	2	3	0	0	0	6	0	14	7	4	0	3	1	4	2	1	0	0	2	4	0	0	9	6	4	7	1	3	1	5	11	3	2	3	1	4	4	1	1	2	0	5	-0.063502696093609	-0.686693851270297	35727.375	7317.95	0.716850774865022	1
1cem	0	0	0	0	0	0	0	17	1	36	10	13	0	1	0	2	1	1	0	35	1	76	29	27	0	12	1	31	13	4	0	12	2	24	7	6	35	5	27	13	12	36	7	13	19	23	5	26	11	11	13	25	23	20	10	29	-0.055811785161495	-0.864311541295709	51311.75	11169.4	0.597859082674481	1
1cgp	0	0	0	0	0	0	0	18	2	46	18	2	0	0	0	18	0	0	0	32	16	108	60	6	0	32	0	38	34	12	0	4	0	12	4	4	44	18	16	32	10	44	12	34	30	44	12	10	12	28	20	22	42	28	4	10	nan	nan	77486.125	24027.6	0.36581066228917	1
1cmb	0	0	0	0	0	0	0	10	2	34	4	2	0	0	0	0	2	0	0	20	0	38	30	6	0	16	0	16	8	4	0	6	0	8	0	0	16	2	10	28	4	8	6	14	16	18	4	8	12	6	14	12	12	8	4	6	-0.015046715736389	-0.653767049657165	30698.25	9750.72	0.486246533401957	1
1coo	0	0	0	0	0	0	0	4	0	13	6	1	0	1	0	0	0	0	0	5	0	17	18	1	0	11	1	10	5	1	0	2	0	1	0	0	6	1	8	12	1	4	1	5	7	15	2	3	7	1	7	5	4	7	1	1	0.145967616932467	-0.591010839034571	11432.625	4181.67	0.586901212104185	1
1cpc	0	0	0	0	0	0	0	8	0	70	30	4	0	2	0	6	0	2	0	74	2	160	84	24	0	20	8	70	28	18	0	8	0	34	6	6	110	10	42	22	20	54	2	34	28	56	16	28	18	20	32	60	40	42	2	32	0.026570032040278	-0.687163933038984	90603.875	25114.2	0.388444781094805	1
1cpo	0	0	0	0	0	0	0	16	1	28	14	6	0	1	0	1	1	0	0	30	2	63	31	14	0	9	0	29	9	9	0	9	0	19	1	5	29	3	20	18	18	18	9	12	5	25	3	22	25	6	9	27	18	16	5	11	0.012463841587305	-0.690448405702005	41861.875	11524.1	0.505928980661049	1
1crk	0	0	0	0	0	0	0	76	4	124	76	36	0	16	0	12	0	4	0	120	16	336	180	40	0	80	12	172	64	32	0	24	0	48	40	4	76	32	112	100	52	116	44	68	104	140	36	64	88	40	124	72	72	116	20	44	-0.014993796901157	-0.715536324673469	221889.5	56892.2	0.311546275846934	1
1csg	0	0	0	0	0	0	0	10	0	20	18	10	0	2	0	6	0	0	0	26	4	56	20	6	0	16	2	22	14	2	0	2	2	10	4	0	16	8	8	26	10	6	6	10	12	28	8	8	22	16	12	18	22	10	4	4	-0.040308417131504	-0.725561756528471	35278.625	10569.1	0.492176134301742	1
1csh	0	0	0	0	0	0	0	11	2	43	17	4	0	1	0	2	0	0	0	33	0	91	54	26	0	21	1	54	26	7	0	11	0	14	12	4	38	3	19	22	14	36	12	17	22	54	13	19	24	17	19	32	22	25	9	18	0.017936486750841	-0.695419513507138	62120.625	16813.9	0.45113467477444	1
1csm	0	0	0	0	0	0	0	20	0	48	42	8	0	2	0	2	0	0	0	46	2	84	50	26	0	32	2	54	28	14	0	16	0	20	12	2	22	4	28	54	28	16	8	56	46	40	6	26	32	10	30	34	20	30	2	20	0.015869638572137	-0.664356439584371	77467.25	19904.9	0.441505600875396	1
1cuk	0	0	0	0	0	0	0	10	0	20	5	3	0	0	0	1	0	0	0	18	0	41	29	6	0	9	0	27	19	2	0	1	1	5	4	1	23	1	7	19	8	16	3	12	12	23	6	4	11	8	12	8	9	17	0	4	-0.110677319268386	-0.676596150525452	25306.125	8661.27	0.481267254624339	1
1dip	0	0	0	0	0	0	0	10	0	24	10	2	0	0	0	0	0	0	0	22	0	28	14	2	0	14	0	12	10	0	0	0	0	2	2	0	12	0	2	30	2	4	2	4	10	20	4	6	14	8	8	10	6	10	0	2	-0.097206390711169	-0.888670140779931	68193.75	20478.4	0.394170832800409	1
1djx	0	0	0	0	0	0	0	70	6	116	66	30	0	4	0	16	2	4	0	136	10	238	124	38	0	58	6	118	66	30	0	18	4	60	20	6	74	26	78	90	52	84	34	58	68	124	28	52	60	68	72	102	54	68	16	40	-0.232213875899712	-0.522948989519056	152791.25	39939.6	0.34605574974241	1
1dkg	0	0	0	0	0	0	0	40	0	89	69	6	0	0	0	1	0	0	0	97	0	139	89	12	0	62	1	88	49	6	0	5	0	17	2	2	87	1	59	80	16	46	8	54	53	61	27	31	34	34	40	26	43	67	1	9	-0.215223793173209	-0.533412028839155	94673.5	28432.4	0.353310241118011	1
1dnp	0	0	0	0	0	0	0	28	4	100	46	24	0	4	0	2	6	2	0	96	6	196	90	40	0	44	4	92	40	20	0	30	0	38	18	10	100	14	40	66	38	56	30	38	34	86	16	40	52	56	68	46	44	60	30	28	0.059339153269927	-0.530578228927536	137788.875	35130	0.367238956176641	1
1dpr	0	0	0	0	0	0	0	20	0	42	38	6	0	0	0	2	0	0	0	44	2	86	60	4	0	40	0	62	30	2	0	2	0	4	6	0	30	2	40	42	6	26	12	30	14	46	14	10	16	14	42	22	34	46	2	4	-0.057520463208978	-0.712121856571855	38745	11478.5	0.482402366346952	1
1dsb	0	0	0	0	0	0	0	16	0	36	24	14	0	0	0	2	0	2	0	36	2	56	48	10	0	24	0	44	8	12	0	14	2	14	8	4	34	4	24	24	22	26	6	10	34	24	12	14	14	28	6	16	18	42	4	16	-0.001510328923663	-0.94538323171811	53998.875	15092.7	0.45776262012425	1
1dvh	0	0	0	0	0	0	0	3	0	9	0	0	0	0	0	2	0	0	0	6	1	24	9	5	0	2	1	8	1	1	0	1	0	3	2	0	13	2	5	5	0	11	1	1	12	5	5	1	1	1	1	6	1	2	0	6	0.044437172305253	-0.918173650415992	15939.25	4243.28	0.721817968856494	1
1eci	0	0	0	0	0	0	0	0	2	2	1	1	0	1	0	3	2	0	0	4	4	18	9	2	0	1	0	12	3	1	0	0	0	2	1	0	4	6	2	4	0	4	0	8	14	3	2	0	4	0	1	4	7	4	3	1	0.003641484538093	-0.917604861233293	16310.625	4283.51	0.726102738544607	1
1ecm	0	0	0	0	0	0	0	10	0	16	18	2	0	0	0	0	0	0	0	26	0	38	30	0	0	10	0	36	20	4	0	0	0	4	2	0	22	0	12	18	4	4	12	16	12	46	2	6	6	10	20	10	8	8	0	2	0.008034366803865	-0.691990412773195	28221	9038.01	0.49597475651022	1
1enh	0	0	0	0	0	0	0	6	0	6	1	2	0	0	0	0	0	0	0	4	0	13	6	1	0	4	0	4	0	1	0	1	0	2	1	1	4	0	0	6	3	1	0	3	4	6	0	4	1	5	9	4	2	0	1	1	-0.026700101792812	-0.912065814712963	8354.5	3043.63	0.654193026960802	1
1erc	0	0	0	0	0	0	0	2	2	3	2	0	0	2	0	3	1	0	0	6	2	5	0	1	0	0	1	2	0	3	0	0	1	1	2	0	4	6	2	5	0	2	0	2	0	1	1	1	2	2	1	3	2	2	0	4	-0.035500403571253	-1.01155978300944	7773.875	2457.76	0.772152392618815	1
1etp	0	0	0	0	0	0	0	14	0	50	16	0	0	0	0	6	2	0	0	46	8	92	40	14	0	16	0	40	10	4	0	4	0	12	2	2	46	8	28	16	10	58	8	10	26	34	10	14	20	22	12	18	14	16	0	10	-0.071789484160642	-0.811021782382706	49667.375	16448	0.397269446741661	1
1ezm	0	0	0	0	0	0	0	13	1	24	13	7	0	0	0	4	0	0	0	27	3	76	19	20	0	11	0	24	10	6	0	7	0	18	8	9	27	4	22	9	16	33	7	9	11	14	9	20	10	7	15	25	18	19	4	22	0.061298434312145	-0.804944925177754	40580	9911.04	0.576199562413757	1
1fap	0	0	0	0	0	0	0	6	0	19	9	6	0	0	0	1	0	1	0	19	1	40	19	11	0	12	1	20	11	2	0	2	0	11	7	2	11	2	9	18	9	19	7	7	13	16	9	4	9	9	14	9	10	14	5	8	-0.10654579475522	-0.7962139361186	30087.125	9552.99	0.489702057073252	1
1fc2	0	0	0	0	0	0	0	18	0	33	11	6	0	0	0	6	0	0	0	30	4	53	27	9	0	13	2	23	13	5	0	6	0	9	5	4	13	6	13	18	10	11	8	6	24	24	3	19	24	18	7	23	16	23	4	10	-0.281245777693888	-0.668409493260246	36466	11758.9	0.452247504676119	1
1fip	0	0	0	0	0	0	0	14	0	20	18	4	0	0	0	0	0	0	0	20	0	24	20	6	0	16	0	24	16	0	0	4	0	2	4	2	12	0	12	8	4	10	0	2	14	24	12	16	2	20	12	8	12	20	0	8	0.01178097523128	-1.04221432792606	22524.625	6658.57	0.579261771048621	1
1fow	0	0	0	0	0	0	0	1	0	7	5	0	0	0	0	0	0	0	0	8	0	22	11	0	0	3	0	11	5	1	0	0	0	1	0	0	11	0	3	7	1	5	0	7	7	4	5	3	4	0	5	4	5	5	0	0	0.112779855728149	-0.716550969461387	10589.375	4575.64	0.509658371395238	1
1fps	0	0	0	0	0	0	0	18	1	33	21	7	0	2	0	3	1	2	0	34	3	49	37	12	0	20	2	34	20	10	0	6	2	16	7	7	26	8	19	32	15	22	5	14	24	38	6	7	12	22	21	16	10	28	3	20	0.138874107350906	-0.634388945531941	51739.75	15296.6	0.438973966459328	1
1gab	0	0	0	0	0	0	0	4	0	5	4	1	0	0	0	0	0	0	0	5	0	11	6	0	0	3	0	6	2	1	0	2	0	0	0	2	9	0	3	5	2	1	1	5	8	5	0	5	0	1	0	1	3	2	1	1	0.220487223394836	-0.812635339933088	16604.75	4778.66	0.65866747782313	1
1glm	0	0	0	0	0	0	0	15	2	43	16	12	0	0	0	4	2	1	0	50	4	115	40	24	0	16	0	40	22	9	0	7	1	31	7	8	48	7	34	18	18	37	5	19	8	37	1	21	17	15	15	66	38	30	15	21	0.056366433699926	-0.692890021124954	64393.625	14332.6	0.542068777807099	1
1gln	0	0	0	0	0	0	0	20	0	44	14	12	0	0	0	0	1	0	0	43	0	94	61	21	0	19	1	51	25	13	0	8	0	29	9	2	43	1	19	54	17	32	7	16	24	58	7	8	31	9	47	15	20	29	10	21	-0.167402836959809	-0.820904986327736	68970.875	18229.8	0.446148438892226	1
1grj	0	0	0	0	0	0	0	14	1	19	9	1	0	0	0	0	0	1	0	14	0	25	20	4	0	11	0	17	11	2	0	5	0	2	1	0	14	1	11	20	5	11	2	14	10	11	3	7	5	6	10	5	6	14	0	3	0.188936526576678	-0.73127293148235	21211.375	7452.42	0.497239952809167	1
1grl	0	0	0	0	0	0	0	189	0	336	259	28	0	14	0	7	0	0	0	350	14	847	567	42	0	224	7	574	252	21	0	35	0	56	0	7	518	21	245	322	49	420	7	224	280	287	161	133	98	112	147	119	231	413	0	49	-0.023825784302538	-0.89284226292589	458163.25	131189	0.219078724360922	1
1hcr	0	0	0	0	0	0	0	4	0	2	3	0	0	0	0	3	0	0	0	2	2	36	5	3	0	2	0	8	2	0	0	0	0	1	2	1	13	3	0	3	2	7	2	6	4	4	1	2	3	4	6	4	12	1	0	2	nan	nan	15849.375	5494.36	0.55536065284331	1
1hdj	0	0	0	0	0	0	0	4	0	12	0	3	0	0	0	1	0	0	0	10	0	17	8	4	0	4	0	4	1	0	0	1	0	5	1	1	7	1	6	10	2	8	1	3	8	5	1	1	3	2	8	3	1	1	0	6	0.14764765719107	-0.839518197771726	24824.875	6078.87	0.676995812348495	1
1hme	0	0	0	0	0	0	0	2	0	10	0	3	0	0	0	0	0	1	0	9	1	23	7	3	0	3	0	5	0	1	0	1	0	4	2	1	10	1	5	6	4	4	1	3	14	4	1	3	7	1	3	3	1	1	1	4	0.242479751507441	-0.491734229232093	11389.625	5012.97	0.488347125630787	1
1hst	0	0	0	0	0	0	0	0	0	14	4	0	0	0	0	0	0	0	0	12	0	80	22	6	0	6	0	18	6	2	0	0	0	8	0	0	22	0	4	4	2	16	6	12	24	12	2	2	4	8	18	28	4	6	0	6	-0.130135414501031	-0.711214892776709	20795.125	7537.75	0.48515824760757	1
1hvd	0	0	0	0	0	0	0	20	0	32	9	10	0	0	0	0	1	0	0	27	1	67	35	11	0	18	0	33	25	3	0	5	0	10	9	2	26	1	25	28	13	23	3	18	22	38	7	6	5	12	19	21	23	16	1	12	-0.013237605492274	-0.907243333778561	45151	12507.4	0.490262491111069	1
1hyp	0	0	0	0	0	0	0	1	0	4	8	0	0	1	1	3	3	0	0	4	4	14	8	1	0	7	3	9	7	0	0	0	0	1	0	0	5	8	4	1	0	8	0	9	0	15	0	6	4	2	5	6	4	2	0	1	-0.125092460463444	-0.917352403900077	9967.125	3833.96	0.584184213723808	1
1ifj	0	0	0	0	0	0	0	1	0	3	1	1	0	0	0	0	0	0	0	4	0	14	4	4	0	0	0	5	5	1	0	1	0	4	1	0	10	0	3	2	3	4	0	4	5	2	1	0	1	1	0	4	3	4	1	2	0.370867963414639	-0.871023752515795	6528.875	3546.83	0.476287650070838	1
1ign	0	0	0	0	0	0	0	30	0	56	12	10	0	0	10	14	0	0	0	46	18	160	46	26	0	16	0	38	14	12	0	16	0	24	8	6	50	28	38	34	26	44	18	24	34	28	6	28	34	8	48	24	46	22	2	26	nan	nan	79786.125	25822.7	0.347083570805503	1
1ihf	0	0	0	0	0	0	0	9	0	22	9	3	0	0	2	11	0	0	0	18	10	94	23	7	0	13	0	18	4	2	0	2	0	7	3	1	34	14	9	21	9	29	4	8	18	17	5	7	10	6	18	10	31	9	0	4	nan	nan	50069	16473.7	0.39878509410284	1
1ilk	0	0	0	0	0	0	0	11	2	14	9	3	0	0	0	4	0	0	0	12	2	15	21	4	0	12	0	14	6	6	0	4	0	7	2	2	8	4	8	12	10	5	3	7	13	19	7	12	5	8	9	7	4	5	0	5	0.187784076978763	-0.563395277159749	22568.125	9857.47	0.391786060152593	1
1imq	0	0	0	0	0	0	0	5	1	12	3	1	0	0	0	0	1	0	0	9	0	19	7	4	0	5	0	5	5	1	0	3	0	2	1	1	4	1	6	10	3	6	3	4	6	6	2	3	3	3	1	9	7	5	1	3	0.006153925942878	-0.929983753740068	11472	4332.53	0.567765027905588	1
1jvr	0	0	0	0	0	0	0	2	0	5	8	2	0	1	0	0	1	0	0	5	1	51	15	3	0	5	0	15	6	5	0	4	1	5	1	0	9	2	3	3	5	6	5	9	5	14	1	4	28	7	5	8	10	7	2	4	-0.04505728740866	-0.275217389156604	142872.875	56971.3	0.231985683629638	1
1lbd	0	0	0	0	0	0	0	12	1	25	17	3	0	0	0	2	1	1	0	29	1	64	30	8	0	16	2	32	19	2	0	1	0	8	5	2	23	4	13	26	10	15	15	12	15	34	9	11	15	8	17	21	11	17	2	4	-0.370661954085032	-0.491746963612442	34109.375	10492.2	0.484767398793635	1
1lbu	0	0	0	0	0	0	0	4	2	19	8	3	0	1	0	4	0	1	0	21	3	63	18	14	0	8	0	22	2	0	0	3	1	11	3	1	30	6	11	4	8	31	7	7	5	11	4	11	8	11	10	15	13	10	4	7	-0.128835938870907	-0.632116563241496	28039.625	7722.29	0.57798888265636	1
1lea	0	0	0	0	0	0	0	7	0	7	2	1	0	0	0	0	0	0	0	6	0	22	14	1	0	4	0	12	5	0	0	0	0	1	1	0	11	0	2	9	2	7	2	6	3	9	2	1	4	5	9	4	3	5	0	0	0.12088551123937	-0.475427974445677	10858.375	3564.7	0.665228778862596	1
1lis	0	0	0	0	0	0	0	1	0	6	11	3	0	0	0	0	0	0	0	10	0	25	19	3	0	7	0	14	5	11	0	3	0	12	2	3	9	0	7	5	6	8	3	8	13	11	7	6	6	3	12	2	5	11	4	10	0.088738878568014	-0.680967768545439	20049.125	6915.99	0.516051902668886	1
1lla	0	0	0	0	0	0	0	29	1	60	32	16	0	2	0	3	2	2	0	55	6	115	68	30	0	37	1	66	21	12	0	14	1	31	14	9	34	9	53	44	33	36	45	34	39	51	13	29	32	12	31	35	23	39	8	28	-0.085964372847229	-0.778285914870745	89762.25	21209.4	0.457107375300454	1
1lli	0	0	0	0	0	0	0	12	0	12	8	10	0	0	3	6	0	0	0	20	6	57	26	2	0	8	0	34	4	0	0	2	0	2	8	0	33	9	4	20	4	21	0	12	20	24	4	10	4	8	6	16	15	6	0	8	nan	nan	38006.625	12141.1	0.45026234162936	1
1lpe	0	0	0	0	0	0	0	11	0	15	9	3	0	0	0	0	1	0	0	11	1	24	21	2	0	14	0	16	5	2	0	2	0	4	1	1	15	1	7	17	1	7	1	0	7	24	4	0	1	14	16	7	6	9	3	4	0.154948485394319	-0.973852956670568	21630.375	7000.11	0.536317488837466	1
1lre	0	0	0	0	0	0	0	6	0	9	7	1	0	0	0	0	0	0	0	10	0	9	10	3	0	6	0	12	3	0	0	1	0	2	1	0	7	0	7	10	1	5	2	3	10	15	1	3	2	3	7	0	0	2	2	1	-0.184574283876767	-0.641749573863857	22481.625	6512.25	0.591522850974343	1
1lrv	0	0	0	0	0	0	0	14	0	26	11	2	0	1	0	2	1	0	0	22	3	34	41	6	0	13	1	36	12	4	0	3	0	7	2	2	24	4	23	20	7	10	3	10	2	30	6	2	16	8	35	9	7	21	2	5	-0.287907083829244	-0.863502987127131	34075.125	10587.7	0.48007320767189	1
1mhl	0	0	0	0	0	0	0	66	6	100	52	20	0	6	0	16	4	2	0	104	10	192	146	50	0	54	8	134	50	22	0	14	4	56	20	8	72	28	58	52	52	68	12	56	28	122	36	78	92	56	110	60	60	58	20	30	-0.050878299904677	-0.762319415917138	168336.125	38387.7	0.384069879894147	1
1mmo	0	0	0	0	0	0	0	100	6	202	102	66	0	10	0	6	0	2	0	208	6	374	204	120	0	80	4	216	56	60	0	80	2	112	56	38	202	18	132	156	112	134	50	80	122	168	44	108	84	82	134	78	110	126	82	94	0.170654111438327	-0.358638673724616	321155	59473.1	0.381335004830147	1
1mng	0	0	0	0	0	0	0	18	0	26	28	12	0	0	0	0	0	0	0	38	0	76	42	22	0	20	0	46	16	10	0	8	0	30	6	6	38	0	18	28	18	34	22	14	28	46	6	20	26	18	12	6	14	26	12	20	0.094426922189693	-0.786384657009019	60076.5	15029.2	0.493572941405326	1
1mse	0	0	0	0	0	0	0	7	0	10	2	2	0	1	1	5	0	0	0	11	7	42	11	6	0	2	0	12	7	0	0	0	0	7	1	0	14	8	3	8	0	13	5	8	14	7	2	6	4	4	11	3	14	5	6	2	nan	nan	23606.125	7250.47	0.548867816677034	1
1myk	0	0	0	0	0	0	0	4	0	8	8	4	0	0	0	0	0	0	0	10	0	18	12	4	0	8	0	12	8	0	0	2	0	4	2	0	4	0	2	12	4	8	0	4	10	8	8	6	2	4	12	8	0	10	2	2	-0.036432803918918	-0.411680868705145	13790.5	4398.74	0.632231078302482	1
1ngr	0	0	0	0	0	0	0	2	0	9	6	1	0	0	0	1	1	0	0	11	2	14	8	4	0	4	0	12	4	0	0	0	0	4	1	0	10	2	5	8	1	5	3	3	2	14	0	2	3	3	6	7	4	3	2	2	-0.15826286932764	-0.725119810902748	17679.25	4417.22	0.74298090586098	1
1nkl	0	0	0	0	0	0	0	3	2	6	3	1	0	0	0	1	4	1	0	7	3	12	9	0	0	4	1	10	5	1	0	0	0	3	0	1	3	6	5	4	2	4	0	9	10	6	2	1	3	5	5	4	3	4	1	1	-0.064002320465321	-0.835314064705745	16298.625	4337.76	0.716670040940156	1
1occ	0	0	0	0	0	0	0	102	6	202	116	76	0	4	0	14	14	4	0	210	16	752	424	212	0	126	8	416	284	116	0	58	6	226	116	78	266	36	134	166	228	258	136	204	166	378	152	120	196	82	126	236	244	226	114	144	0.01670203000928	-0.585612370712824	526897.5	119254	0.264542383115668	1
1oct	0	0	0	0	0	0	0	9	1	14	13	1	0	0	1	4	1	1	0	17	4	49	16	6	0	11	0	19	3	2	0	2	0	6	2	1	17	7	6	15	8	12	0	9	15	18	4	11	5	7	12	15	18	4	2	1	nan	nan	28928.625	9787.08	0.465639178277411	1
1olg	0	0	0	0	0	0	0	4	0	24	16	4	0	0	0	0	0	0	0	24	0	32	8	8	0	16	0	12	0	0	0	4	0	4	4	4	12	0	8	28	12	16	0	4	20	20	4	4	8	8	16	0	4	0	0	4	-0.002934606513008	-1.09140448219753	26565.625	11171.3	0.385413658834851	1
1opc	0	0	0	0	0	0	0	6	0	8	7	0	0	0	0	0	0	0	0	8	0	26	12	6	0	5	0	14	5	3	0	2	0	4	3	0	9	0	5	11	5	7	2	4	5	10	5	2	8	3	11	8	3	8	1	3	-0.058803214691579	-0.809032926754745	14599.375	4788.78	0.603228818939992	1
1pax	0	0	0	0	0	0	0	9	0	35	24	8	0	0	0	1	0	1	0	31	1	70	42	12	0	27	1	42	22	5	0	9	0	9	9	2	23	2	22	20	10	25	8	26	34	41	9	18	15	16	10	23	19	21	2	17	-0.070991246029735	-0.812130955899069	51380	13972.6	0.478339558163346	1
1pdn	0	0	0	0	0	0	0	5	1	8	6	2	0	0	1	9	1	0	0	9	6	49	18	2	0	6	2	18	6	1	0	1	0	2	2	0	12	11	3	9	2	22	1	14	5	7	2	6	8	4	17	12	10	10	1	2	nan	nan	26215.125	9941.58	0.429269469332938	1
1phb	0	0	0	0	0	0	0	18	3	43	19	8	0	2	0	4	2	0	0	39	4	75	47	15	0	18	1	47	27	9	0	14	0	12	6	0	31	8	22	33	18	25	13	26	12	42	10	13	30	23	26	24	20	24	5	9	0.075642211983601	-0.791941543790212	59085.5	14570	0.503514346705482	1
1pnb	0	0	0	0	0	0	0	11	4	10	1	4	0	1	1	3	3	0	0	10	2	17	11	0	0	8	1	6	0	3	0	2	0	4	2	0	6	8	1	5	4	6	2	6	5	6	1	4	8	22	6	4	3	5	2	2	0.026871040182111	-0.623992961746511	34516.75	9380.34	0.546536044293267	1
1pnr	0	0	0	0	0	0	0	10	0	33	18	6	0	1	0	3	2	1	0	37	6	77	37	12	0	13	0	40	26	6	0	6	1	16	2	2	43	7	15	28	11	26	8	21	15	25	15	14	16	10	25	17	21	24	4	12	nan	nan	52849.25	16650.6	0.409022114070177	1
1poa	0	0	0	0	0	0	0	7	3	6	4	6	0	4	1	6	2	1	0	6	5	23	6	7	0	6	0	7	1	0	0	4	4	5	1	2	11	14	10	3	4	10	1	4	5	5	1	10	4	4	5	6	5	4	3	9	0.016152828931809	-0.688580089940074	15984.875	5607.82	0.547221168402962	1
1poc	0	0	0	0	0	0	0	2	2	11	3	4	0	2	1	5	1	1	0	12	4	36	10	4	0	5	2	9	3	1	0	1	1	5	4	4	4	10	11	5	5	11	7	4	12	9	3	5	5	1	6	10	11	5	2	8	-0.10879526566714	-0.834538101024436	18795.5	6522.49	0.524131134173325	1
1ppr	0	0	0	0	0	0	0	18	0	84	51	15	0	0	0	0	0	0	0	99	0	243	114	24	0	39	0	123	45	18	0	12	0	30	15	3	174	0	72	30	24	63	12	48	81	57	33	39	45	30	9	66	30	87	9	27	-0.051141360386585	-0.96572478532228	126308.875	43979.9	0.276812564210869	1
1prc	0	0	0	0	0	0	0	19	1	93	37	16	0	2	0	6	2	7	0	82	10	243	156	71	0	36	5	146	56	38	0	27	2	73	30	28	117	18	47	52	66	111	29	58	35	118	20	32	79	35	64	60	69	86	42	52	0.030774789241453	-0.306297917916387	171383.375	45015.2	0.3314647893537	1
1rgp	0	0	0	0	0	0	0	15	0	22	14	6	0	0	0	0	0	0	0	22	0	39	31	7	0	15	0	29	14	7	0	5	0	10	5	0	15	0	10	14	13	8	7	10	12	34	3	13	24	20	9	9	16	18	1	6	-0.046344300111135	-0.695173635043642	27473.875	8144.12	0.54065460411154	1
1rlr	0	0	0	0	0	0	0	36	2	57	46	24	0	1	0	8	2	0	0	68	5	145	82	29	0	39	4	89	35	13	0	21	0	30	15	9	60	11	52	44	29	47	20	51	42	76	16	36	31	33	40	50	39	38	5	41	-0.013404453794162	-0.594151849188543	108246.875	25257	0.434889850304676	1
1rnl	0	0	0	0	0	0	0	9	0	26	12	0	0	0	0	0	0	0	0	24	0	36	33	1	0	14	0	32	21	2	0	0	0	1	3	0	19	0	14	18	2	11	6	12	14	31	9	8	9	7	13	12	11	17	1	1	0.048642734453703	-0.701381671851311	29045.375	8247.03	0.554078385602855	1
1rpo	0	0	0	0	0	0	0	7	1	9	3	0	0	0	0	1	1	0	0	8	0	9	7	2	0	5	1	5	1	1	0	0	0	2	1	0	8	2	7	7	2	2	2	2	3	10	2	3	0	3	4	3	4	0	0	1	-0.040319961185257	-0.989599845483709	8955.625	3669.99	0.568263607067819	1
1rro	0	0	0	0	0	0	0	11	1	14	5	4	0	1	0	0	0	0	0	15	0	16	10	1	0	7	0	6	3	3	0	1	0	6	1	2	9	1	15	9	8	6	1	6	7	8	3	2	2	9	2	11	5	2	0	2	-0.099737400809924	-0.82665612770204	15126.75	4837.91	0.611397172492783	1
1rtm	0	0	0	0	0	0	0	27	6	45	18	3	0	3	0	3	6	0	0	36	3	93	60	15	0	24	3	51	3	12	0	9	0	15	6	3	39	12	18	42	21	30	12	21	42	30	12	30	12	9	12	30	33	30	6	6	-0.183296224309339	-0.248927692933988	62676.375	18881.6	0.404123939955391	1
1ryt	0	0	0	0	0	0	0	6	0	26	5	3	0	1	0	2	1	0	0	17	4	46	14	12	0	11	0	9	5	5	0	5	0	11	5	1	27	4	6	22	14	15	8	12	11	11	1	7	5	5	14	7	7	6	2	6	-0.206211938212315	-0.801045879903866	27163.5	8792.28	0.497019123953875	1
1set	0	0	0	0	0	0	0	32	0	80	52	10	0	0	0	4	0	0	0	76	4	164	102	42	0	56	0	92	44	14	0	10	0	46	10	2	92	4	30	94	24	56	16	20	36	116	18	18	56	32	80	28	24	54	12	32	-0.201753233404209	-0.444946343213086	123579.5	31128.5	0.385440092351261	1
1sfe	0	0	0	0	0	0	0	13	1	18	3	4	0	1	0	4	1	0	0	14	4	34	26	5	0	10	1	21	10	0	0	1	0	5	3	0	25	6	9	11	4	12	3	9	5	19	3	6	7	13	16	8	7	12	2	3	-0.131292418887218	-0.836131604244803	22953.5	7056.78	0.553490482949386	1
1sig	0	0	0	0	0	0	0	34	0	35	24	4	0	2	0	0	1	0	0	32	2	55	36	11	0	20	1	35	15	7	0	9	0	11	2	2	29	3	28	38	11	14	5	23	23	26	10	13	7	18	24	17	18	19	4	9	-0.159064739942551	-0.462497746159485	45851.625	14659.9	0.422593621791286	1
1sly	0	0	0	0	0	0	0	35	2	64	26	15	0	1	0	1	0	0	0	60	0	123	67	29	0	33	0	58	26	12	0	14	0	33	10	8	69	2	32	38	17	35	3	24	26	54	22	31	28	42	47	35	36	29	19	29	0.212659046053886	-0.9130632997213	89769.25	24797.7	0.390982921518858	1
1sra	0	0	0	0	0	0	0	10	1	16	9	5	0	0	0	4	0	0	0	15	1	15	17	5	0	10	1	15	7	4	0	6	1	4	3	1	6	4	15	14	7	5	6	8	11	20	3	7	9	5	8	2	7	6	3	5	0.133785868684451	-0.906236175958326	22962.375	7283.17	0.536424017203141	1
1tad	0	0	0	0	0	0	0	42	3	90	54	27	0	6	0	12	6	0	0	87	6	144	105	33	0	57	6	105	63	27	0	24	9	27	30	6	57	24	72	63	51	51	24	84	63	84	33	42	15	39	48	60	60	57	6	39	-0.086325445936786	-0.827549157417378	139247.75	37977.3	0.342099282714535	1
1taf	0	0	0	0	0	0	0	7	0	12	11	1	0	0	0	0	0	0	0	10	0	22	20	4	0	11	0	20	9	2	0	2	0	3	2	0	13	0	13	9	3	3	2	10	13	14	5	4	2	5	7	12	5	14	0	4	-0.061676243940989	-0.99886632173941	19749.75	6595.11	0.535759420331993	1
1tns	0	0	0	0	0	0	0	1	0	6	4	3	0	0	0	0	0	0	0	7	0	22	9	0	0	4	0	8	3	2	0	1	0	2	2	1	9	0	0	7	1	8	0	3	7	9	1	4	4	3	3	4	3	5	2	3	0.269622671107451	-0.824172351393465	11067.625	4596.14	0.522549174570127	1
1tpt	0	0	0	0	0	0	0	15	0	42	19	4	0	0	0	1	1	0	0	37	1	97	67	12	0	20	1	64	23	8	0	7	0	10	7	3	56	2	33	24	16	39	6	27	22	37	19	12	15	11	24	23	29	34	2	9	-0.002622311313947	-0.783817813213279	24755.75	18478.1	0.222302426732841	1
1utg	0	0	0	0	0	0	0	3	0	6	3	2	0	0	0	0	2	0	0	7	1	13	8	1	0	3	1	10	6	0	0	1	0	2	0	0	2	2	4	6	2	3	1	4	7	8	5	2	5	2	2	5	6	3	0	1	0.255373619496822	-0.755715758830544	10004.125	4162.13	0.539454172724031	1
1vdf	0	0	0	0	0	0	0	15	5	35	20	0	0	5	0	5	0	0	0	20	5	10	35	0	0	35	0	10	15	5	0	0	0	5	0	0	20	10	15	25	5	5	0	5	10	35	15	10	5	25	15	0	15	15	0	0	0.024762189723939	-0.839488496432135	33838.25	10202.7	0.495877349102493	1
1vii	0	0	0	0	0	0	0	4	0	4	0	0	0	0	0	0	0	0	0	1	0	6	4	4	0	2	0	4	1	0	0	1	0	1	3	0	3	0	2	2	4	2	0	0	5	5	2	2	1	2	1	2	1	1	1	0	0.130890563130379	-1.15224199977049	5358.375	2432.22	0.608840226074208	1
1vin	0	0	0	0	0	0	0	10	0	24	17	2	0	1	0	2	0	0	0	21	2	39	38	10	0	14	1	31	16	13	0	7	0	14	4	1	19	3	11	19	8	9	15	10	18	38	7	9	14	14	7	13	16	20	2	16	0.000695852562785	-0.927517666701868	37080.25	10285.9	0.52280162543258	1
1vnc	0	0	0	0	0	0	0	41	0	54	21	19	0	0	0	1	1	0	0	62	2	134	62	28	0	24	0	67	22	7	0	8	0	31	15	9	57	2	43	38	31	46	12	29	19	40	13	34	60	20	34	24	36	39	11	21	-0.02621478602911	-0.792354797943101	81415.125	19555.2	0.464542292182113	1
1vol	0	0	0	0	0	0	0	11	1	32	20	5	0	1	3	8	3	1	0	26	9	109	46	23	0	24	2	49	22	4	0	6	1	16	10	0	51	17	20	19	21	26	3	33	35	32	12	14	21	16	26	25	28	25	0	12	nan	nan	66115.125	18108.5	0.43665207608523	1
1vtm	0	0	0	0	0	0	0	10	0	12	11	5	0	0	0	0	1	0	0	18	1	36	9	7	0	6	0	16	8	3	0	4	0	7	4	1	19	1	7	5	8	6	0	8	1	11	2	15	10	11	8	10	19	12	2	6	nan	nan	23451.125	8151.05	0.486085897971255	1
1xgs	0	0	0	0	0	0	0	18	0	50	40	2	0	0	0	0	0	0	0	44	0	104	88	26	0	38	0	84	38	14	0	8	0	24	10	0	60	0	24	58	16	44	12	58	52	52	18	18	28	10	28	12	26	48	2	24	0.017710160464048	-0.724765498208747	85646.25	20647.3	0.455085597675371	1
1ytf	0	0	0	0	0	0	0	24	4	36	20	11	0	1	0	7	1	1	0	44	4	99	43	18	0	18	1	54	33	4	0	7	0	17	11	1	44	10	32	32	18	27	3	29	33	36	6	17	10	14	22	33	42	39	4	14	nan	nan	64766.125	18542.4	0.420613739391053	1
1yve	0	0	0	0	0	0	0	76	0	188	80	40	0	16	0	0	8	0	0	164	12	448	260	100	0	92	8	256	124	36	0	36	4	88	48	8	180	24	124	120	96	184	36	128	108	176	52	68	88	72	96	208	84	164	20	68	-0.038503143160294	-0.808845282726775	290556	63120.1	0.336100902295516	1
256b	0	0	0	0	0	0	0	18	0	30	14	2	0	0	0	0	0	0	0	28	0	44	20	6	0	16	0	18	6	0	0	2	0	6	0	0	34	0	24	16	4	6	4	6	26	20	6	12	8	12	8	4	10	8	0	4	-0.028578836470842	-0.993779986366494	30029.875	10005.1	0.466980099974438	1
2abk	0	0	0	0	0	0	0	8	2	14	15	2	0	1	0	4	2	0	0	16	3	47	19	9	0	12	2	23	16	2	0	4	0	6	3	0	19	7	6	18	6	10	6	14	16	22	2	13	11	4	11	6	15	18	2	5	0.028733839591344	-0.917002571410536	30841.75	8993.5	0.528828347583542	1
2bct	0	0	0	0	0	0	0	25	3	43	25	1	0	2	0	4	5	0	0	41	6	102	70	12	0	26	2	76	52	3	0	2	0	7	7	1	54	11	15	30	6	34	18	28	20	71	16	25	18	27	30	24	34	44	3	8	-0.221181102097034	-0.907216362939701	69979.875	18699.8	0.439166567589995	1
2ccy	0	0	0	0	0	0	0	10	0	34	4	0	0	0	0	2	2	0	0	26	4	80	28	10	0	6	0	24	6	4	0	6	0	8	0	0	56	4	10	20	8	20	2	4	30	24	6	4	14	16	4	10	12	6	6	0	0.024178722252448	-0.889208556340711	34430	11363.5	0.450398245513473	1
2end	0	0	0	0	0	0	0	4	0	15	5	2	0	1	0	0	0	0	0	8	0	25	22	7	0	8	1	16	4	3	0	5	0	5	2	4	12	1	8	9	8	7	4	13	10	11	2	3	5	6	12	5	7	7	1	7	-0.081043304565052	-0.808611888131666	20587.375	6540.87	0.5553702227472	1
2gst	0	0	0	0	0	0	0	16	0	40	20	16	0	0	0	2	4	0	0	40	2	62	48	20	0	14	2	42	24	20	0	22	2	26	6	4	22	6	30	30	24	18	8	26	38	50	16	18	24	14	26	24	14	10	8	28	0.128337824996076	-0.772770716039318	67343.25	17129.8	0.467298671847998	1
2hmq	0	0	0	0	0	0	0	32	0	36	28	12	0	0	0	4	0	4	0	44	4	72	28	32	0	16	0	36	24	12	0	16	4	36	4	4	28	8	48	16	28	24	28	36	36	40	4	24	12	20	16	12	28	8	12	24	-0.07319563953206	-0.835137338897484	68511.75	18728.7	0.43233447219971	1
2hmx	0	0	0	0	0	0	0	8	0	15	9	2	0	0	0	1	0	1	0	17	1	29	11	3	0	7	1	15	5	0	0	2	0	2	3	0	10	2	5	12	1	10	3	6	13	14	1	6	3	11	8	10	5	7	2	4	-0.597858186842253	0.229707958894399	64395.125	23630.2	0.328790091360976	1
2hts	0	0	0	0	0	0	0	8	0	7	5	2	0	0	0	0	0	0	0	8	0	18	6	6	0	4	0	5	5	4	0	2	0	8	2	1	4	0	3	7	7	3	4	2	7	4	3	9	3	3	6	11	1	9	4	2	0.042570797726512	-0.562865279361267	13263.875	4960.45	0.546273326289575	1
2lig	0	0	0	0	0	0	0	24	2	38	20	8	0	0	0	2	0	0	0	40	0	60	26	14	0	20	0	24	16	4	0	8	0	14	4	2	46	2	16	14	12	14	6	6	8	36	18	24	6	38	16	26	18	6	2	14	0.151893720651666	-0.614332936352712	43946.875	13065.1	0.460953077364138	1
2pgd	0	0	0	0	0	0	0	17	3	38	21	10	0	1	1	5	2	0	0	40	2	105	54	20	0	18	2	52	35	11	0	13	1	21	6	3	44	9	31	23	23	52	12	35	35	46	13	18	15	17	20	27	17	24	8	13	-0.04741766055425	-0.225579698548454	67291.875	18978.3	0.421568905353544	1
2sbl	0	0	0	0	0	0	0	66	2	142	98	28	0	0	0	4	4	0	0	152	0	356	180	70	0	88	4	184	86	50	0	30	2	72	44	14	112	8	92	110	60	106	50	108	98	172	30	80	102	54	74	124	92	104	28	74	-0.056286139842996	-0.77005165074128	236374.125	54721.1	0.337854152986284	1
2scp	0	0	0	0	0	0	0	22	0	30	24	10	0	0	0	0	0	0	0	44	0	54	30	10	0	8	0	48	16	10	0	12	0	8	10	10	26	0	36	26	30	26	2	16	24	24	20	22	10	2	10	22	20	22	6	4	-0.085881920220951	-0.913506817570849	50079.375	12242.5	0.536685603196306	1
2spc	0	0	0	0	0	0	0	16	2	28	18	2	0	2	0	0	0	0	0	30	0	32	18	4	0	16	0	16	10	6	0	2	0	8	2	0	26	2	20	20	4	10	8	10	16	26	4	14	0	14	14	8	2	8	4	4	0.080437587651735	-0.661541216876037	30319.875	11051.6	0.425478126086991	1
2tct	0	0	0	0	0	0	0	12	0	17	15	3	0	0	0	0	0	0	0	25	0	36	24	7	0	8	0	31	11	3	0	2	0	9	2	1	23	0	13	16	7	12	7	8	6	33	3	7	7	11	16	10	12	9	2	5	0.395126034816106	-0.216379176830386	28440.375	9963.08	0.452252232434565	1
2ts1	0	0	0	0	0	0	0	19	0	40	24	8	0	0	0	1	0	1	0	42	2	85	48	13	0	20	0	43	20	13	0	10	0	20	5	4	34	2	23	39	19	36	7	28	26	43	6	12	11	17	29	19	28	20	6	14	-0.146460311487317	-0.62681705894836	44886.75	12401.8	0.492505981099711	1
2zta	0	0	0	0	0	0	0	8	0	6	6	0	0	0	0	0	0	0	0	4	0	6	10	2	0	6	0	10	4	0	0	2	0	0	0	0	2	0	2	12	0	2	2	0	10	12	2	4	0	2	6	2	0	6	0	2	0.031869231412808	-0.908014883306306	9522.25	3839.2	0.565895760776091	1
3sdh	0	0	0	0	0	0	0	16	0	30	14	2	0	0	0	0	2	0	0	28	0	48	34	18	0	12	2	42	16	2	0	6	0	10	6	2	36	2	24	6	12	20	4	16	30	26	6	20	6	12	8	14	12	26	4	8	-0.032364469021559	-0.838571037026377	41980.125	11758.5	0.496776853807544	1
4icb	0	0	0	0	0	0	0	6	0	10	3	4	0	0	0	0	0	0	0	7	0	12	8	2	0	7	0	5	5	0	0	2	0	2	2	0	2	0	4	13	5	5	0	2	10	12	1	2	4	4	0	6	2	3	0	1	0.072541806070755	-0.901144146780285	11276.625	3768.74	0.645268859026927	1
5eas	0	0	0	0	0	0	0	29	1	42	36	16	0	4	1	0	3	0	0	40	3	91	61	22	0	36	2	58	34	11	0	15	1	26	7	8	42	8	34	46	22	17	14	42	31	57	11	23	17	21	25	39	32	32	8	27	-0.029319315372656	-0.814851372670485	77202	19713	0.444785311635948	1
