id	AA	BA	CA	DA	EA	FA	AB	BB	CB	DB	EB	FB	AC	BC	CC	DC	EC	FC	AD	BD	CD	DD	ED	FD	AE	BE	CE	DE	EE	FE	AF	BF	CF	DF	EF	FF	A	C	D	E	F	G	H	I	K	L	M	N	P	Q	R	S	T	V	W	Y	skewness	kurtosis	volume	surface_area	spherecity	label
1abr	0	0	0	0	0	0	0	29	2	53	21	8	0	3	0	3	4	0	0	57	4	93	48	24	0	19	4	51	30	13	0	5	0	26	15	4	28	10	31	24	14	36	7	34	19	39	13	32	20	27	28	49	39	32	13	23	0.066900045766185	-0.711627767944051	75003.375	17965.4	0.478741530815209	2
1aly	0	0	0	0	0	0	0	5	0	15	4	2	0	0	0	1	1	1	0	13	2	37	15	5	0	7	1	14	6	3	0	1	0	6	4	2	12	3	2	6	7	12	4	6	7	14	1	7	6	11	5	17	10	10	1	5	-0.253773147861163	-0.775846731896849	20147	6160.61	0.581211232726242	2
1aof	0	0	0	0	0	0	0	50	0	116	56	26	0	0	0	4	0	0	0	118	4	266	112	36	0	52	0	110	54	28	0	30	0	40	22	8	100	4	86	84	36	94	28	58	62	86	26	44	68	36	42	58	84	74	22	42	0.112751015772422	-0.646464078897532	152936.875	33995.4	0.40682294896965	2
1aol	0	0	0	0	0	0	0	6	4	14	5	6	0	1	1	5	3	2	0	17	6	62	21	11	0	9	1	21	2	3	0	3	0	14	5	5	10	12	10	7	4	21	5	5	7	17	1	11	20	8	12	23	19	13	13	10	0.010251724471649	-0.76290587772775	31433.75	8941.25	0.538703771879313	2
1aon	0	0	0	0	0	0	0	413	0	735	560	63	0	28	0	14	0	0	0	756	28	1855	1190	91	0	504	14	1204	609	42	0	70	0	119	7	14	1085	42	532	714	105	896	21	518	616	637	322	301	210	224	343	280	483	903	0	105	-0.028372981360123	-0.637371960536792	1072503	288086	0.175884532246145	2
1arb	0	0	0	0	0	0	0	7	1	22	9	5	0	0	0	5	1	0	0	22	5	102	17	10	0	8	0	20	7	4	0	7	0	7	5	3	28	6	13	5	7	36	6	9	5	13	3	17	14	9	12	32	24	14	7	8	0.016406746581197	-0.784611053758491	34268	8016.03	0.636478829623582	2
1asf	0	0	0	0	0	0	0	22	1	37	17	9	0	0	1	3	1	0	0	37	3	81	40	19	0	15	0	49	17	7	0	12	0	10	13	1	46	5	20	27	21	30	6	17	18	38	8	23	15	16	22	21	22	26	5	10	0.002081301063299	-0.666615563434106	57088.25	15603.1	0.459519966074683	2
1asy	0	0	0	0	0	0	0	38	4	102	52	16	0	0	12	14	2	2	0	98	26	222	102	46	0	54	0	106	52	20	0	24	0	36	24	10	92	44	62	88	56	108	24	52	72	100	20	30	48	34	64	50	50	60	2	36	nan	nan	187695.25	50929.3	0.31128051686573	2
1bbt	0	0	0	0	0	0	0	20	0	76	27	14	0	1	0	5	2	1	0	65	6	182	78	33	0	33	3	69	31	16	0	17	0	34	13	6	66	9	36	32	30	53	21	22	29	60	14	38	43	32	31	43	81	56	7	33	0.022713248928388	-0.616435050697216	93521.75	30873	0.322735724678719	2
1bco	0	0	0	0	0	0	0	14	2	26	14	8	0	1	0	1	2	1	0	29	1	71	35	13	0	13	1	35	14	9	0	7	1	17	7	4	30	5	20	20	16	30	7	11	22	24	9	15	14	9	22	8	17	28	8	12	0.042172769705455	-0.923083254239378	42967.125	11819.2	0.501942041960034	2
1bcp	0	0	0	0	0	0	0	60	8	134	40	46	0	8	0	14	18	12	0	134	26	484	218	72	0	66	10	200	92	50	0	24	4	102	52	18	174	52	74	98	64	160	32	78	64	148	58	54	110	68	124	134	140	136	12	124	0.019225371917451	-0.741242552628721	265831.125	63424.4	0.315232976904109	2
1bdo	0	0	0	0	0	0	0	2	0	5	8	1	0	0	0	0	1	0	0	9	0	16	7	1	0	4	1	10	9	1	0	1	0	2	0	1	5	1	4	8	3	6	1	7	5	3	4	2	5	3	2	5	4	11	0	1	-0.004897264763713	-1.09790257961199	11126.375	3876.35	0.621770725130292	2
1bg1	0	0	0	0	0	0	0	36	3	54	40	9	0	1	2	7	4	2	0	49	6	110	63	22	0	44	5	52	39	14	0	12	0	27	8	3	34	16	26	44	23	34	9	36	44	59	20	31	27	41	25	36	43	39	12	15	nan	nan	88139.375	26762.4	0.357881331746025	2
1bia	0	0	0	0	0	0	0	15	0	26	22	3	0	0	0	1	0	0	0	29	0	55	44	9	0	17	1	46	24	7	0	5	0	8	6	2	28	1	16	21	8	35	2	27	18	43	8	13	11	16	20	14	9	18	7	6	-0.019798970470826	-0.782038660654224	40814.25	11473.2	0.499659451888315	2
1bmf	0	0	0	0	0	0	0	125	0	287	176	37	0	0	0	3	1	3	0	286	4	721	435	93	0	174	3	453	211	40	0	43	0	73	57	16	326	7	180	226	95	298	46	252	184	291	70	75	131	147	178	193	187	268	0	94	0.016369428263889	-0.654976182666794	421850.25	97003	0.280417103638878	2
1bpl	0	0	0	0	0	0	0	12	0	54	24	16	0	0	0	0	0	0	0	52	0	97	39	32	0	25	0	38	14	11	0	17	0	31	11	8	35	0	37	25	20	45	24	20	28	29	7	25	15	20	21	26	27	32	17	30	0.133238029355804	-0.841636097132687	67510.375	15345.5	0.522496550910741	2
1bty	0	0	0	0	0	0	0	9	2	17	10	2	0	1	0	7	2	2	0	18	7	56	22	8	0	8	2	20	13	5	0	3	1	11	2	0	14	12	10	4	3	25	3	15	15	14	2	16	8	10	2	34	10	18	4	10	-0.01481030000529	-0.862026372641096	30915.5	7854.66	0.606467571616836	2
1bw3	0	0	0	0	0	0	0	6	0	8	7	5	0	2	0	2	0	2	0	9	5	32	8	6	0	5	1	9	1	1	0	4	0	9	1	1	16	6	10	1	3	12	2	4	4	6	0	8	6	8	7	4	9	7	5	7	0.037517079648872	-0.904546111666863	29429.625	6247.95	0.737796172713431	2
1cd1	0	0	0	0	0	0	0	36	2	70	42	14	0	2	0	10	2	0	0	68	8	172	70	40	0	46	2	64	52	28	0	14	2	40	26	14	46	14	44	40	32	46	26	38	44	62	28	24	46	58	40	66	44	66	32	32	-0.000629524389903	-0.789154417461717	109489.75	33217.6	0.333194775387142	2
1cdg	0	0	0	0	0	0	0	35	1	60	29	21	0	0	0	2	0	1	0	56	2	159	66	38	0	34	0	71	20	12	0	21	0	29	22	6	65	3	40	18	32	65	12	37	29	38	13	62	28	26	20	47	56	49	13	33	0.037024505436421	-0.716874440505344	95352.875	20244.9	0.498567942209942	2
1cel	0	0	0	0	0	0	0	32	8	92	30	20	0	6	4	22	4	4	0	100	24	208	58	44	0	28	2	60	20	12	0	18	2	50	10	8	54	40	48	40	30	102	8	20	26	48	12	60	38	36	14	100	92	42	18	40	-0.119032744318247	-0.872622717874091	115039.25	29342.2	0.389842167208087	2
1cgp	0	0	0	0	0	0	0	18	2	46	18	2	0	0	0	18	0	0	0	32	16	108	60	6	0	32	0	38	34	12	0	4	0	12	4	4	44	18	16	32	10	44	12	34	30	44	12	10	12	28	20	22	42	28	4	10	nan	nan	77486.125	24027.6	0.36581066228917	2
1cka	0	0	0	0	0	0	0	7	0	7	1	3	0	0	0	0	0	0	0	6	0	14	7	1	0	2	0	5	2	2	0	3	0	3	1	1	4	0	6	8	3	4	0	3	7	4	1	3	9	1	5	1	0	3	2	3	-0.192923241605361	-0.955240543934828	9815.375	3437.08	0.645008961045691	2
1ckm	0	0	0	0	0	0	0	22	0	56	38	18	0	2	0	0	4	0	0	64	4	94	74	30	0	34	2	86	48	14	0	10	0	30	22	6	26	6	50	38	44	40	14	58	62	56	20	34	32	12	30	24	38	52	6	18	0.118298092546562	-0.821519571247408	95081.625	26059.6	0.386587175636089	2
1cpn	0	0	0	0	0	0	0	4	0	15	7	14	0	2	0	0	0	0	0	17	2	49	15	13	0	7	0	16	5	5	0	10	0	15	6	5	11	2	12	8	12	24	4	8	14	10	3	17	8	3	2	15	18	12	9	16	0.15277891062821	-0.903861475541853	29280.875	7283.76	0.630741196508888	2
1ctm	0	0	0	0	0	0	0	8	0	33	9	7	0	1	0	0	1	0	0	27	2	42	30	8	0	19	0	24	20	2	0	2	0	9	5	0	16	2	12	16	7	23	2	23	17	20	2	17	22	12	10	11	8	20	0	10	0.211681612767279	-0.708936921459485	35357.25	11469.6	0.454208062045711	2
1cuk	0	0	0	0	0	0	0	10	0	20	5	3	0	0	0	1	0	0	0	18	0	41	29	6	0	9	0	27	19	2	0	1	1	5	4	1	23	1	7	19	8	16	3	12	12	23	6	4	11	8	12	8	9	17	0	4	-0.110677319268386	-0.676596150525452	25306.125	8661.27	0.481267254624339	2
1cyx	0	0	0	0	0	0	0	6	0	20	10	4	0	0	0	0	2	0	0	19	2	48	22	8	0	11	0	23	4	4	0	4	0	8	4	5	24	2	10	15	12	12	10	12	12	7	13	8	14	7	3	15	10	10	3	6	0.041608987376094	-0.955858052390422	22795.875	6165.48	0.630601126926725	2
1ddt	0	0	0	0	0	0	0	21	0	46	31	13	0	0	0	3	0	1	0	54	3	117	65	16	0	23	1	68	22	9	0	13	0	21	5	2	40	4	28	37	18	43	16	33	39	36	8	30	21	16	16	51	30	46	5	18	0.008840911090374	-0.776413123543309	72243.5	20829.8	0.402715374481541	2
1djx	0	0	0	0	0	0	0	70	6	116	66	30	0	4	0	16	2	4	0	136	10	238	124	38	0	58	6	118	66	30	0	18	4	60	20	6	74	26	78	90	52	84	34	58	68	124	28	52	60	68	72	102	54	68	16	40	-0.232213875899712	-0.522948989519056	152791.25	39939.6	0.34605574974241	2
1dkg	0	0	0	0	0	0	0	40	0	89	69	6	0	0	0	1	0	0	0	97	0	139	89	12	0	62	1	88	49	6	0	5	0	17	2	2	87	1	59	80	16	46	8	54	53	61	27	31	34	34	40	26	43	67	1	9	-0.215223793173209	-0.533412028839155	94673.5	28432.4	0.353310241118011	2
1dlc	0	0	0	0	0	0	0	22	0	54	31	20	0	1	0	1	1	0	0	50	1	103	59	36	0	34	1	56	20	14	0	19	1	36	14	9	32	3	32	30	32	38	10	30	31	47	7	37	25	28	22	50	42	41	10	37	0.056180961430073	-0.7027059139184	85748	20879.5	0.450380967638864	2
1dup	0	0	0	0	0	0	0	3	0	13	9	4	0	0	0	1	0	0	0	14	0	34	18	4	0	7	1	19	14	1	0	4	0	3	2	0	12	1	12	6	6	18	4	10	5	16	6	4	9	7	7	8	7	11	1	2	-0.245859617988269	0.262143721598679	19037.375	7078.86	0.487070893635918	2
1eft	0	0	0	0	0	0	0	17	0	30	30	4	0	1	0	0	0	0	0	25	1	102	49	9	0	28	0	46	28	9	0	9	0	9	4	3	27	1	24	38	13	39	12	22	23	28	11	11	22	8	25	7	32	50	2	10	0.064589639504751	-0.790088500359122	58199.375	14663	0.495305902985626	2
1epn	0	0	0	0	0	0	0	4	0	17	15	5	0	0	0	2	0	0	0	23	1	112	29	23	0	9	0	37	7	7	0	5	1	20	9	3	29	2	21	5	20	38	1	18	11	19	0	6	13	9	1	49	47	23	5	13	0.003954310591022	-0.869817748056664	43601.5	11206.9	0.534563844176158	2
1esf	0	0	0	0	0	0	0	28	0	48	34	16	0	2	0	2	0	0	0	54	2	80	24	22	0	34	2	38	14	8	0	8	0	14	24	10	14	4	34	30	16	30	12	20	48	46	4	38	8	24	14	24	34	26	4	36	-0.022822142889102	-0.863455495720558	68869.625	19035.7	0.426841939857219	2
1eta	0	0	0	0	0	0	0	8	0	20	10	2	0	0	0	2	0	0	0	20	2	74	22	18	0	8	0	28	12	2	0	2	0	14	6	2	24	2	10	24	10	20	8	10	16	14	4	6	16	0	8	22	24	22	4	10	-0.100773491586248	-0.600187243111531	35978.125	10057.7	0.524015899929813	2
1exg	0	0	0	0	0	0	0	2	1	8	3	3	0	0	0	2	0	0	0	10	1	37	9	8	0	3	0	10	1	0	0	2	0	8	1	0	12	2	1	0	6	15	1	1	1	3	0	9	7	7	1	13	16	10	5	0	0.116809281054884	-0.92043829332497	13784	4709.37	0.590343548275426	2
1fgp	0	0	0	0	0	0	0	4	0	7	2	2	0	1	0	2	1	0	0	9	1	12	5	4	0	1	2	6	2	1	0	1	1	3	2	0	7	4	4	6	1	5	2	2	3	4	0	5	3	1	1	2	8	6	3	3	0.173208782035444	-0.633983661194806	12107.25	3923.55	0.649883144611932	2
1fiv	0	0	0	0	0	0	0	7	0	10	9	2	0	1	0	0	1	0	0	9	0	18	11	3	0	9	2	10	11	3	0	3	0	3	2	0	3	2	6	7	5	11	1	13	6	11	3	12	3	4	8	2	8	9	0	3	-0.15499871969223	-1.12250810338105	17013.625	6021.72	0.531244937393442	2
1fnb	0	0	0	0	0	0	0	12	1	31	13	5	0	0	0	1	4	0	0	29	2	66	31	15	0	12	2	36	13	9	0	10	0	9	11	1	21	5	18	27	13	26	5	16	34	24	13	11	17	7	9	16	15	19	6	12	-0.185738717516263	-0.498612558757299	43195.375	11957	0.497912918642787	2
1fui	0	0	0	0	0	0	0	138	12	330	168	54	0	6	0	42	12	12	0	354	18	708	444	162	0	138	30	462	126	36	0	66	12	138	48	24	384	72	192	240	102	318	96	204	150	246	138	144	138	126	192	210	198	210	84	102	-0.079135641740221	-0.678053362809848	512193.875	101770	0.304196306904762	2
1ggt	0	0	0	0	0	0	0	76	2	124	90	32	0	2	0	10	4	2	0	136	4	264	142	68	0	80	6	152	74	40	0	30	6	66	40	10	74	18	94	98	64	100	28	76	76	96	38	80	66	52	90	92	90	142	30	58	-0.071306228948136	-0.705384507507895	209698.625	50145.8	0.340392473626002	2
1gof	0	0	0	0	0	0	0	16	2	66	12	14	0	2	0	1	2	1	0	69	4	179	60	31	0	16	0	69	20	10	0	6	0	29	21	8	44	6	36	12	24	69	10	33	22	28	13	40	40	22	27	71	61	41	16	24	-0.378845973871648	-0.387737533649625	87188.625	18954.6	0.501659899100022	2
1gpr	0	0	0	0	0	0	0	7	0	18	10	0	0	0	0	0	0	0	0	16	0	25	23	6	0	12	0	22	12	2	0	0	0	4	4	0	6	0	9	16	8	17	3	16	9	11	4	5	11	5	4	12	8	18	0	0	-0.091019543508689	-0.792701071376557	21883.125	6149.49	0.61524947582764	2
1gtr	0	0	0	0	0	0	0	24	1	58	27	15	0	1	9	10	2	4	0	56	15	118	62	22	0	24	6	60	20	11	0	19	0	23	10	2	54	33	37	46	24	54	16	35	32	40	11	27	28	15	40	28	27	35	8	22	nan	nan	101913.5	27982.1	0.377072590669931	2
1gzi	0	0	0	0	0	0	0	3	0	4	3	0	0	0	0	0	0	0	0	3	0	11	13	1	0	5	0	11	9	0	0	0	0	1	0	0	7	0	2	2	0	3	0	4	1	6	5	4	6	3	3	3	5	10	0	1	0.020574120183786	-0.614654667727206	8918.75	2953.79	0.70410998377832	2
1hav	0	0	0	0	0	0	0	18	0	30	28	10	0	0	0	0	2	0	0	36	2	80	56	10	0	22	0	58	38	8	0	8	0	18	2	6	24	2	22	22	16	44	8	26	34	38	16	24	14	18	14	22	26	46	6	12	0.027231239403288	-0.763519634927352	63647.75	18054.6	0.426990576630506	2
1hbp	0	0	0	0	0	0	0	11	1	19	9	3	0	1	0	2	2	1	0	19	4	28	12	13	0	7	1	14	8	4	0	6	0	13	2	2	14	6	17	11	12	11	3	6	11	12	4	9	5	7	13	11	8	12	4	7	0.080311802526315	-0.745244246431788	25360.25	8207.26	0.508613972072803	2
1hcd	0	0	0	0	0	0	0	2	0	11	2	1	0	0	0	1	0	0	0	12	1	44	13	3	0	2	0	11	2	4	0	0	0	6	2	0	5	1	6	7	5	13	31	6	9	7	1	2	0	1	1	8	6	6	0	3	0.102054650584857	-0.828221257818682	17975.375	6208.27	0.534521897176597	2
1hge	0	0	0	0	0	0	0	96	9	135	90	30	0	9	0	21	6	0	0	165	9	297	132	60	0	78	12	144	54	27	0	15	6	63	33	12	72	36	90	87	54	120	33	111	81	105	21	120	60	66	75	108	117	78	27	48	-0.007562790479925	-0.200591389166472	216477.25	52603.1	0.33144715383693	2
1hms	0	0	0	0	0	0	0	4	0	10	7	4	0	0	0	0	1	0	0	14	1	28	16	4	0	4	0	17	9	2	0	3	0	7	0	0	6	1	11	8	6	10	3	7	14	14	2	3	1	3	4	6	19	10	2	2	0.118773562212785	-0.976862190090379	19272.5	6176.39	0.562826818180867	2
1hoe	0	0	0	0	0	0	0	3	0	7	0	2	0	0	0	3	1	0	0	9	1	14	9	3	0	1	2	8	1	2	0	0	1	4	2	0	7	4	5	4	0	7	2	2	1	4	0	1	3	3	3	5	8	8	1	6	0.179518289243182	-0.826422686581628	9872.375	3450.77	0.644934891431609	2
1hpl	0	0	0	0	0	0	0	30	6	90	42	22	0	2	0	18	6	2	0	88	8	170	80	50	0	48	4	74	38	18	0	24	8	44	16	8	48	28	56	46	56	80	18	46	38	58	10	58	42	32	42	76	52	68	14	30	0.09869355460008	-0.722322509444233	126979.375	31007.1	0.39401410109182	2
1hxn	0	0	0	0	0	0	0	3	1	19	12	1	0	0	0	3	2	1	0	25	3	55	15	11	0	7	1	21	9	7	0	1	1	11	7	2	14	6	12	8	4	17	12	5	10	24	3	9	16	7	11	18	12	13	9	9	-0.073612647751967	-0.683477801142083	29617.75	8753.87	0.528833234338292	2
1idk	0	0	0	0	0	0	0	17	4	30	14	8	0	2	0	3	1	1	0	31	2	87	36	13	0	14	1	32	16	10	0	9	0	17	6	4	30	7	29	18	10	43	6	22	9	19	1	19	8	7	8	33	32	32	6	20	-0.097782090306282	-0.782101500128657	48279.625	11329.9	0.565935981405899	2
1ihw	0	0	0	0	0	0	0	6	0	10	4	0	0	0	0	0	0	0	0	8	0	24	6	8	0	2	0	12	12	0	0	2	0	0	6	2	6	0	10	2	2	6	0	10	12	4	2	4	6	4	12	4	0	12	4	4	-0.015437862462932	-0.640392351356543	28985.125	7695.15	0.592994255784541	2
1irs	0	0	0	0	0	0	0	4	0	10	7	1	0	0	0	1	1	0	0	7	1	26	15	4	0	8	1	11	10	3	0	3	0	3	2	3	10	2	3	8	7	9	2	8	6	10	6	6	5	5	8	8	5	11	2	2	-0.162963800132275	-0.726978265019322	18111.125	5862.35	0.568908819345633	2
1kap	0	0	0	0	0	0	0	24	0	58	20	7	0	0	0	0	0	0	0	49	0	109	43	31	0	24	0	37	17	10	0	12	0	28	8	4	58	0	43	12	23	56	7	19	17	41	2	29	11	25	8	51	25	27	7	22	0.001200966692219	-1.17129835396694	63529	15943.5	0.482927353093646	2
1kit	0	0	0	0	0	0	0	35	0	88	40	21	0	0	0	0	0	0	0	88	0	146	67	33	0	42	0	71	44	10	0	18	0	30	16	7	50	0	48	31	31	70	10	49	22	58	12	57	30	48	30	67	56	48	18	22	0.074071709066629	-0.692631496871804	105529.75	25741.4	0.419535356988942	2
1knb	0	0	0	0	0	0	0	8	0	19	7	3	0	1	0	1	0	0	0	17	2	45	22	10	0	6	0	21	9	5	0	4	0	11	3	1	15	2	8	7	7	14	3	10	11	18	2	17	9	5	3	19	23	11	4	8	0.064687552551429	-0.876603064241916	26387	7421.98	0.577507580911529	2
1lts	0	0	0	0	0	0	0	22	1	93	32	18	0	0	0	2	10	0	0	89	6	115	80	33	0	40	5	86	25	11	0	10	0	33	19	4	37	12	34	53	16	34	13	74	53	39	23	43	27	36	41	56	69	31	8	42	0.047686408196266	-0.797463103460748	110748.875	25648.1	0.434832311832245	2
1lxa	0	0	0	0	0	0	0	10	0	23	12	1	0	1	0	2	0	2	0	19	2	61	36	10	0	12	3	32	17	2	0	4	0	9	2	1	25	5	11	16	10	30	12	26	10	12	4	13	9	6	15	11	16	25	0	6	0.021723411977291	-0.768716908446597	35588.875	9932.79	0.526771629986715	2
1mai	0	0	0	0	0	0	0	10	0	13	9	1	0	1	0	1	0	0	0	15	1	25	11	6	0	7	0	14	6	1	0	0	1	4	3	1	5	2	11	9	5	6	5	8	10	12	4	1	5	12	12	12	3	5	3	1	0.072858066608509	-0.870079911181731	17734	5493.3	0.598671535980134	2
1mjc	0	0	0	0	0	0	0	4	0	5	3	1	0	0	0	0	0	0	0	7	0	18	6	4	0	2	0	7	1	2	0	0	0	6	1	1	5	0	6	2	6	10	1	4	7	2	1	3	2	2	0	7	4	5	1	1	-0.082397043704987	-0.806602389776238	9183.375	3333.4	0.636206701509016	2
1mmd	0	0	0	0	0	0	0	51	1	76	47	15	0	1	0	3	3	0	0	82	2	127	64	37	0	38	3	75	40	19	0	17	1	31	22	6	55	7	47	53	45	42	15	52	56	68	10	50	26	40	38	47	33	46	4	28	0.062012369434039	-0.810483411756834	107914.375	29587.2	0.370481440851969	2
1msa	0	0	0	0	0	0	0	16	4	48	20	8	0	4	0	4	4	0	0	48	0	88	12	24	0	20	4	20	36	20	0	12	4	8	28	0	12	12	28	12	16	48	4	24	12	36	8	44	12	16	12	32	40	32	12	24	-0.006888245542844	-0.4980588352262	60506.875	14909.3	0.499915597046049	2
1msp	0	0	0	0	0	0	0	8	2	28	12	10	0	0	0	4	0	0	0	34	2	48	24	8	0	10	0	30	10	0	0	8	0	8	2	2	18	4	20	10	8	16	4	18	16	12	6	20	18	10	18	8	20	14	6	6	-0.018661754826705	-0.743145183911348	33821.375	10605.5	0.476885168900715	2
1nbc	0	0	0	0	0	0	0	10	2	34	20	6	0	0	0	0	0	2	0	38	0	60	24	18	0	12	0	26	6	8	0	14	0	18	2	8	16	2	18	10	16	24	4	14	18	16	2	30	8	16	4	36	30	20	8	18	-0.041668283442656	-0.938981550373921	43749	11413.7	0.526061386146306	2
1nci	0	0	0	0	0	0	0	14	0	20	20	0	0	0	0	0	0	0	0	16	0	46	24	6	0	20	0	22	14	4	0	4	0	6	2	0	8	0	16	10	8	16	4	26	4	16	2	20	24	8	18	14	6	16	2	2	0.010848696964483	-0.659011326864876	28163.625	8837.42	0.506544570355628	2
1neu	0	0	0	0	0	0	0	3	1	16	3	2	0	0	0	2	0	0	0	11	1	17	13	11	0	8	0	8	5	4	0	3	0	9	5	1	3	2	11	6	6	10	3	9	6	3	0	3	6	5	5	11	9	14	5	7	-0.054188895349701	-0.825299189023251	16740.5	5487.96	0.576658640959096	2
1noa	0	0	0	0	0	0	0	0	2	8	3	4	0	2	0	2	0	0	0	11	2	36	13	2	0	2	0	13	2	2	0	1	0	6	1	0	18	4	8	2	5	15	0	1	1	6	0	4	4	3	3	11	13	12	2	1	0.055860533689459	-0.781115592966647	14029.125	4768.62	0.589900093765871	2
1npo	0	0	0	0	0	0	0	14	6	16	4	0	0	6	4	16	4	0	0	12	12	46	20	4	0	6	4	14	0	6	0	2	6	2	0	0	13	32	6	18	6	32	0	6	3	14	2	6	18	10	14	12	4	8	0	4	-0.058034194322924	-0.896821404739279	21806.875	7095.98	0.531945775895786	2
1oac	0	0	0	0	0	0	0	74	0	136	80	36	0	0	0	0	0	0	0	148	0	290	154	60	0	56	0	174	86	26	0	48	0	52	22	10	110	0	116	78	48	112	40	88	98	90	44	78	92	54	54	50	98	120	32	52	-0.149239690353473	-0.325739582561527	212759.875	47494.1	0.36288661244484	2
1osp	0	0	0	0	0	0	0	24	2	56	31	10	0	1	0	7	1	2	0	64	6	191	76	25	0	26	1	80	21	7	0	9	1	28	6	11	31	11	37	41	18	51	5	25	62	53	5	27	27	20	15	94	78	52	11	26	-0.104735984014244	-0.832089678972193	95807.375	27923	0.362622439903566	2
1pdr	0	0	0	0	0	0	0	5	0	12	2	1	0	0	0	0	0	0	0	9	0	27	13	2	0	5	0	9	6	2	0	2	0	2	1	0	12	0	6	8	3	12	3	8	3	7	0	3	3	4	8	7	3	7	0	2	0.074968978762627	-1.02936296917974	13184.75	4261.99	0.633266184285139	2
1pgs	0	0	0	0	0	0	0	8	1	32	11	9	0	1	0	3	0	2	0	29	4	68	33	18	0	12	0	29	7	7	0	10	1	21	4	3	23	6	16	13	14	25	4	19	22	15	2	25	17	7	9	20	33	19	9	16	-0.052375679214796	-0.786484863753151	44287.875	11186.4	0.541149184580463	2
1pky	0	0	0	0	0	0	0	80	8	180	108	12	0	0	0	8	16	0	0	184	12	400	220	40	0	100	4	240	188	8	0	24	0	28	8	8	164	24	108	140	48	160	32	132	136	160	76	96	48	44	84	96	136	176	0	20	0.000752647640184	-0.779530241048985	250653.25	61083.6	0.314732598035702	2
1plc	0	0	0	0	0	0	0	6	0	10	4	2	0	0	0	0	0	1	0	9	1	19	11	4	0	4	0	11	6	1	0	2	0	4	2	1	7	1	7	8	7	10	2	6	6	6	2	6	5	1	0	12	2	9	0	2	-0.066666816671689	-0.930480857374059	13572.625	4114.16	0.668824510734969	2
1pmi	0	0	0	0	0	0	0	25	0	44	30	6	0	2	0	1	0	2	0	42	3	85	42	17	0	25	2	45	22	10	0	11	0	14	10	1	29	5	34	27	23	29	7	30	38	39	7	19	24	25	10	30	23	28	2	11	0.084568406144778	-0.672578528407811	63118.375	15642.2	0.490106162186817	2
1prc	0	0	0	0	0	0	0	19	1	93	37	16	0	2	0	6	2	7	0	82	10	243	156	71	0	36	5	146	56	38	0	27	2	73	30	28	117	18	47	52	66	111	29	58	35	118	20	32	79	35	64	60	69	86	42	52	0.030774789241453	-0.306297917916387	171383.375	45015.2	0.3314647893537	2
1prr	0	0	0	0	0	0	0	17	0	16	10	4	0	0	0	0	0	0	0	14	0	27	23	7	0	11	0	24	5	0	0	5	0	3	3	3	13	0	10	9	8	13	0	11	7	12	2	18	12	10	6	12	8	16	0	6	-0.069714809457461	-0.839484674781433	24757.75	7397.31	0.555329938679837	2
1pse	0	0	0	0	0	0	0	1	0	5	5	2	0	0	0	0	0	0	0	7	0	13	6	4	0	3	0	9	5	0	0	2	0	3	1	2	4	0	2	5	3	9	1	6	5	3	0	6	1	0	3	6	2	8	1	4	-0.38867509663105	-0.660960851993423	15090.625	4670.83	0.632258798478488	2
1pyp	0	0	0	0	0	0	0	28	0	64	36	4	0	2	0	0	0	0	0	56	0	112	54	36	0	36	0	56	20	8	0	10	2	28	8	8	44	2	46	38	22	32	12	54	56	34	4	34	40	14	12	26	38	28	12	22	-0.121020552702248	-0.754876339866922	79970.875	23210.1	0.386748238999723	2
1qba	0	0	0	0	0	0	0	36	2	95	45	13	0	1	0	4	1	0	0	88	2	176	82	52	0	45	2	81	30	13	0	22	0	44	12	11	81	6	69	44	38	72	16	33	60	63	16	31	45	48	45	46	35	59	19	32	0.063125689824422	-0.838327669130311	125925.625	27113.9	0.448093053414835	2
1rgs	0	0	0	0	0	0	0	18	0	22	18	6	0	0	0	2	0	0	0	26	1	58	27	10	0	11	1	34	18	8	0	9	0	7	8	3	23	2	19	26	14	21	1	17	16	23	6	10	10	9	23	19	10	26	3	10	0.261905549714963	-0.807819741816998	36832.375	11396.7	0.469740664007281	2
1rip	0	0	0	0	0	0	0	2	0	4	5	0	0	0	0	0	0	0	0	8	0	20	8	5	0	2	0	12	7	1	0	0	0	4	2	0	4	0	4	6	1	3	3	4	14	4	2	1	2	1	7	3	5	12	0	5	-0.233717281837016	-0.216733413423453	25730	7436.65	0.566761019881694	2
1rsy	0	0	0	0	0	0	0	9	0	11	10	6	0	0	0	0	0	0	0	12	0	29	14	8	0	6	0	19	9	2	0	8	0	5	3	0	5	0	11	14	10	15	3	6	15	14	4	5	8	6	3	8	7	12	1	5	-0.08624773278522	-0.585918758697617	19357.875	6262.88	0.556692223791741	2
1sac	0	0	0	0	0	0	0	35	0	85	40	35	0	0	0	0	10	0	0	90	0	175	100	50	0	45	5	105	65	40	0	25	5	55	40	10	40	10	45	65	50	75	20	65	55	100	5	40	60	45	45	85	40	90	25	60	-0.030966930774351	-0.875910963452121	151990.75	33719.1	0.408463187674739	2
1scs	0	0	0	0	0	0	0	4	0	24	10	6	0	0	0	0	0	0	0	26	0	56	26	10	0	11	0	27	10	4	0	2	0	12	6	2	18	0	18	7	11	16	6	15	12	18	2	14	11	5	6	31	19	17	4	7	-0.12995067362984	-0.60199775243957	32581.75	8930.19	0.552424625769961	2
1sft	0	0	0	0	0	0	0	30	0	48	44	8	0	2	0	4	2	0	0	60	4	156	102	44	0	24	4	116	42	14	0	14	0	40	12	4	80	8	44	48	32	52	32	48	26	78	20	18	46	20	58	34	38	56	10	28	-0.015431726972262	-0.748549665861978	113052.5	24932.2	0.453499663982188	2
1sla	0	0	0	0	0	0	0	10	2	26	14	12	0	2	0	4	6	0	0	26	2	42	28	10	0	18	8	18	8	4	0	6	0	20	0	0	26	12	16	16	20	22	4	10	16	28	0	26	12	6	10	14	6	18	2	4	0.025973041852315	-0.83681151494968	38185.25	9846.91	0.556905168186724	2
1slu	0	0	0	0	0	0	0	18	6	25	25	5	0	4	0	6	3	1	0	35	4	63	37	13	0	15	3	42	22	8	0	6	1	16	4	1	22	14	21	19	6	32	8	18	24	32	6	22	20	17	9	23	15	35	6	16	-0.150893631701668	-0.596659092883273	48747.75	14810.8	0.435721166155649	2
1smp	0	0	0	0	0	0	0	26	1	73	19	14	0	0	0	2	0	0	0	62	0	125	53	34	0	31	1	41	16	10	0	14	0	34	10	4	56	2	46	19	31	66	14	24	23	41	1	40	15	28	16	45	41	33	11	20	0.13381220959127	-0.667287285924632	76622.5	19124.7	0.45617033396792	2
1sri	0	0	0	0	0	0	0	4	0	26	2	6	0	0	0	0	0	0	0	26	0	80	22	12	0	2	0	16	8	8	0	6	0	20	0	2	34	0	8	10	4	32	4	6	6	14	0	14	2	6	8	18	38	14	12	12	0.007702523221572	-0.508937885882654	32093.625	9326.98	0.523627276609691	2
1stm	0	0	0	0	0	0	0	15	0	65	20	25	0	0	0	10	0	0	0	90	0	235	85	20	0	15	0	95	40	5	0	5	10	20	15	10	85	10	25	25	35	60	5	20	15	55	20	40	40	35	70	65	90	65	5	20	0.067139758930231	-0.628434808245988	97551.625	27784.1	0.368845194787534	2
1sty	0	0	0	0	0	0	0	6	0	17	8	1	0	0	0	0	0	0	0	22	0	38	9	8	0	2	0	17	8	2	0	1	0	6	4	0	14	0	8	12	3	11	4	5	23	11	4	6	6	6	5	5	10	9	1	7	-0.080781231323878	-0.701749134946038	19993.75	6233.68	0.571481871684316	2
1tdt	0	0	0	0	0	0	0	30	0	60	54	15	0	3	0	3	0	3	0	84	6	138	90	18	0	33	0	96	60	21	0	9	3	36	9	3	63	9	45	48	21	75	9	51	36	42	18	33	27	33	42	45	39	102	9	30	0.104228930961755	-0.498589388895882	106241.875	24669.9	0.439724388168314	2
1thj	0	0	0	0	0	0	0	42	0	75	39	3	0	3	0	0	0	0	0	72	0	96	84	18	0	33	3	75	33	21	0	9	0	21	12	0	57	3	42	60	15	48	15	48	15	18	18	39	45	18	15	42	33	84	3	24	0.116040501329634	-0.452505019996172	87330.75	20048.2	0.474810373096501	2
1thw	0	0	0	0	0	0	0	3	1	14	9	4	0	3	1	8	2	2	0	11	13	63	10	12	0	7	0	15	4	2	0	7	1	9	3	2	16	16	13	6	11	24	0	8	12	9	1	8	12	4	12	14	20	10	3	8	0.059410880009333	-0.59145698054969	27842.625	8032.83	0.553038883742535	2
1tsp	0	0	0	0	0	0	0	16	0	53	26	12	0	4	0	3	0	1	0	50	6	122	66	23	0	21	1	66	23	14	0	16	1	23	9	2	39	8	42	19	23	63	8	37	29	46	7	31	22	15	21	45	40	35	7	22	0.291817436615626	-0.385957788154303	75013.25	21166.8	0.406369314435758	2
1tul	0	0	0	0	0	0	0	6	1	10	7	3	0	1	0	1	1	0	0	8	2	14	9	4	0	8	0	10	10	2	0	4	0	1	4	1	7	3	5	6	3	7	1	10	7	10	4	11	2	5	3	7	3	7	1	6	-0.088139119247596	-0.789924706096952	14771.75	4886.47	0.595813291185711	2
1tup	0	0	0	0	0	0	0	18	6	57	24	12	0	3	3	23	6	3	0	63	26	195	69	15	0	27	3	66	21	12	0	6	0	27	9	0	37	38	24	39	15	53	27	18	24	48	18	33	54	21	57	60	61	45	3	24	nan	nan	95779.625	28656.1	0.353277351155794	2
1ulo	0	0	0	0	0	0	0	5	0	14	7	2	0	0	0	0	2	0	0	15	0	41	15	9	0	7	2	15	4	1	0	1	0	11	0	0	21	2	12	9	4	18	0	3	0	12	0	2	10	5	3	9	20	14	2	6	0.041249867218236	-1.05966685343273	19668	6372.23	0.552967340222322	2
1umu	0	0	0	0	0	0	0	6	0	14	22	0	0	0	0	0	0	0	0	18	0	56	22	8	0	14	0	28	24	4	0	4	0	6	2	2	22	0	22	6	8	16	6	24	8	18	4	4	12	10	6	22	14	24	0	6	0.181215730806192	0.122609784141375	27806.25	10296.3	0.431086628426503	2
1vca	0	0	0	0	0	0	0	12	4	30	34	2	0	0	0	8	4	0	0	42	8	78	42	16	0	26	0	52	10	8	0	2	0	16	6	2	14	12	24	36	16	20	8	24	30	36	6	10	24	12	14	38	38	30	2	10	-0.171966262782613	-0.66146338615667	57782	18423.4	0.392322054795824	2
1vie	0	0	0	0	0	0	0	0	0	6	4	1	0	0	0	0	0	1	0	7	1	14	5	4	0	3	0	7	1	0	0	0	0	4	2	1	7	1	1	4	2	7	1	3	2	2	1	3	4	3	3	4	3	6	2	3	0.158071791132291	-0.391053507033595	8024.125	3119.38	0.62136620860947	2
1vmo	0	0	0	0	0	0	0	12	0	28	16	0	0	0	2	6	4	4	0	32	12	60	26	26	0	4	2	36	14	4	0	8	0	26	0	2	14	16	18	12	18	42	4	12	16	26	0	14	10	12	24	28	20	22	12	6	-0.012337641169628	-0.757718800466076	45677.375	13214.6	0.467624791970548	2
1wap	0	0	0	0	0	0	0	44	0	198	110	0	0	0	0	0	0	0	0	198	0	396	154	66	0	66	0	154	132	22	0	44	0	44	0	0	110	0	88	154	66	132	88	132	198	66	44	44	0	66	44	110	132	154	0	22	-0.001048026445929	-0.738761873868267	215101	50996	0.340441868195983	2
1wba	0	0	0	0	0	0	0	8	0	22	6	3	0	0	0	1	0	1	0	20	2	37	15	9	0	8	0	17	12	0	0	2	0	7	4	0	8	2	13	8	6	13	3	10	14	10	2	11	15	7	8	13	10	15	1	6	0.019045144319534	-0.85115365470871	23922.875	6852.7	0.585910551363212	2
1whi	0	0	0	0	0	0	0	6	0	12	1	1	0	0	0	1	0	0	0	7	0	33	18	2	0	6	1	11	15	2	0	1	0	3	1	0	9	1	9	5	3	12	0	10	10	5	2	3	5	3	14	6	4	19	0	2	0.001944759239753	-0.615151211245234	17527.375	5653.25	0.577205577307375	2
1who	0	0	0	0	0	0	0	5	0	11	3	4	0	0	0	0	0	0	0	11	0	14	12	5	0	4	0	10	3	2	0	2	0	7	2	0	5	0	5	14	6	9	2	1	8	5	3	3	5	1	2	3	8	11	2	3	-0.08205097168684	-0.857668805976378	13552.5	4422.55	0.621571343154451	2
1wkt	0	0	0	0	0	0	0	1	3	8	2	2	0	1	2	5	2	0	0	9	3	19	6	2	0	2	2	4	3	3	0	2	0	4	1	1	3	10	4	2	1	13	1	5	3	1	3	8	2	2	4	5	9	5	4	3	0.021908575110138	-0.824890241192143	18328	4489.38	0.748814895005795	2
1wpo	0	0	0	0	0	0	0	14	2	52	24	6	0	0	0	6	2	2	0	62	4	104	66	12	0	16	4	62	20	16	0	6	0	22	8	0	44	10	38	28	14	40	10	6	12	52	10	6	28	26	44	50	20	52	6	16	0.002520173943291	-0.77721267859015	58894.5	16191.2	0.452121243325933	2
1xnb	0	0	0	0	0	0	0	1	0	16	9	6	0	0	0	0	0	0	0	18	0	53	8	17	0	4	0	14	5	3	0	9	0	14	4	3	9	0	7	2	4	25	2	6	5	4	2	18	6	5	7	18	25	14	11	15	0.140392179911335	-0.774986598106253	25491.875	6591.51	0.635477818660496	2
1xso	0	0	0	0	0	0	0	18	0	36	4	4	0	0	0	4	2	0	0	34	2	68	44	8	0	8	4	38	12	0	0	2	0	8	2	0	22	6	22	16	10	54	16	14	18	18	2	18	8	6	6	18	14	30	0	2	0.004032844832788	-0.664900274525228	39204.125	11125.7	0.501623594873226	2
1yhb	0	0	0	0	0	0	0	4	0	6	5	0	0	0	0	0	1	0	0	5	0	16	11	7	0	3	0	13	6	1	0	3	1	3	1	0	4	1	3	4	4	7	1	4	6	10	2	2	6	6	4	7	4	8	0	4	-0.456669762730598	-0.302116640458881	12494.125	5134.73	0.507111831981616	2
1ytf	0	0	0	0	0	0	0	24	4	36	20	11	0	1	0	7	1	1	0	44	4	99	43	18	0	18	1	54	33	4	0	7	0	17	11	1	44	10	32	32	18	27	3	29	33	36	6	17	10	14	22	33	42	39	4	14	nan	nan	64766.125	18542.4	0.420613739391053	2
2arc	0	0	0	0	0	0	0	8	0	36	20	2	0	0	0	0	2	0	0	32	2	56	22	24	0	16	0	24	22	12	0	12	0	18	8	10	20	2	12	24	22	32	16	22	4	38	4	18	24	14	24	10	6	10	10	16	0.075781458988786	-0.739006670329549	47372	12708.7	0.498192834804108	2
2bbk	0	0	0	0	0	0	0	38	4	90	42	12	0	8	2	14	2	2	0	84	14	224	84	44	0	44	2	74	44	32	0	14	6	46	24	6	88	28	82	54	42	74	30	50	30	66	14	24	68	28	50	48	64	66	18	36	0.037120428867638	-0.859269405220769	136426.75	30029.1	0.426784033871424	2
2bbv	0	0	0	0	0	0	0	33	6	105	42	27	0	0	0	12	3	0	0	102	6	297	150	60	0	42	3	156	54	12	0	33	0	48	21	3	134	17	42	33	72	90	6	60	33	72	30	84	93	54	81	96	87	108	15	18	nan	nan	139269.25	31261.1	0.415639384883704	2
2bpa	0	0	0	0	0	0	0	18	0	54	31	14	0	2	1	5	1	0	0	53	2	156	65	29	0	33	4	57	24	18	0	11	1	34	16	10	44	9	38	17	35	46	16	30	28	51	14	31	41	31	36	46	51	42	8	29	nan	nan	92318.75	30224	0.326832669349288	2
2cba	0	0	0	0	0	0	0	8	0	22	16	7	0	1	0	0	0	0	0	28	0	57	22	17	0	7	1	29	14	2	0	9	0	16	1	1	13	1	19	13	12	22	12	9	24	26	1	10	17	11	7	18	12	17	7	8	0.185977993222574	-0.665539365072889	37764.125	9942.29	0.547499821933606	2
2cpl	0	0	0	0	0	0	0	4	1	16	7	3	0	1	0	1	2	0	0	16	2	42	12	9	0	4	0	16	6	4	0	5	1	6	4	2	9	4	7	12	15	23	4	10	14	7	5	9	6	3	6	8	11	9	1	2	-0.03128548959891	-0.920166706493278	22887.25	6097.36	0.639349057841717	2
2eng	0	0	0	0	0	0	0	9	3	17	5	7	0	3	2	8	0	1	0	17	7	52	13	15	0	6	0	15	3	0	0	6	2	13	2	3	20	14	16	5	15	26	1	5	8	7	1	12	14	8	11	15	10	11	6	5	-0.013235166203231	-0.797467312831137	28244.125	7658.65	0.585621912314584	2
2fgf	0	0	0	0	0	0	0	5	0	13	4	2	0	1	0	1	1	1	0	15	2	37	16	5	0	1	1	17	3	4	0	2	1	7	2	4	9	4	7	8	8	15	3	4	14	13	2	5	9	4	11	10	5	7	1	7	0.068383550892274	-0.913479658098764	18726.625	5235.59	0.65136562817113	2
2hft	0	0	0	0	0	0	0	10	1	22	13	4	0	2	0	1	0	1	0	18	0	52	15	13	0	13	1	16	6	4	0	7	2	7	6	3	7	4	11	17	10	12	0	7	17	13	1	14	9	8	8	19	27	19	4	11	-0.139604955911636	-0.801615062700677	30018.25	9558.86	0.488654163853867	2
2kau	0	0	0	0	0	0	0	23	0	77	41	4	0	2	0	5	2	0	0	65	8	168	105	27	0	50	1	95	46	8	0	4	0	28	8	3	88	9	45	49	23	73	28	54	25	58	23	25	41	26	40	29	49	68	7	13	0.145659805715291	-0.616643768404923	106326.625	25160.8	0.431374396625029	2
2ohx	0	0	0	0	0	0	0	22	2	44	32	8	0	4	2	14	6	2	0	48	18	174	96	32	0	24	6	108	52	4	0	10	0	30	8	0	56	28	34	42	36	76	14	48	60	50	18	16	40	16	24	52	48	78	4	8	0.023249128833413	-0.773836949348395	103928.875	24281.2	0.440255505732812	2
2pcd	0	0	0	0	0	0	0	102	6	264	114	90	0	12	0	18	6	0	0	306	12	528	246	108	0	96	12	282	138	24	0	60	0	120	48	24	222	36	162	126	120	216	90	174	84	216	30	180	204	108	168	96	132	132	42	90	0.03202255613481	-0.711474029363228	377146.75	88894.4	0.283977087913096	2
2pec	0	0	0	0	0	0	0	14	1	33	17	7	0	2	0	1	1	0	0	29	2	94	34	17	0	18	1	31	12	6	0	9	0	17	4	2	33	4	24	8	8	37	6	22	22	16	3	33	12	7	9	25	33	27	7	17	0.083034661288063	-0.768445051035879	47602.5	11351.2	0.559580007823732	2
2phl	0	0	0	0	0	0	0	120	0	120	69	21	0	0	0	0	0	0	0	123	0	219	90	39	0	60	0	96	96	24	0	27	0	39	21	24	63	0	63	108	69	66	30	72	72	114	9	90	42	69	51	108	42	81	3	39	-0.117781372844345	-0.66656628427492	160700.625	35537.3	0.402233347445824	2
2pia	0	0	0	0	0	0	0	11	2	37	6	7	0	0	1	3	3	1	0	34	4	78	36	9	0	15	1	29	13	5	0	3	0	15	4	3	24	8	24	21	16	23	7	13	13	24	6	11	17	7	26	30	22	20	4	5	-0.0168165328602	-0.732732360812418	45460.625	13227.2	0.465700251432405	2
2sbl	0	0	0	0	0	0	0	66	2	142	98	28	0	0	0	4	4	0	0	152	0	356	180	70	0	88	4	184	86	50	0	30	2	72	44	14	112	8	92	110	60	106	50	108	98	172	30	80	102	54	74	124	92	104	28	74	-0.056286139842996	-0.77005165074128	236374.125	54721.1	0.337854152986284	2
2sil	0	0	0	0	0	0	0	17	1	34	18	9	0	0	0	2	1	1	0	40	1	91	28	21	0	14	2	38	23	3	0	7	0	17	10	2	21	4	26	14	15	33	7	24	28	20	6	31	10	8	15	34	34	30	6	15	-0.006154531302551	-0.951096949958222	53708.5	12486	0.551344199067863	2
2snv	0	0	0	0	0	0	0	5	0	10	6	4	0	0	0	0	0	0	0	11	0	45	17	7	0	5	0	19	8	0	0	4	0	7	1	1	9	0	8	10	6	19	6	6	10	8	5	5	7	2	8	10	12	13	3	4	-0.061292707609634	-0.442922412058687	20640.375	6450.41	0.564124801143553	2
2trc	0	0	0	0	0	0	0	38	4	64	25	13	0	3	2	11	4	1	0	56	10	114	69	23	0	35	4	58	27	11	0	12	1	23	12	2	40	21	51	45	24	44	11	32	36	55	17	25	17	24	38	48	38	33	9	17	0.061027644409074	-0.828875115841441	87354.5	24447.6	0.389437780582475	2
3dpa	0	0	0	0	0	0	0	15	1	18	10	5	0	0	0	1	1	0	0	22	1	47	25	3	0	9	0	25	10	6	0	3	0	7	4	4	12	2	9	16	6	12	0	15	15	18	3	13	16	11	13	18	13	14	2	10	0.027722750479976	-0.825709318247546	11828.625	9267.77	0.270893376498453	2
3ull	0	0	0	0	0	0	0	10	0	34	12	4	0	0	0	0	0	0	0	28	0	46	30	10	0	16	0	30	12	8	0	6	0	4	12	0	8	0	16	20	6	18	4	16	16	22	4	12	6	14	22	20	20	24	4	12	-0.240696236491203	-0.343081703830373	31776.875	10484.6	0.462742848224969	2
4aah	0	0	0	0	0	0	0	34	4	114	60	38	0	4	2	2	8	0	0	130	6	304	104	78	0	60	2	128	44	14	0	24	2	72	30	12	108	16	84	46	48	152	26	38	104	90	42	82	70	40	32	54	76	78	44	50	-0.018616519635543	-0.966292145307918	181821.5	37414.5	0.414833992523216	2
4gcr	0	0	0	0	0	0	0	6	1	14	8	9	0	3	0	4	0	0	0	13	4	28	15	8	0	6	0	14	6	6	0	10	2	9	3	4	2	7	13	9	9	14	5	6	2	13	7	6	8	10	20	13	5	6	4	15	0.00121825436751	-0.725445602850859	26055.125	7410.33	0.573555369653067	2
4kbp	0	0	0	0	0	0	0	32	0	168	44	64	0	0	0	0	4	0	0	188	4	344	176	120	0	68	0	144	60	44	0	20	0	172	32	40	96	4	88	84	100	108	68	88	92	72	36	84	96	52	112	144	116	120	52	116	-0.002412655119163	-0.722037781229688	251580.875	53476.9	0.360387442396366	2
