id	volume	surface_area	spherecity	label
1BCC	284964	79851.8	0.26225639058678	1
1BE3	296692	83931.6	0.256308207355981	1
1BGY	577409.75	157738	0.212587244736868	1
1EZV	321496.5	87569.2	0.259169311663463	1
1KB9	321248.125	87661.7	0.258762479349117	1
1KYO	656403.75	170011	0.214842965499158	1
1L0L	308061.375	83925.3	0.262834712547855	1
1L0N	305031.5	82168.4	0.266691447018475	1
1NTK	307259.875	82841.5	0.265811278054372	1
1NTM	304816.75	81855.6	0.267584907151974	1
1NTZ	306778.5	82121.2	0.26786262309319	1
1NU1	303859.875	82136.9	0.266110117498217	1
1P84	323329	88484	0.257463587763911	1
1PP9	576418.75	146569	0.228525183308141	1
1PPJ	571383	145915	0.228210555646105	1
1QCR	103982.25	78587.5	0.136072425111947	1
1SQB	311587.25	82307.3	0.270042563059632	1
1SQP	312110.75	81962	0.271483889181173	1
1SQQ	309678.125	82347.1	0.268808399124122	1
1SQV	308188.625	81759.8	0.269870475516528	1
1SQX	310857	81698	0.271631292770008	1
1ZRT	236897.875	71735	0.25810344344043	1
2A06	567976.25	143401	0.2312874468535	1
2BCC	282326.375	77585.5	0.268248846160151	1
2FYN	736820.25	199790	0.197462552392852	1
2FYU	311820.75	85017.5	0.261564701912973	1
2IBZ	321291	87467.5	0.259360071804778	1
2QJK	734959.375	201544	0.195414359541554	1
2QJP	487521.625	133796	0.223891145173339	1
2QJY	735217.125	201861	0.195153096684433	1
2YBB	1306470.875	352641	0.163889504368284	1
2YIU	230453.625	63237.2	0.287453226947627	1
3BCC	281783.5	77407.9	0.268519530010505	1
3CWB	596279.75	155057	0.2209493803568	1
3CX5	655162.375	170643	0.213777312305825	1
3CXH	655471.5	169741	0.214980916644984	1
3H1H	588990	155733	0.218193640764379	1
3H1I	589790.75	151784	0.224073295870928	1
3H1J	578232.625	149454	0.224583739745066	1
3H1K	589308.25	157141	0.216316489347425	1
3H1L	590122.75	151913	0.223967029166053	1
3L70	583119.625	153150	0.220396940806762	1
3L71	582970.75	153014	0.220555283626316	1
3L72	583285.125	153122	0.220478950188963	1
3L73	586910.875	154970	0.21875161231434	1
3L74	583371	151880	0.222303735341615	1
3L75	584668	152901	0.221146471951036	1
3TGU	587184	154141	0.219996325879271	1
4D6T	563580.75	146828	0.224722215857443	1
4D6U	561939.875	145097	0.226961534170567	1
4PD4	315694.5	86723.2	0.258539461873014	1
4U3F	587156.5	153228	0.22130025120119	1
5KKZ	499315.625	135870	0.224015113807942	1
5KLI	499657.25	135186	0.225251246105931	1
5KLV	307942.375	84500.2	0.260979277409263	1
5LUF	1363973	496133	0.119882702711522	1
5NMI	575503.125	147595	0.22669621549979	1
5OKD	293570.25	78001.2	0.273857224454299	1
5XTE	626432	163627	0.216377341087122	1
6FO0	593509	150757	0.226546927918145	1
6FO2	589900.625	152359	0.223255370719201	1
6FO6	571965.875	152186	0.218955655787954	1
1AQA	12637.375	4654.26	0.563730327138121	2
1AW3	14232.875	5589.7	0.508109577936918	2
1AWP	24912.375	8734.42	0.472273388622843	2
1AXX	28116	7189.01	0.621990941719237	2
1B5M	11837.25	4498.82	0.558323687931554	2
1BFX	14207.5	5604.77	0.506140907000433	2
1BLV	14275	5483.53	0.518968875112669	2
1CXY	11192.5	4152.81	0.582675554704166	2
1CYO	12884.125	4816.5	0.551809508445493	2
1DO9	48334.75	13322.5	0.48165718900384	2
1EHB	11904	4520.3	0.557757575994591	2
1ES1	11934.625	4514.17	0.559472485011084	2
1EUE	24906.375	8824.94	0.467354087115517	2
1F03	12011.875	4469.33	0.567521394143491	2
1F04	18514	4815.91	0.702758221852234	2
1HKO	41139.125	11508.9	0.500749289311654	2
1I5U	11925.75	4312.41	0.585357536257267	2
1IB7	17809.875	4949.58	0.666330496840755	2
1ICC	49759.25	17511	0.373613356571535	2
1J0Q	18454.125	4707.79	0.717347101497064	2
1JEX	18034.625	4983.4	0.667364530715809	2
1LJ0	50292.125	17724.5	0.371743562019495	2
1LQX	11902.875	4468.56	0.564180120779629	2
1LR6	11952.875	4481.92	0.56407252014632	2
1M20	11918	4571.23	0.551975716724714	2
1M2I	11817.875	4484.95	0.559439053187079	2
1M2M	11646	4291.64	0.57895573987462	2
1M59	11945.875	4571.9	0.552755041907845	2
1MJ4	11027.25	4131.53	0.579897666341312	2
1MNY	14208	5731.93	0.494924035606472	2
1NX7	16720.625	4589.79	0.688958369655575	2
1QX4	74603	20732.4	0.413369795469344	2
1SH4	16336	4734.18	0.657662644848395	2
1U9M	72740	24046.3	0.350443542136402	2
1U9U	11866.75	4516.68	0.557039506496679	2
1UMK	39713.875	11766.6	0.478403825949539	2
1X3X	23498.125	8021.07	0.49462260221125	2
2AXX	30660.625	7700.64	0.615192887841732	2
2EIX	72425.75	21037.8	0.399404055155939	2
2I89	49921	17587.1	0.372802436874859	2
2I96	57250.625	18106.9	0.396728599903175	2
2IBJ	12349.5	4629.06	0.55815852750733	2
2KEO	25630	7415.64	0.56689316878898	2
2M33	23614.75	7119.59	0.559093841337561	2
3LF5	25374.5	9616.6	0.434237742367464	2
3MUS	24977	8884.11	0.465118606494526	2
3NER	25952.75	10108.2	0.419371796939467	2
3OZZ	11731.5	4305.94	0.579853808410849	2
3W2H	39239.25	11239.1	0.496858878176168	2
3W5H	40317.875	11614.7	0.48956220688639	2
3X32	13215.75	4590.17	0.588911313271567	2
3X33	13421.75	4636.3	0.589095029019354	2
3X34	13326.75	4629.79	0.587136391264386	2
3X35	13572.625	4807.86	0.572323455567629	2
4B8N	49646.375	17675.8	0.369570026627244	2
4HIL	23892.875	8106.37	0.494883882122259	2
4HIN	46693.25	16617.1	0.37736790429743	2
4X8Y	32105.375	10454.6	0.467263511231787	2
5GV7	40881.875	11615.9	0.494066184821415	2
5GV8	40469.875	11577.6	0.492364605909428	2
5XE4	21141.25	5329.44	0.693781937126459	2
5XEE	24888	6178.73	0.667182898263478	2
5YLY	78412.25	22341.3	0.396550311024191	2
1Q90	133893.375	40103.8	0.315600724376653	3
1VF5	255427.75	80876.1	0.240718411700786	3
2D2C	257923	87149.3	0.224843464853863	3
2ZT9	137252.5	42278.3	0.304354773481843	3
4H0L	138465	41487.2	0.311982336502783	3
4H13	139939.625	42203.9	0.308857873111225	3
4H44	138446.125	41332.7	0.313120055397521	3
4I7Z	120166	36438.2	0.323182829765493	3
4OGQ	134796.875	40949	0.310475527379653	3
4PV1	136931.375	42612.2	0.301498725506409	3
1AKK	15899.875	5786.61	0.528431929775423	4
1CCR	15105.75	5237.04	0.564277970219266	4
1CRC	30952.75	10504.1	0.453862990412508	4
1CYC	29420.25	10841.1	0.42511687703842	4
1FI7	16005.375	5790.58	0.530402987054449	4
1FI9	25257	5904.21	0.705088294360215	4
1GIW	15820.125	5720.96	0.532707102368932	4
1H31	220100.125	61810.2	0.2852139971976	4
1H32	54719	15841	0.440007722300882	4
1H33	55068.5	16012.5	0.437146641825984	4
1HRC	15121.25	5301.33	0.557816146394917	4
1I54	29222.25	9780.06	0.4691211788869	4
1I55	29220.25	9836.08	0.466428082597361	4
1I5T	15648.5	5870.66	0.515361935472316	4
1J3S	25001.125	5804.66	0.712328584675987	4
1KTD	115932.125	31468.5	0.365379306232012	4
1LC1	15542.75	5182.38	0.581174803793595	4
1LC2	25219	5583.67	0.74481707186902	4
1LFM	29156.625	9786.79	0.468096458962966	4
1M60	15377.375	5400.73	0.553715221262037	4
1OCD	14968.75	5533.8	0.530783836190916	4
1RWJ	11043.5	5301.01	0.452407703532053	4
1U75	102250	27908.6	0.378897393613823	4
1WEJ	75232.5	21274.5	0.405099547889595	4
2B4Z	14924.625	5229.82	0.560531041352688	4
2CZS	20563	9260.13	0.391974689358551	4
2D0S	11229.875	4287.25	0.565659732291412	4
2FRC	14948.25	5672.28	0.517352674882368	4
2GIW	25989.875	5837.49	0.726876735160697	4
2N3B	20532.875	5523.1	0.656549880893326	4
2N3Y	25114	5920.1	0.700539038254363	4
2N9I	22911.625	5587.15	0.69822874123272	4
2N9J	23477.375	5670.67	0.699223648060994	4
2OZ1	221591.5	61327.1	0.288757824345589	4
2PCB	99875.875	27192.4	0.382833836758392	4
2YBB	1306470.875	352641	0.163889504368284	4
2YK3	44041.875	15234.7	0.395877438308698	4
3A9F	21997.75	7701.17	0.492999246602433	4
3CP5	16859.5	5621.89	0.565585466622029	4
3CYT	29150.5	9780.73	0.468320885825164	4
3H33	9806.875	4978.08	0.445084714322888	4
3H34	9878	4954.43	0.449369000004432	4
3H4N	19074.125	9389.16	0.367694500475571	4
3J2T	1298531.125	383087	0.150252469723574	4
3JBT	1313864	362560	0.160006580908293	4
3NBS	60202.75	20242.8	0.366964816056898	4
3NBT	91135.25	30384.6	0.32232069734994	4
3NWV	60546.875	20086.6	0.371226395578053	4
3O1Y	45457.5	15647.9	0.393639278819767	4
3O20	45523	15085.9	0.408695776569639	4
3OUE	21925.75	10111.9	0.37464591115227	4
3OUQ	22143.25	10304	0.370088721483069	4
3OV0	40590.125	19038.4	0.300008760435831	4
3QIB	113916.75	30002.7	0.37877575795652	4
3QIU	114187	30139.9	0.377647626512954	4
3QIW	113714.375	29860.1	0.380133763958218	4
3VRC	34196.75	11488	0.443502684856516	4
3WC8	15021.875	6645.17	0.443058212839381	4
3WUI	14995.25	6699.31	0.438958224428324	4
3ZCF	60664.5	20380.5	0.366346774175562	4
3ZOO	60848	20417.5	0.366419939796114	4
4NFG	57492.5	16204.9	0.444541078158629	4
4RSZ	92372.875	28234.4	0.35000039564776	4
5CYT	14550.875	5007.88	0.575558692743269	4
5DFS	30732.25	10225.5	0.464011926243993	4
5EXQ	30127.625	10294.1	0.454854336742982	4
5IY5	555695.875	131662	0.248264787100733	4
5JUY	1461679.875	403376	0.154410056240071	4
5O10	30042.375	10243.3	0.456247405200232	4
5TY3	30268	9970.79	0.471060879558737	4
5WVE	1463876.375	400796	0.155559670278145	4
6CUK	16311.25	5537.39	0.561699247320738	4
6CUN	15284.125	5339.59	0.55778898548533	4
6FF5	15024.625	5224.8	0.56357304692187	4
1A2S	12001	4339.46	0.584153153531576	5
1C6O	23352.5	8043.71	0.491190517189908	5
1C6R	11695	4159.98	0.598953397392158	5
1C6S	16122.125	4048.16	0.762385529677553	5
1CED	14233.625	4206.04	0.675285989259631	5
1CTJ	12338.875	4508.78	0.572719700951976	5
1CYI	11968.625	4390.23	0.576358927749868	5
1CYJ	12334.75	4424.25	0.583532030061786	5
1F1F	11488	4330.11	0.568610419173837	5
1GDV	11323.375	4222.93	0.577458575936219	5
1KIB	94038.125	32171.5	0.310848508819045	5
1LS9	11965.125	4452.71	0.568160722209522	5
2V08	22186.5	7963.36	0.479490830041364	5
2ZB0	51339.25	14880	0.448932320612104	5
3DMI	11192.5	4057.6	0.596347809131262	5
3DR0	35888.875	12239.9	0.429878922345359	5
3PH2	10772.375	4152.31	0.568070186921185	5
4EIC	11788.375	4277.07	0.585653030533087	5
4EID	11728.5	4238.69	0.588953197697601	5
4GYD	70901.75	23050.2	0.359402198695824	5
4H0J	71161.375	23121.9	0.359161817037508	5
4H0K	23345.375	8382.76	0.471227899258248	5
1AWD	12515.5	3994.11	0.652673890443032	6
1BLU	10900.375	4037.21	0.588884888941901	6
1CLF	9034.75	2694.54	0.778532803050424	6
1DUR	6891.125	2659.74	0.658423048228827	6
1E0Z	27677.875	6293.91	0.703048725434711	6
1H98	10661.625	3534.85	0.662717955208456	6
1IQZ	10949.75	3642.12	0.654735681543178	6
1IR0	10855.625	3603.46	0.657962245378972	6
1L5P	36815	12626.3	0.423862072389901	6
1PFD	16640.75	4265.02	0.739057649718868	6
1RFK	26029.5	8039.43	0.528326932595614	6
1RGV	10953.625	4110.57	0.580257356792086	6
1ROF	10222.125	3179.9	0.716305226698778	6
1SIZ	18029	6140.67	0.541480462757275	6
1SJ1	18125	6017.25	0.554546641143244	6
1VJW	7623.5	2817.07	0.664950661358329	6
1WTF	43288.75	14087.4	0.423223695729551	6
2V2K	27865.25	8894.88	0.499711480326858	6
2Z8Q	17938.5	6028.9	0.549671805114175	6
3AB5	26522.125	8229.37	0.522624478561357	6
3EUN	11117.75	4038.75	0.596460593373233	6
3EXY	10946.375	4005.8	0.595170975203921	6
3HUI	15189.375	4961.2	0.597847832484218	6
3LXF	70730.625	19848	0.416714907468001	6
3P63	25800.125	7655.9	0.551529922129822	6
3PNI	18297.75	6082.57	0.552071679067734	6
3WCQ	13301.125	4242.79	0.639869639922375	6
4DHV	18075.25	5919.15	0.562705276169878	6
4FXC	13171.875	4174.06	0.64618544390927	6
4ITK	14453.5	5008.59	0.572906821954234	6
4LTU	29020.375	8634.42	0.528915508475693	6
4ZHP	13221.5	4164	0.649372495562502	6
5BOK	14341.125	4521.56	0.631322557502051	6
1JWN	82683.25	23852.2	0.384799094710156	7
1JZK	82684.5	23964.9	0.382993355753255	7
1JZL	41477	11846.5	0.489138998765929	7
1JZM	41207.125	12022.3	0.47989339617226	7
1NWI	82476.375	23963.1	0.382379118365257	7
1NWN	41141.375	11845.7	0.486529595123919	7
1NXF	41541.125	12026.7	0.482306538108657	7
2AUO	41448.875	11910.9	0.486274367640447	7
2AUP	41168	11894.8	0.484730290803585	7
2AUQ	41328.75	12015	0.481129363481281	7
2AUR	41187	11950.3	0.482627528362957	7
2AV0	41370.125	11893.7	0.486360578938001	7
2AV3	40991.5	12087.1	0.47565406929736	7
2GRF	41128.875	12012.9	0.479660714068286	7
2GRH	41670.75	12022.2	0.483490250144745	7
2GRZ	41932.5	12011.5	0.48594529627707	7
2R4W	41548.75	11895.6	0.487681649235237	7
2R4X	41149.25	11955	0.482142956670617	7
2R4Y	41144.375	11921.2	0.483471780631827	7
2R4Z	41239.375	11706.1	0.493113180817736	7
2Z85	41530.75	12030.3	0.482081926419111	7
2Z8A	41378.125	11846.5	0.488361333165415	7
3G46	41840.375	12034.9	0.484289831935886	7
3G4Q	41365.375	12061.1	0.479573507086176	7
3G4R	41392.75	12116.2	0.477603181732395	7
3G4U	41284.875	12146.5	0.475583690582613	7
3G4V	41249.5	12094.5	0.477355574061927	7
3G4W	41543.375	12089.1	0.479834354176434	7
3G4Y	41340.5	12154.3	0.475705299427634	7
3G52	41496	11961.5	0.484584259745757	7
3G53	41356.25	12007.8	0.481631385697656	7
3UGY	41335.625	11910	0.485424883985552	7
3UGZ	41504.75	12031.5	0.481832641108312	7
3UH3	41627	12014.9	0.483445333728828	7
3UH5	41440.375	11880.5	0.487452000521168	7
3UH6	41346.875	11876.4	0.486886540430411	7
3UH7	41419	11994.4	0.48265706699368	7
3UHB	41541.5	11956.2	0.485153389064626	7
3UHC	41767.5	11965.7	0.486524821445441	7
3UHD	41397.5	12276.9	0.471387594936419	7
3UHE	41280.5	11958.5	0.483026231012179	7
3UHG	41610.75	11903.8	0.487830405453695	7
3UHH	41551.375	12054.5	0.481273397381058	7
3UHI	82510.125	24135	0.37975921249996	7
3UHK	82785.125	24074.1	0.381565356579427	7
3UHN	41248.75	12141.9	0.475486292022212	7
3UHQ	41247.125	12159.5	0.47478558997573	7
3UHR	41406.625	11899.8	0.486397145733672	7
3UHS	41184.375	11957	0.482336597110316	7
3UHT	41328.375	12001.5	0.481667652707306	7
3UHU	41125.875	12048.9	0.478204316620641	7
3UHV	41166.875	12072.3	0.477594561233898	7
3UHW	41371	12107	0.477798660502428	7
3UHX	41169.5	12057.7	0.478193180859597	7
3UHY	41350.625	12135.2	0.476531819373326	7
3UHZ	41264.5	12085.8	0.477815000180978	7
3UI0	41116.75	12015.3	0.479470647348308	7
1IZL	401418.25	211552	0.124393703482804	8
1S5L	752846	216399	0.184940902753858	8
1W5C	597388	211809	0.16194866702382	8
2AXT	745941.25	201122	0.197770249523095	8
3A0B	747599.125	201376	0.197813352847216	8
3A0H	751329.875	198741	0.201102325402368	8
3JCU	1071314.5	308021	0.164379802172343	8
3KZI	371118.75	99246.4	0.251639005407999	8
3WU2	749865.875	192029	0.207861008949423	8
4FBY	755408.625	198917	0.201650908639124	8
4IL6	764262	197822	0.204348308539058	8
4IXQ	757840.25	199017	0.201981872587756	8
4IXR	757654	199018	0.201947763230827	8
4PBU	757628.25	193221	0.20800186986957	8
4PJ0	764853.625	199562	0.202671102365077	8
4RVY	759580.625	195120	0.206331208978998	8
4TNH	758683.25	199264	0.201881076164521	8
4TNI	758524.375	199576	0.201537331892418	8
4TNJ	758848.75	199210	0.201965166146119	8
4TNK	758327.5	199392	0.201688405249271	8
4UB6	766796.5	199197	0.203386167311147	8
4UB8	768181.25	200683	0.202123126913036	8
5B5E	752856.375	193596	0.206726348177313	8
5B66	748224.25	192069	0.20751430287729	8
5E7C	751943.375	190041	0.21042317817116	8
5GTH	763300.25	198532	0.203446650126226	8
5GTI	762215.75	198194	0.203600528414734	8
5H2F	735530.125	190870	0.206449306136922	8
5KAF	777675.375	206085	0.198443391240696	8
5KAI	780338.75	206998	0.198018951960865	8
5MDX	1187083.625	418209	0.129641772235366	8
5MX2	759235.375	198017	0.203250959573432	8
5TIS	779258.25	205163	0.199605585363407	8
5V2C	759467.25	196645	0.204710718925931	8
5WS5	756086.875	194518	0.2063346323238	8
5WS6	757585.875	195237	0.205846385114277	8
5XNL	1320492	401392	0.145012663144551	8
5XNM	1232346.625	388105	0.143226531046798	8
5ZZN	757975.75	194921	0.206250828335449	8
1B3I	13260.75	4163.08	0.65080082228544	9
1BAW	44443.5	12620.1	0.480795244791735	9
1BXU	12437.625	3785.16	0.685843228199449	9
1BXV	12436.5	3785.75	0.685694990044767	9
1FA4	24022.5	5668.31	0.710301391514118	9
1IUZ	13017.625	3941.32	0.678990344546341	9
1J5C	21048.625	4982.19	0.739968091568119	9
1J5D	13804.375	4431.81	0.627934228775078	9
1JXD	13592	4181.33	0.658706462190826	9
1JXF	19419.625	4645.3	0.75213809218926	9
1KDI	13794.375	4447.75	0.625381612996432	9
1KDJ	13826.625	4401.61	0.632921751170408	9
1M9W	15722.875	4031.94	0.75276260824044	9
1NIN	23052.5	5122.92	0.764619267902735	9
1PCS	13241.375	4004.91	0.675844453132026	9
1TU2	56676.25	15395.1	0.463484998353054	9
2B3I	17554.5	4625.84	0.706131892340969	9
2BZ7	13734.5	4440.66	0.624566238627217	9
2BZC	13759.125	4454.45	0.623376721028728	9
2CJ3	28823.5	8743.97	0.519924092747993	9
2GIM	28755	8691.84	0.52221336516902	9
2JXM	69227.875	15328	0.531927732711654	9
2Q5B	43704	12487.7	0.480487904402091	9
2W88	44624.75	12655.9	0.480737817361073	9
2W8C	29415.25	8824.43	0.522210770357334	9
3BQV	14348.375	4424.87	0.645335298938438	9
3CVB	28687.375	8521.51	0.531816050303713	9
3CVC	14311.625	4298.45	0.66318018868698	9
3CVD	42801.5	12460.3	0.474892107742282	9
4R0O	60845.375	16174.9	0.46251685966282	9
7PCY	13412.25	3965.56	0.688410299452843	9
9PCY	17618.375	4478.58	0.73111835627262	9
1BTM	67927.125	15288	0.526617887065312	10
1HTI	68626.125	16094.1	0.503667289991561	10
1I45	68415	17169	0.471165350360954	10
1IF2	35201	9369.09	0.55440020376102	10
1LYX	36029.125	9760.23	0.540496910646496	10
1LZO	143253	34332.9	0.385634712740989	10
1M6J	72250.75	17236.5	0.486702167817451	10
1M7O	72950.625	17664.9	0.477960807299333	10
1M7P	72195.75	17280.9	0.485205284728766	10
1N55	35553.125	9501.87	0.550292457297157	10
1NEY	70318.375	16806.7	0.490208563740692	10
1NF0	69687	16979.9	0.482299533835292	10
1R2S	142259.75	34218.7	0.385131149370451	10
1R2T	69183.875	16580	0.49155206005386	10
1SPQ	69930.375	17735.6	0.462823579972829	10
1SQ7	69518.75	17243.7	0.47415642058019	10
1SSD	69829.375	16976.9	0.483041566426719	10
1SSG	69133.75	17212.8	0.473252240295251	10
1SW0	69807.875	16967	0.483224201085814	10
1SW3	69463.125	16958.1	0.481884707469709	10
1SW7	68174.75	16836.4	0.47934763840141	10
1TPB	68597.75	16552	0.489598668070416	10
1TPC	68396.5	16179.6	0.499887483780555	10
1TPH	68615.5	16367.4	0.495206021218545	10
1TPU	68585	16126.6	0.502451413819008	10
1TPV	68580.875	16063.5	0.504404897673273	10
1TRE	68364	16876.2	0.479101765605008	10
1VGA	142708.625	34047.5	0.387881479823379	10
1W0M	240322.625	51833.4	0.360637485847599	10
1WOA	143357.75	34052	0.38900538854788	10
1WOB	142640.125	34210.8	0.385906447919084	10
1WYI	67283.375	16117.3	0.496360271539617	10
1YDV	73447.5	17776.5	0.477114423732152	10
1YPI	69251.5	16969.9	0.480571079081061	10
1YYA	69462.75	16573.8	0.493056489578159	10
2DP3	35513.25	9494.59	0.550302545160559	10
2H6R	227093.75	54002.9	0.333327002401595	10
2I9E	136695.875	33373	0.384526093304518	10
2JGQ	68817.875	16436.1	0.494105310641976	10
2YPI	68589.375	16662	0.486326824509724	10
3M9Y	70855.375	17084	0.484703805053894	10
3PVF	35841.625	9592.43	0.54804213181257	10
3PWA	72153	17629.7	0.475417829011401	10
3PY2	71391.5	17180.9	0.484398235505566	10
3QSR	34312.5	9226.7	0.553442660476896	10
3QST	34796.25	9198.28	0.560358280522727	10
3TA6	69916.5	16818.7	0.487990634267638	10
3TAO	70939.75	16847.3	0.491903883108947	10
3TH6	68057.125	16475.4	0.489287239571827	10
3UWU	70572.125	17306.2	0.477204506187186	10
3UWV	70974.125	17273.5	0.479921800537025	10
3UWW	70437.875	17128.5	0.481543608535984	10
3UWY	72161	17322	0.483898696574853	10
3UWZ	70942.625	17288.6	0.479360746115883	10
3YPI	68942.375	16424.2	0.495059493632823	10
4GNJ	69391.5	18121.6	0.450635188923803	10
4IOT	69590.75	17033.7	0.480333424452218	10
4O4V	34609.125	8945.94	0.574096928254193	10
4O4W	33847.625	8932.3	0.566508317930808	10
4O50	34972.5	9065.24	0.570500379146023	10
4O52	34134	8984.27	0.566403748537377	10
4O53	34292	9062.65	0.563236503049198	10
4O54	34560.75	9113.01	0.56304665588112	10
4O57	33670.875	9020.96	0.558986049102534	10
4OWG	68137.25	15905.1	0.507229053690645	10
4POD	68803.625	15962.4	0.508698138570793	10
4RCX	31819.75	8472.73	0.573137202697131	10
4UNK	67074.375	17032.6	0.468713648808835	10
4WJE	33755.5	8772.58	0.575775459698859	10
5BNK	64680.625	16062.7	0.485119108549948	10
5BRB	67822.125	16868.5	0.476784272500897	10
5CSR	129651.625	33188.4	0.37326429737466	10
5VWN	31562.375	8478.03	0.56968610370147	10
7TIM	68584	16498.4	0.491123636713121	10
