id	A	C	D	E	F	G	H	I	K	L	M	N	P	Q	R	S	T	V	W	Y	AA	BA	CA	DA	EA	FA	AB	BB	CB	DB	EB	FB	AC	BC	CC	DC	EC	FC	AD	BD	CD	DD	ED	FD	AE	BE	CE	DE	EE	FE	AF	BF	CF	DF	EF	FF	label
1BCC	171	30	90	129	91	131	62	97	96	211	41	82	110	68	108	147	100	135	29	87	0	0	0	0	0	0	0	86	6	164	74	39	0	5	0	9	13	3	0	147	15	421	250	85	0	98	7	218	108	51	0	33	2	107	38	27	1
1BE3	207	34	100	126	87	144	65	102	102	233	46	80	115	70	121	158	107	151	32	86	0	0	0	0	0	0	0	83	6	169	82	36	0	7	0	8	16	3	0	150	18	492	268	84	0	101	8	236	129	54	0	34	2	108	36	25	1
1BGY	414	68	200	252	174	288	130	204	204	466	92	160	230	140	242	316	214	302	64	172	0	0	0	0	0	0	0	166	12	338	164	72	0	14	0	16	32	6	0	300	36	984	536	168	0	202	16	472	258	108	0	68	4	216	72	50	1
1EZV	171	21	110	113	117	142	54	124	129	220	37	117	99	66	82	167	117	159	37	96	0	0	0	0	0	0	0	93	3	176	84	47	0	3	1	7	5	5	0	159	12	420	279	87	0	101	5	242	117	71	0	50	0	108	53	39	1
1KB9	171	21	110	113	117	142	54	124	129	220	37	117	100	66	82	168	117	159	37	96	0	0	0	0	0	0	0	93	3	176	84	47	0	3	1	7	5	5	0	159	12	422	279	87	0	101	5	242	117	71	0	50	0	108	53	39	1
1KYO	349	45	226	233	240	296	112	252	278	448	76	241	206	134	167	340	242	319	75	197	0	0	0	0	0	0	0	190	7	366	170	95	0	7	2	16	10	10	0	327	25	879	566	182	0	207	11	490	236	145	0	102	0	223	109	78	1
1L0L	207	34	100	126	87	144	65	102	102	233	46	80	115	70	121	156	107	151	34	86	0	0	0	0	0	0	0	83	6	169	82	36	0	7	0	8	16	3	0	149	18	490	267	86	0	101	8	236	129	54	0	35	2	108	37	25	1
1L0N	207	34	100	126	87	144	65	102	102	233	46	80	115	70	121	158	108	151	32	85	0	0	0	0	0	0	0	83	6	169	82	36	0	7	0	8	16	3	0	150	18	493	268	84	0	101	8	237	129	53	0	34	2	107	36	25	1
1NTK	203	34	100	126	87	143	65	102	102	231	46	79	113	69	119	153	107	147	34	85	0	0	0	0	0	0	0	83	6	168	81	36	0	7	0	8	16	3	0	148	18	483	263	86	0	100	8	232	128	54	0	35	2	107	37	25	1
1NTM	203	34	100	126	87	143	65	102	102	231	46	79	113	69	119	153	107	147	34	85	0	0	0	0	0	0	0	83	6	168	81	36	0	7	0	8	16	3	0	148	18	483	263	86	0	100	8	232	128	54	0	35	2	107	37	25	1
1NTZ	203	34	100	126	87	143	65	102	102	231	46	79	113	69	119	153	107	147	34	85	0	0	0	0	0	0	0	83	6	168	81	36	0	7	0	8	16	3	0	148	18	483	263	86	0	100	8	232	128	54	0	35	2	107	37	25	1
1NU1	203	34	100	126	87	143	65	102	102	231	46	79	113	69	119	153	107	147	34	85	0	0	0	0	0	0	0	83	6	168	81	36	0	7	0	8	16	3	0	148	18	483	263	86	0	100	8	232	128	54	0	35	2	107	37	25	1
1P84	171	21	110	113	117	142	54	124	129	220	37	117	100	66	82	168	117	159	37	96	0	0	0	0	0	0	0	93	3	176	84	47	0	3	1	7	5	5	0	159	12	422	279	87	0	101	5	242	117	71	0	50	0	108	53	39	1
1PP9	404	68	192	252	170	278	130	200	198	452	90	156	224	136	232	312	208	292	58	168	0	0	0	0	0	0	0	164	12	328	160	72	0	14	0	16	32	6	0	296	36	958	520	162	0	198	16	464	250	100	0	64	4	208	70	50	1
1PPJ	404	68	192	252	170	278	130	200	198	454	90	156	224	136	230	312	208	292	58	168	0	0	0	0	0	0	0	164	12	328	160	72	0	14	0	16	32	6	0	296	36	954	522	162	0	198	16	466	250	100	0	64	4	208	70	50	1
1QCR	178	29	86	103	79	123	59	96	89	210	40	71	86	64	103	135	101	130	31	70	0	0	0	0	0	0	0	64	5	148	74	32	0	7	0	7	13	2	0	131	15	412	235	73	0	91	8	206	120	49	0	31	1	95	31	22	1
1SQB	215	35	101	126	88	148	65	102	103	241	48	80	116	70	130	163	110	153	33	87	0	0	0	0	0	0	0	83	6	170	82	36	0	7	0	8	17	3	0	150	19	516	274	86	0	102	8	241	133	54	0	34	2	109	37	26	1
1SQP	215	35	101	126	88	148	65	102	104	241	48	80	116	69	130	162	110	153	34	87	0	0	0	0	0	0	0	83	6	169	82	36	0	7	0	8	17	3	0	149	19	516	274	87	0	101	8	242	133	54	0	35	2	109	37	26	1
1SQQ	207	34	100	126	87	144	65	102	102	233	46	80	115	69	121	157	107	151	34	86	0	0	0	0	0	0	0	83	6	168	82	36	0	7	0	8	16	3	0	149	18	491	267	86	0	100	8	237	129	54	0	35	2	108	37	25	1
1SQV	207	34	100	126	87	144	65	102	102	233	46	80	115	69	121	157	107	151	34	86	0	0	0	0	0	0	0	83	6	168	82	36	0	7	0	8	16	3	0	149	18	491	267	86	0	100	8	237	129	54	0	35	2	108	37	25	1
1SQX	207	34	100	126	87	144	65	102	102	233	46	80	115	69	121	157	107	151	34	86	0	0	0	0	0	0	0	83	6	168	82	36	0	7	0	8	16	3	0	149	18	491	267	86	0	100	8	237	129	54	0	35	2	108	37	25	1
1ZRT	180	16	102	70	100	162	46	102	66	146	66	60	114	32	70	68	98	146	54	74	0	0	0	0	0	0	0	52	0	120	60	30	0	2	0	8	4	2	0	118	14	376	214	82	0	62	2	190	132	70	0	28	0	106	50	44	1
2A06	404	68	192	252	170	278	130	200	198	452	90	156	224	136	232	312	208	292	58	168	0	0	0	0	0	0	0	164	12	328	160	72	0	14	0	16	32	6	0	296	36	958	520	162	0	198	16	464	250	100	0	64	4	208	70	50	1
2BCC	171	30	90	129	91	131	62	97	96	211	41	81	110	69	108	147	100	135	29	87	0	0	0	0	0	0	0	86	6	164	74	39	0	5	0	9	13	3	0	147	15	421	250	85	0	98	7	218	108	51	0	33	2	107	38	27	1
2FYN	576	54	240	240	336	480	204	330	156	456	162	180	354	138	198	228	312	420	144	198	0	0	0	0	0	0	0	156	0	372	210	60	0	0	0	30	12	12	0	360	48	1218	624	252	0	192	6	564	360	234	0	84	0	312	162	120	1
2FYU	207	34	100	126	87	144	65	102	102	233	46	80	115	69	121	157	107	151	34	86	0	0	0	0	0	0	0	83	6	168	82	36	0	7	0	8	16	3	0	149	18	491	267	86	0	100	8	237	129	54	0	35	2	108	37	25	1
2IBZ	171	21	115	114	118	144	54	124	130	220	40	117	101	66	83	169	117	159	37	96	0	0	0	0	0	0	0	97	3	179	84	47	0	3	1	7	5	5	0	160	12	425	282	88	0	101	5	242	117	71	0	50	0	109	53	39	1
2QJK	552	54	234	228	336	462	156	330	132	456	150	168	348	138	198	210	288	402	144	192	0	0	0	0	0	0	0	150	0	348	210	60	0	0	0	30	12	12	0	348	48	1086	600	246	0	186	6	558	354	234	0	84	0	306	162	120	1
2QJP	368	36	156	152	224	308	104	220	88	304	100	112	232	92	128	140	192	272	96	128	0	0	0	0	0	0	0	100	0	232	140	40	0	0	0	20	8	8	0	232	28	720	404	164	0	124	8	372	236	156	0	56	0	204	108	80	1
2QJY	576	54	240	240	336	480	204	330	156	456	162	180	354	138	198	228	312	420	144	198	0	0	0	0	0	0	0	156	0	372	210	60	0	0	0	30	12	12	0	360	48	1218	624	252	0	192	6	564	360	234	0	84	0	312	162	120	1
2YBB	776	128	378	578	387	639	267	403	430	926	232	268	513	233	491	520	455	605	154	343	0	0	0	0	0	0	0	294	20	644	341	158	0	20	1	48	48	11	0	618	72	1953	1048	378	0	384	28	975	534	224	0	137	7	443	189	107	1
2YIU	190	14	96	86	98	162	82	102	46	160	58	50	116	54	68	58	102	140	54	70	0	0	0	0	0	0	0	64	0	130	66	24	0	0	0	6	4	4	0	124	10	416	198	76	0	66	4	168	142	76	0	30	0	100	50	42	1
3BCC	171	30	90	129	91	131	62	97	96	211	41	81	110	69	108	147	100	135	29	87	0	0	0	0	0	0	0	86	6	164	74	39	0	5	0	9	13	3	0	147	15	421	250	85	0	98	7	218	108	51	0	33	2	107	38	27	1
3CWB	412	64	184	250	190	272	130	198	208	428	80	160	198	118	220	286	240	278	58	156	0	0	0	0	0	0	0	158	8	322	142	82	0	6	0	24	24	10	0	294	40	938	516	164	0	188	16	452	224	98	0	62	0	222	76	44	1
3CX5	359	45	266	285	240	308	114	256	282	454	78	245	208	138	169	342	242	331	77	199	0	0	0	0	0	0	0	270	7	384	172	97	0	7	2	16	10	10	0	337	25	891	578	180	0	213	11	496	246	147	0	104	0	223	109	80	1
3CXH	360	44	267	284	240	308	113	257	283	451	79	245	209	139	169	344	243	331	77	199	0	0	0	0	0	0	0	271	7	384	172	97	0	7	2	15	10	10	0	339	25	893	579	180	0	213	10	497	245	147	0	103	0	225	108	80	1
3H1H	412	64	184	252	190	272	130	198	206	428	80	160	198	118	220	286	240	278	58	156	0	0	0	0	0	0	0	160	8	322	142	82	0	6	0	24	24	10	0	294	40	936	516	164	0	188	16	452	224	98	0	62	0	222	76	44	1
3H1I	412	64	184	252	190	272	130	198	206	428	80	160	198	118	220	286	240	278	58	156	0	0	0	0	0	0	0	160	8	322	142	82	0	6	0	24	24	10	0	294	40	936	516	164	0	188	16	452	224	98	0	62	0	222	76	44	1
3H1J	412	64	184	252	190	272	130	198	206	428	80	160	198	118	220	286	240	278	58	156	0	0	0	0	0	0	0	160	8	322	142	82	0	6	0	24	24	10	0	294	40	936	516	164	0	188	16	452	224	98	0	62	0	222	76	44	1
3H1K	412	64	184	252	190	272	130	198	206	428	80	160	198	118	220	286	240	278	58	156	0	0	0	0	0	0	0	160	8	322	142	82	0	6	0	24	24	10	0	294	40	936	516	164	0	188	16	452	224	98	0	62	0	222	76	44	1
3H1L	412	64	184	250	190	272	130	198	208	428	80	160	198	118	220	286	240	278	58	156	0	0	0	0	0	0	0	158	8	322	142	82	0	6	0	24	24	10	0	294	40	938	516	164	0	188	16	452	224	98	0	62	0	222	76	44	1
3L70	412	64	184	252	190	272	130	198	206	428	80	160	198	118	220	286	240	278	58	156	0	0	0	0	0	0	0	160	8	322	142	82	0	6	0	24	24	10	0	294	40	936	516	164	0	188	16	452	224	98	0	62	0	222	76	44	1
3L71	412	64	184	252	190	272	130	198	206	428	80	160	198	118	220	286	240	278	58	156	0	0	0	0	0	0	0	160	8	322	142	82	0	6	0	24	24	10	0	294	40	936	516	164	0	188	16	452	224	98	0	62	0	222	76	44	1
3L72	412	64	184	252	190	272	130	198	206	428	80	160	198	118	220	286	240	278	58	156	0	0	0	0	0	0	0	160	8	322	142	82	0	6	0	24	24	10	0	294	40	936	516	164	0	188	16	452	224	98	0	62	0	222	76	44	1
3L73	412	64	184	252	190	272	130	198	206	428	80	160	198	118	220	286	240	278	58	156	0	0	0	0	0	0	0	160	8	322	142	82	0	6	0	24	24	10	0	294	40	936	516	164	0	188	16	452	224	98	0	62	0	222	76	44	1
3L74	412	64	184	252	190	272	130	198	206	428	80	160	198	118	220	286	240	278	58	156	0	0	0	0	0	0	0	160	8	322	142	82	0	6	0	24	24	10	0	294	40	936	516	164	0	188	16	452	224	98	0	62	0	222	76	44	1
3L75	412	64	184	252	190	272	130	198	206	428	80	160	198	118	220	286	240	278	58	156	0	0	0	0	0	0	0	160	8	322	142	82	0	6	0	24	24	10	0	294	40	936	516	164	0	188	16	452	224	98	0	62	0	222	76	44	1
3TGU	426	64	186	252	192	276	132	198	208	436	80	160	206	118	222	292	240	282	58	158	0	0	0	0	0	0	0	160	8	322	142	82	0	6	0	24	24	10	0	294	40	964	526	166	0	190	16	458	224	100	0	62	0	226	76	44	1
4D6T	492	80	224	287	188	334	144	220	232	523	116	166	262	149	288	394	238	361	62	186	0	0	0	0	0	0	0	176	12	380	182	76	0	14	0	20	38	8	0	326	46	1196	630	186	0	232	18	546	296	108	0	76	4	230	72	54	1
4D6U	514	82	224	287	188	354	144	222	237	539	120	166	272	153	303	404	242	367	62	186	0	0	0	0	0	0	0	176	12	384	182	76	0	14	0	20	40	8	0	328	48	1260	648	186	0	234	18	564	304	108	0	76	4	230	72	54	1
4PD4	171	21	110	113	118	142	54	125	130	220	37	117	101	66	83	169	116	159	37	96	0	0	0	0	0	0	0	93	3	177	84	47	0	3	1	7	5	5	0	159	12	424	279	87	0	101	5	241	118	72	0	50	0	109	53	39	1
4U3F	428	64	184	252	192	276	132	198	210	436	80	160	206	118	222	292	240	282	58	158	0	0	0	0	0	0	0	160	8	322	142	82	0	6	0	24	24	10	0	294	40	966	528	166	0	188	16	458	224	100	0	62	0	226	76	44	1
5GPN	1272	222	617	828	656	993	381	830	728	1598	532	501	835	455	807	954	839	982	278	565	0	0	0	0	0	0	0	449	40	1059	602	251	0	43	1	84	76	18	0	1012	106	3172	1855	645	0	642	59	1731	1052	406	0	241	14	725	346	172	1
5GUP	1356	226	670	874	693	1048	394	847	776	1668	584	517	918	505	912	1025	871	1011	309	600	0	0	0	0	0	0	0	502	38	1131	622	272	0	40	1	86	79	20	0	1081	110	3475	1944	683	0	668	59	1799	1086	427	0	259	16	770	364	192	1
5J4Z	515	116	258	319	295	403	192	320	271	633	172	218	319	176	297	409	335	404	125	238	0	0	0	0	0	0	0	197	17	428	213	114	0	16	1	25	37	7	0	392	42	1286	724	277	0	262	19	656	412	167	0	102	7	321	138	89	1
5J7Y	513	116	258	319	295	403	192	320	271	633	172	218	317	176	297	409	335	402	125	238	0	0	0	0	0	0	0	197	17	428	213	114	0	16	1	25	37	7	0	392	42	1284	722	277	0	262	19	654	412	167	0	102	7	321	138	89	1
5J8K	382	99	194	236	180	278	127	218	190	442	100	158	218	138	236	294	214	292	68	166	0	0	0	0	0	0	0	148	14	330	156	76	0	14	1	18	30	6	0	290	34	922	514	168	0	200	16	446	270	110	0	72	4	208	80	50	1
5KKZ	384	36	160	160	224	328	136	220	104	304	108	120	236	92	128	152	212	284	96	132	0	0	0	0	0	0	0	104	0	248	140	40	0	0	0	20	8	8	0	240	28	820	420	168	0	128	8	376	240	156	0	56	0	208	108	80	1
5KLI	384	36	160	160	224	328	136	220	104	304	108	120	236	92	128	152	212	284	96	132	0	0	0	0	0	0	0	104	0	248	140	40	0	0	0	20	8	8	0	240	28	820	420	168	0	128	8	376	240	156	0	56	0	208	108	80	1
5KLV	207	34	99	127	87	144	65	102	102	233	45	81	115	69	120	157	107	151	34	86	0	0	0	0	0	0	0	83	6	169	82	36	0	7	0	8	16	3	0	148	18	491	267	86	0	100	8	237	128	54	0	35	2	108	37	25	1
5LUF	547	117	267	335	288	417	199	306	287	655	168	220	328	181	305	434	336	415	121	244	0	0	0	0	0	0	0	217	15	439	222	110	0	16	1	23	39	8	0	405	44	1360	748	274	0	265	20	680	400	166	0	97	7	329	130	89	1
5NMI	460	78	220	284	184	322	142	218	222	500	108	168	258	152	270	372	230	356	66	184	0	0	0	0	0	0	0	176	12	376	182	76	0	14	0	20	36	8	0	324	44	1116	600	186	0	230	18	522	288	110	0	78	4	226	74	52	1
5OKD	222	36	97	130	85	156	66	101	102	245	54	78	115	70	131	167	110	149	29	85	0	0	0	0	0	0	0	85	6	168	80	36	0	7	0	8	18	3	0	149	20	535	282	81	0	101	8	249	133	50	0	32	2	104	35	26	1
5XTE	374	60	188	262	194	278	124	218	194	454	96	156	212	136	222	298	242	276	70	170	0	0	0	0	0	0	0	164	12	340	152	72	0	14	0	16	24	6	0	288	30	890	536	184	0	198	12	470	242	118	0	78	6	214	88	48	1
5XTH	1031	196	630	844	669	899	375	810	728	1567	460	514	824	447	751	845	854	890	303	582	0	0	0	0	0	0	0	463	35	1075	587	270	0	39	1	72	65	19	0	1015	93	2774	1722	656	0	640	50	1612	987	413	0	266	17	727	353	188	1
5XTI	1688	332	1072	1428	1144	1520	626	1402	1262	2680	824	872	1436	758	1280	1392	1466	1504	536	994	0	0	0	0	0	0	0	764	58	1810	1022	468	0	64	2	128	106	32	0	1742	156	4658	2908	1128	0	1082	88	2754	1732	708	0	454	28	1240	618	328	1
6FO0	462	72	196	260	172	318	132	202	204	500	110	158	240	140	272	348	220	316	58	172	0	0	0	0	0	0	0	170	12	336	164	72	0	14	0	16	36	6	0	300	40	1106	582	166	0	204	16	516	274	100	0	64	4	212	70	52	1
6FO2	462	72	196	260	172	318	132	202	204	500	110	158	240	140	272	348	220	316	58	170	0	0	0	0	0	0	0	170	12	336	164	72	0	14	0	16	36	6	0	300	40	1106	582	166	0	204	16	516	274	100	0	64	4	210	70	52	1
6FO6	458	72	196	258	172	318	132	202	204	498	110	156	236	142	268	342	220	306	58	170	0	0	0	0	0	0	0	170	12	336	162	72	0	14	0	16	36	6	0	300	40	1098	574	166	0	202	16	508	272	100	0	64	4	210	70	52	1
1AQA	4	0	9	12	2	6	6	5	10	8	0	1	3	2	3	6	7	5	1	4	0	0	0	0	0	0	0	7	0	11	3	2	0	0	0	0	0	0	0	9	0	26	9	1	0	7	0	4	4	3	0	1	0	4	1	1	2
1AW3	4	0	9	12	2	6	6	5	10	8	0	1	3	2	3	6	7	5	1	4	0	0	0	0	0	0	0	7	0	11	3	2	0	0	0	0	0	0	0	9	0	26	9	1	0	7	0	4	4	3	0	1	0	4	1	1	2
1AWP	14	0	16	22	4	16	8	6	8	16	4	4	10	6	10	8	10	10	2	10	0	0	0	0	0	0	0	12	0	26	4	4	0	0	0	0	0	0	0	20	0	42	20	2	0	14	0	6	10	6	0	2	0	8	2	4	2
1AXX	4	0	9	12	2	6	6	5	10	8	0	1	3	2	3	6	7	5	1	4	0	0	0	0	0	0	0	7	0	11	3	2	0	0	0	0	0	0	0	9	0	26	9	1	0	7	0	4	4	3	0	1	0	4	1	1	2
1B5M	7	0	6	11	2	6	4	3	3	6	2	2	4	2	5	3	5	7	1	5	0	0	0	0	0	0	0	6	0	11	2	2	0	0	0	0	0	0	0	7	0	18	10	1	0	7	0	3	5	3	0	1	0	4	1	2	2
1BFX	5	0	9	13	2	6	6	5	10	8	1	1	3	3	3	7	7	5	1	4	0	0	0	0	0	0	0	8	0	13	3	2	0	0	0	0	0	0	0	10	0	26	10	1	0	7	0	4	4	3	0	1	0	4	1	1	2
1BLV	4	0	9	12	2	6	6	5	10	8	0	1	3	2	3	6	7	5	1	4	0	0	0	0	0	0	0	7	0	11	3	2	0	0	0	0	0	0	0	9	0	26	9	1	0	7	0	4	4	3	0	1	0	4	1	1	2
1CXY	7	2	3	10	1	6	5	3	2	9	3	2	7	3	2	5	8	5	3	4	0	0	0	0	0	0	0	5	0	7	3	2	0	1	0	0	0	1	0	9	1	21	9	2	0	3	0	9	5	3	0	0	1	4	3	0	2
1CYO	4	0	6	12	3	6	5	5	9	8	0	3	3	2	3	8	7	4	1	4	0	0	0	0	0	0	0	8	0	10	3	2	0	0	0	0	0	0	0	8	0	25	9	2	0	6	0	4	4	3	0	1	0	5	1	1	2
1DO9	3	0	8	12	3	6	7	4	10	10	1	2	3	1	3	6	7	4	1	3	0	0	0	0	0	0	0	7	0	10	3	2	0	0	0	0	0	0	0	8	0	26	10	1	0	7	0	5	4	3	0	1	0	4	1	1	2
1EHB	4	0	6	11	3	6	5	4	6	8	0	3	2	2	3	4	6	4	1	4	0	0	0	0	0	0	0	8	0	9	3	2	0	0	0	0	0	0	0	7	0	18	8	2	0	6	0	3	4	3	0	1	0	5	1	1	2
1ES1	4	0	6	11	3	6	6	4	6	8	0	3	2	2	3	4	6	3	1	4	0	0	0	0	0	0	0	8	0	9	3	2	0	0	0	0	0	0	0	8	0	19	7	2	0	5	0	3	4	3	0	1	0	5	1	1	2
1EUE	14	0	14	22	4	12	8	10	6	12	4	4	10	4	10	6	10	10	2	10	0	0	0	0	0	0	0	12	0	22	4	4	0	0	0	0	0	0	0	16	0	38	20	2	0	14	0	6	10	6	0	2	0	8	2	4	2
1F03	8	0	5	8	3	6	5	4	6	8	0	3	2	2	3	4	6	4	1	4	0	0	0	0	0	0	0	4	0	9	3	2	0	0	0	0	0	0	0	9	0	20	8	2	0	4	0	5	4	3	0	1	0	5	1	1	2
1F04	8	0	5	8	3	6	5	4	6	8	0	3	2	2	3	4	6	4	1	4	0	0	0	0	0	0	0	4	0	9	3	2	0	0	0	0	0	0	0	9	0	20	8	2	0	4	0	5	4	3	0	1	0	5	1	1	2
1HKO	5	0	7	14	3	6	5	8	9	8	0	3	3	2	3	10	9	4	1	4	0	0	0	0	0	0	0	9	0	11	4	2	0	0	0	0	0	0	0	10	0	27	10	2	0	6	0	6	5	3	0	1	0	5	1	1	2
1I5U	7	0	5	9	3	6	5	4	6	8	0	3	2	2	3	4	6	4	1	4	0	0	0	0	0	0	0	5	0	9	3	2	0	0	0	0	0	0	0	8	0	20	8	2	0	5	0	4	4	3	0	1	0	5	1	1	2
1IB7	4	0	9	12	1	6	6	5	10	8	0	1	3	2	3	6	7	5	1	5	0	0	0	0	0	0	0	7	0	11	3	2	0	0	0	0	0	0	0	9	0	26	9	1	0	7	0	4	4	3	0	1	0	4	1	1	2
1ICC	24	0	28	44	8	24	16	8	16	24	8	8	20	8	24	16	20	28	4	20	0	0	0	0	0	0	0	24	0	48	4	8	0	0	0	0	0	0	0	32	0	80	44	4	0	28	0	12	16	12	0	4	0	16	4	8	2
1J0Q	4	0	6	11	3	6	6	4	6	8	0	3	2	2	3	4	6	3	1	4	0	0	0	0	0	0	0	8	0	9	3	2	0	0	0	0	0	0	0	8	0	19	7	2	0	5	0	3	4	3	0	1	0	5	1	1	2
1JEX	3	0	9	12	2	6	6	5	10	8	0	1	3	2	3	6	7	6	1	4	0	0	0	0	0	0	0	7	0	11	3	2	0	0	0	0	0	0	0	8	0	25	10	1	0	8	0	4	4	3	0	1	0	4	1	1	2
1LJ0	24	0	28	44	8	32	16	4	16	24	8	12	20	12	24	24	20	28	4	20	0	0	0	0	0	0	0	24	0	56	4	8	0	0	0	0	0	0	0	40	0	88	44	4	0	28	0	12	12	12	0	4	0	16	4	8	2
1LQX	4	0	6	12	3	6	5	4	6	8	0	3	2	2	3	4	6	3	1	4	0	0	0	0	0	0	0	9	0	9	3	2	0	0	0	0	0	0	0	7	0	18	8	2	0	6	0	3	3	3	0	1	0	5	1	1	2
1LR6	4	0	6	11	3	6	5	4	6	8	0	3	2	2	3	4	6	3	1	5	0	0	0	0	0	0	0	8	0	9	3	2	0	0	0	0	0	0	0	7	0	18	8	2	0	5	0	3	3	4	0	2	0	5	1	1	2
1M20	4	0	6	11	2	6	5	4	6	8	0	3	2	2	3	4	6	4	1	5	0	0	0	0	0	0	0	8	0	9	3	2	0	0	0	0	0	0	0	7	0	18	8	2	0	6	0	3	4	3	0	1	0	5	1	1	2
1M2I	6	0	6	9	3	6	5	4	6	8	0	3	2	2	3	4	6	4	1	4	0	0	0	0	0	0	0	6	0	9	3	2	0	0	0	0	0	0	0	8	0	19	8	2	0	5	0	4	4	3	0	1	0	5	1	1	2
1M2M	8	0	5	8	3	6	5	4	6	8	0	3	2	2	3	4	6	4	1	4	0	0	0	0	0	0	0	4	0	9	3	2	0	0	0	0	0	0	0	9	0	20	8	2	0	4	0	5	4	3	0	1	0	5	1	1	2
1M59	4	0	6	11	3	6	5	4	6	8	0	3	1	2	3	4	6	5	1	4	0	0	0	0	0	0	0	8	0	9	3	2	0	0	0	0	0	0	0	7	0	16	9	2	0	6	0	4	4	3	0	1	0	5	1	1	2
1MJ4	5	0	2	9	3	7	5	3	3	9	1	1	5	3	1	7	6	7	2	3	0	0	0	0	0	0	0	3	0	8	2	1	0	0	0	0	0	0	0	4	0	21	10	4	0	6	0	9	3	2	0	2	0	1	4	1	2
1MNY	4	0	9	12	2	6	6	5	10	8	0	1	3	2	3	6	7	5	1	4	0	0	0	0	0	0	0	7	0	11	3	2	0	0	0	0	0	0	0	9	0	26	9	1	0	7	0	4	4	3	0	1	0	4	1	1	2
1NX7	4	0	6	11	3	6	5	4	6	8	0	3	2	2	3	4	6	4	1	4	0	0	0	0	0	0	0	8	0	9	3	2	0	0	0	0	0	0	0	7	0	18	8	2	0	6	0	3	4	3	0	1	0	5	1	1	2
1QX4	20	8	34	32	26	38	24	38	34	54	18	22	48	16	32	22	26	34	4	18	0	0	0	0	0	0	0	22	0	52	26	4	0	0	0	4	4	0	0	50	2	106	58	28	0	24	2	60	46	10	0	8	4	22	10	4	2
1SH4	4	0	6	11	3	6	6	4	6	8	0	3	2	2	3	4	6	3	1	4	0	0	0	0	0	0	0	8	0	9	3	2	0	0	0	0	0	0	0	8	0	18	8	2	0	5	0	4	3	3	0	1	0	5	1	1	2
1U9M	24	0	36	66	12	36	30	24	36	48	0	18	12	12	18	24	36	24	12	24	0	0	0	0	0	0	0	48	0	54	18	12	0	0	0	0	0	0	0	42	0	108	48	12	0	36	0	18	24	18	0	6	0	30	6	6	2
1U9U	4	0	6	11	2	6	5	4	6	8	0	3	2	2	3	4	6	4	1	5	0	0	0	0	0	0	0	8	0	9	3	2	0	0	0	0	0	0	0	7	0	18	8	2	0	6	0	3	4	3	0	1	0	5	1	1	2
1UMK	12	4	19	15	13	19	10	22	15	26	8	6	26	10	18	13	13	15	2	9	0	0	0	0	0	0	0	9	0	25	13	3	0	0	0	2	2	0	0	26	2	57	28	13	0	11	1	32	22	5	0	4	1	10	6	2	2
1X3X	12	4	12	8	2	12	8	8	28	10	4	6	4	6	0	4	12	16	2	6	0	0	0	0	0	0	0	8	0	20	2	2	0	0	0	2	0	0	0	14	2	40	20	4	0	10	2	12	12	2	0	0	0	4	4	2	2
2AXX	4	0	9	12	2	6	6	5	10	8	0	1	3	2	3	6	7	5	1	4	0	0	0	0	0	0	0	7	0	11	3	2	0	0	0	0	0	0	0	9	0	26	9	1	0	7	0	4	4	3	0	1	0	4	1	1	2
2EIX	20	2	28	26	24	38	14	36	42	32	28	30	36	20	16	18	20	30	4	22	0	0	0	0	0	0	0	20	0	48	28	8	0	0	0	0	2	0	0	36	2	94	48	22	0	34	0	44	36	12	0	14	0	18	12	6	2
2I89	24	0	28	40	8	32	20	4	16	24	12	12	20	12	20	28	20	28	4	20	0	0	0	0	0	0	0	20	0	56	8	8	0	0	0	0	0	0	0	40	0	92	44	4	0	28	0	12	12	12	0	4	0	16	4	8	2
2I96	5	0	8	14	3	6	7	6	8	9	2	3	5	3	3	9	9	4	1	3	0	0	0	0	0	0	0	9	0	12	5	2	0	0	0	0	0	0	0	12	0	29	10	1	0	6	0	6	5	3	0	1	0	4	1	1	2
2IBJ	7	0	6	12	4	5	4	3	7	3	3	7	1	2	3	5	4	8	1	3	0	0	0	0	0	0	0	8	0	15	2	2	0	0	0	0	0	0	0	8	0	17	9	2	0	8	0	1	5	2	0	2	0	3	1	2	2
2KEO	7	1	9	10	6	9	8	5	3	9	2	7	3	7	3	5	6	8	1	3	0	0	0	0	0	0	0	11	0	13	5	4	0	0	0	0	0	1	0	14	0	15	13	2	0	4	1	13	4	1	0	4	0	2	2	2	2
2M33	9	0	11	12	3	6	7	8	10	13	4	4	4	2	4	11	10	7	4	5	0	0	0	0	0	0	0	8	0	15	4	2	0	0	0	0	0	0	0	11	0	31	16	3	0	7	0	10	9	5	0	2	0	5	3	2	2
3LF5	8	6	10	20	4	14	6	8	16	14	10	6	6	2	10	6	4	14	4	8	0	0	0	0	0	0	0	12	0	14	6	6	0	4	0	0	2	0	0	6	0	38	24	2	0	12	4	10	10	8	0	4	2	6	4	0	2
3MUS	16	0	14	22	4	12	8	6	6	12	4	4	10	4	10	6	10	14	2	10	0	0	0	0	0	0	0	12	0	22	4	4	0	0	0	0	0	0	0	16	0	40	20	2	0	14	0	6	10	6	0	2	0	8	2	4	2
3NER	8	0	12	26	4	14	8	6	10	18	2	4	6	6	10	14	6	18	2	10	0	0	0	0	0	0	0	12	0	22	10	4	0	0	0	0	0	0	0	14	0	38	20	2	0	18	0	10	10	6	0	2	0	6	4	4	2
3OZZ	6	0	6	10	3	5	5	6	5	6	2	2	3	2	3	4	5	4	1	4	0	0	0	0	0	0	0	6	0	9	3	2	0	0	0	0	0	0	0	8	0	17	8	2	0	6	0	3	6	3	0	0	0	6	1	1	2
3W2H	13	4	18	18	12	18	9	19	18	25	8	8	26	7	16	11	12	18	2	9	0	0	0	0	0	0	0	11	0	25	13	2	0	0	0	2	2	0	0	26	2	52	28	14	0	10	1	33	22	4	0	4	1	11	5	2	2
3W5H	13	4	18	18	12	18	9	19	18	25	8	8	26	7	16	12	12	18	2	9	0	0	0	0	0	0	0	11	0	25	13	2	0	0	0	2	2	0	0	26	2	53	28	14	0	10	1	33	22	4	0	4	1	11	5	2	2
3X32	6	0	7	12	3	6	6	5	9	8	1	3	2	3	3	6	6	4	1	3	0	0	0	0	0	0	0	9	0	11	3	2	0	0	0	0	0	0	0	9	0	24	10	1	0	6	0	4	4	3	0	1	0	4	1	1	2
3X33	6	0	7	12	3	6	6	5	9	8	1	3	2	3	3	6	6	4	1	3	0	0	0	0	0	0	0	9	0	11	3	2	0	0	0	0	0	0	0	9	0	24	10	1	0	6	0	4	4	3	0	1	0	4	1	1	2
3X34	6	0	7	12	3	6	6	5	9	8	1	3	2	3	3	6	6	4	1	3	0	0	0	0	0	0	0	9	0	11	3	2	0	0	0	0	0	0	0	9	0	24	10	1	0	6	0	4	4	3	0	1	0	4	1	1	2
3X35	6	0	7	12	3	6	6	5	9	8	1	3	2	3	3	6	6	4	1	3	0	0	0	0	0	0	0	9	0	11	3	2	0	0	0	0	0	0	0	9	0	24	10	1	0	6	0	4	4	3	0	1	0	4	1	1	2
4B8N	16	4	32	24	12	16	16	36	44	36	8	20	28	0	8	4	24	24	4	8	0	0	0	0	0	0	0	16	0	40	12	8	0	4	0	0	0	0	0	24	0	80	48	4	0	28	0	24	36	12	0	4	4	8	8	0	2
4HIL	16	0	14	22	4	12	8	6	6	12	4	4	10	4	10	6	10	14	2	10	0	0	0	0	0	0	0	12	0	22	4	4	0	0	0	0	0	0	0	16	0	40	20	2	0	14	0	6	10	6	0	2	0	8	2	4	2
4HIN	16	0	24	44	12	24	20	16	24	36	0	12	8	8	12	12	24	16	4	16	0	0	0	0	0	0	0	32	0	36	12	8	0	0	0	0	0	0	0	28	0	68	32	8	0	24	0	12	20	12	0	4	0	20	4	4	2
4X8Y	18	2	28	28	18	24	4	4	20	22	2	4	16	8	14	14	14	12	2	10	0	0	0	0	0	0	0	22	0	30	6	10	0	0	0	0	0	2	0	26	0	58	22	16	0	8	2	24	6	0	0	10	0	12	6	2	2
5GV7	13	4	18	18	12	18	9	19	18	25	8	8	26	7	16	12	12	18	2	9	0	0	0	0	0	0	0	11	0	25	13	2	0	0	0	2	2	0	0	26	2	53	28	14	0	10	1	33	22	4	0	4	1	11	5	2	2
5GV8	13	4	18	18	12	18	9	19	18	25	8	8	26	7	16	12	12	18	2	9	0	0	0	0	0	0	0	11	0	25	13	2	0	0	0	2	2	0	0	26	2	53	28	14	0	10	1	33	22	4	0	4	1	11	5	2	2
5XE4	5	0	9	13	3	6	4	5	11	8	0	1	3	3	3	7	6	5	2	4	0	0	0	0	0	0	0	8	0	13	3	2	0	0	0	0	0	0	0	9	0	23	9	3	0	7	0	4	4	3	0	2	0	5	1	1	2
5XEE	5	0	9	13	4	6	4	5	11	8	0	1	3	3	3	7	6	5	1	4	0	0	0	0	0	0	0	8	0	13	3	2	0	0	0	0	0	0	0	9	0	23	9	3	0	7	0	4	4	3	0	2	0	5	1	1	2
5YLY	46	6	30	46	24	44	24	32	48	54	20	18	44	10	24	20	34	40	2	18	0	0	0	0	0	0	0	12	2	48	32	10	0	0	0	2	4	0	0	50	4	138	62	28	0	40	0	64	38	4	0	2	0	32	10	0	2
1Q90	81	13	29	46	47	96	17	60	49	110	26	35	62	31	26	42	55	104	16	36	0	0	0	0	0	0	0	15	1	78	33	13	0	1	0	7	4	1	0	70	7	166	139	43	0	43	4	125	97	27	0	12	1	49	22	14	3
1VF5	152	22	68	96	100	174	26	124	102	214	58	70	124	70	54	74	112	198	40	74	0	0	0	0	0	0	0	66	0	150	64	24	0	2	0	10	8	2	0	122	12	320	262	102	0	84	8	242	194	52	0	28	2	94	58	30	3
2D2C	152	22	68	96	100	174	26	124	102	214	58	70	124	70	54	74	112	198	40	74	0	0	0	0	0	0	0	66	0	150	64	24	0	2	0	10	8	2	0	122	12	320	262	102	0	84	8	242	194	52	0	28	2	94	58	30	3
2ZT9	84	9	33	51	47	91	14	56	45	106	26	37	59	30	26	49	53	102	20	36	0	0	0	0	0	0	0	31	0	79	31	10	0	1	0	4	3	1	0	61	5	171	133	51	0	42	3	118	94	26	0	15	1	47	26	13	3
4H0L	75	11	35	48	51	87	13	62	52	105	29	34	62	35	26	37	57	100	20	37	0	0	0	0	0	0	0	33	0	75	32	12	0	1	0	5	4	1	0	61	6	160	130	52	0	42	4	120	97	26	0	14	1	48	29	15	3
4H13	75	11	35	48	51	87	13	62	52	105	29	34	62	35	26	37	57	100	20	37	0	0	0	0	0	0	0	33	0	75	32	12	0	1	0	5	4	1	0	61	6	160	130	52	0	42	4	120	97	26	0	14	1	48	29	15	3
4H44	84	9	33	51	47	91	14	56	45	106	26	37	59	30	26	49	53	102	20	36	0	0	0	0	0	0	0	31	0	79	31	10	0	1	0	4	3	1	0	61	5	171	133	51	0	42	3	118	94	26	0	15	1	47	26	13	3
4I7Z	75	11	35	48	51	87	13	62	52	105	29	34	62	35	26	37	57	100	20	37	0	0	0	0	0	0	0	33	0	75	32	12	0	1	0	5	4	1	0	61	6	160	130	52	0	42	4	120	97	26	0	14	1	48	29	15	3
4OGQ	94	10	34	51	51	91	14	58	46	110	28	38	60	31	31	52	59	104	20	36	0	0	0	0	0	0	0	31	0	82	31	10	0	1	0	5	3	1	0	63	6	185	141	52	0	43	3	124	95	27	0	15	1	49	27	15	3
4PV1	75	11	35	48	51	87	13	62	52	105	29	34	62	35	26	37	57	100	20	37	0	0	0	0	0	0	0	33	0	75	32	12	0	1	0	5	4	1	0	61	6	160	130	52	0	42	4	120	97	26	0	14	1	48	29	15	3
1AKK	6	2	3	9	4	12	3	6	19	6	2	5	4	3	2	0	10	3	1	4	0	0	0	0	0	0	0	4	0	11	5	0	0	1	0	1	0	0	0	10	2	32	6	5	0	3	0	7	3	4	0	1	0	5	3	0	4
1CCR	9	2	4	6	4	11	2	4	13	8	2	6	9	4	2	7	8	3	1	6	0	0	0	0	0	0	0	3	0	12	3	2	0	1	0	1	0	0	0	12	2	35	5	6	0	3	0	7	4	3	0	1	0	5	5	0	4
1CRC	12	4	6	18	8	24	6	12	38	12	4	10	8	6	4	0	20	6	2	8	0	0	0	0	0	0	0	8	0	22	10	0	0	2	0	2	0	0	0	20	4	64	12	10	0	6	0	14	6	8	0	2	0	10	6	0	4
1CYC	14	4	6	12	6	26	4	8	32	12	4	12	6	8	4	8	14	12	4	10	0	0	0	0	0	0	0	10	0	18	8	2	0	2	0	2	0	0	0	18	4	62	12	10	0	6	0	14	8	8	0	2	0	10	8	0	4
1FI7	6	2	3	9	4	12	3	6	19	6	2	5	4	3	2	0	10	3	1	4	0	0	0	0	0	0	0	4	0	11	5	0	0	1	0	1	0	0	0	10	2	32	6	5	0	3	0	7	3	4	0	1	0	5	3	0	4
1FI9	6	2	3	9	4	12	3	6	19	6	2	5	4	3	2	0	10	3	1	4	0	0	0	0	0	0	0	4	0	11	5	0	0	1	0	1	0	0	0	10	2	32	6	5	0	3	0	7	3	4	0	1	0	5	3	0	4
1GIW	6	2	3	9	4	12	3	6	19	6	2	5	4	3	2	0	10	3	1	4	0	0	0	0	0	0	0	4	0	11	5	0	0	1	0	1	0	0	0	10	2	32	6	5	0	3	0	7	3	4	0	1	0	5	3	0	4
1H31	160	32	112	112	52	152	32	80	28	80	56	48	104	44	124	80	84	140	16	60	0	0	0	0	0	0	0	40	0	160	88	28	0	8	0	24	0	0	0	160	24	332	180	60	0	76	8	184	60	28	0	24	0	64	28	12	4
1H32	40	8	28	28	13	38	8	20	7	20	14	12	26	11	31	20	21	35	4	15	0	0	0	0	0	0	0	10	0	40	22	7	0	2	0	6	0	0	0	40	6	83	45	15	0	19	2	46	15	7	0	6	0	16	7	3	4
1H33	40	8	28	28	13	38	8	20	7	20	14	12	26	11	31	20	21	35	4	15	0	0	0	0	0	0	0	10	0	40	22	7	0	2	0	6	0	0	0	40	6	83	45	15	0	19	2	46	15	7	0	6	0	16	7	3	4
1HRC	6	2	3	9	4	12	3	6	19	6	2	5	4	3	2	0	10	3	1	4	0	0	0	0	0	0	0	4	0	11	5	0	0	1	0	1	0	0	0	10	2	32	6	5	0	3	0	7	3	4	0	1	0	5	3	0	4
1I54	14	4	8	10	6	26	4	8	32	12	4	12	6	8	4	8	14	12	4	10	0	0	0	0	0	0	0	10	0	18	8	2	0	2	0	2	0	0	0	18	4	62	12	10	0	6	0	14	8	8	0	2	0	10	8	0	4
1I55	14	4	8	10	6	26	4	8	32	12	4	12	6	8	4	8	14	12	4	10	0	0	0	0	0	0	0	10	0	18	8	2	0	2	0	2	0	0	0	18	4	62	12	10	0	6	0	14	8	8	0	2	0	10	8	0	4
1I5T	6	2	3	9	4	12	3	6	19	6	2	5	4	3	2	0	10	3	1	4	0	0	0	0	0	0	0	4	0	11	5	0	0	1	0	1	0	0	0	10	2	32	6	5	0	3	0	7	3	4	0	1	0	5	3	0	4
1J3S	6	2	3	8	3	13	3	8	18	6	3	5	4	2	2	2	7	3	1	5	0	0	0	0	0	0	0	4	0	10	4	0	0	1	0	1	0	0	0	8	2	33	7	4	0	3	0	7	5	5	0	1	0	4	4	0	4
1KTD	36	14	48	82	54	54	20	28	32	66	6	40	44	20	46	40	50	72	18	24	0	0	0	0	0	0	0	28	4	90	42	26	0	4	0	2	6	2	0	80	8	134	70	28	0	46	0	64	38	22	0	30	2	32	16	16	4
1LC1	6	2	3	9	4	12	3	6	19	6	2	5	4	3	2	0	10	3	1	4	0	0	0	0	0	0	0	4	0	11	5	0	0	1	0	1	0	0	0	10	2	32	6	5	0	3	0	7	3	4	0	1	0	5	3	0	4
1LC2	6	2	3	9	4	12	3	6	19	6	2	5	4	3	2	0	10	3	1	4	0	0	0	0	0	0	0	4	0	11	5	0	0	1	0	1	0	0	0	10	2	32	6	5	0	3	0	7	3	4	0	1	0	5	3	0	4
1LFM	14	4	8	10	6	26	4	8	32	12	4	12	6	8	4	8	14	12	4	10	0	0	0	0	0	0	0	10	0	18	8	2	0	2	0	2	0	0	0	18	4	62	12	10	0	6	0	14	8	8	0	2	0	10	8	0	4
1M60	6	2	3	9	4	12	3	6	19	6	2	5	4	3	2	0	10	3	1	4	0	0	0	0	0	0	0	4	0	11	5	0	0	1	0	1	0	0	0	10	2	32	6	5	0	3	0	7	3	4	0	1	0	5	3	0	4
1OCD	6	2	3	9	4	12	3	6	19	6	2	5	4	3	2	0	10	3	1	4	0	0	0	0	0	0	0	4	0	11	5	0	0	1	0	1	0	0	0	10	2	32	6	5	0	3	0	7	3	4	0	1	0	5	3	0	4
1RWJ	10	6	5	2	6	9	5	0	12	2	5	3	3	0	1	5	4	2	0	2	0	0	0	0	0	0	0	1	1	6	2	0	0	2	0	4	0	0	0	4	5	26	5	8	0	1	0	8	0	0	0	2	0	4	2	0	4
1U75	40	4	51	49	40	62	15	28	65	56	14	45	36	21	22	30	40	31	15	32	0	0	0	0	0	0	0	58	0	55	33	20	0	1	0	3	0	0	0	68	4	140	56	41	0	15	0	65	27	20	0	23	0	47	11	6	4
1WEJ	33	13	24	25	17	44	10	20	45	35	6	24	29	24	11	57	56	32	11	25	0	0	0	0	0	0	0	16	3	46	20	10	0	4	0	6	1	2	0	48	6	155	51	24	0	18	1	51	13	10	0	10	1	27	8	7	4
2B4Z	6	2	3	9	4	14	3	6	18	6	2	5	4	3	2	1	8	3	1	4	0	0	0	0	0	0	0	4	0	11	5	0	0	1	0	1	0	0	0	10	2	32	6	5	0	3	0	7	3	4	0	1	0	5	3	0	4
2CZS	8	8	10	8	10	12	22	2	18	10	4	4	14	4	8	2	4	10	0	2	0	0	0	0	0	0	0	0	0	14	10	2	0	4	0	2	0	2	0	18	4	48	12	6	0	4	4	14	2	0	0	0	0	8	2	2	4
2D0S	10	2	5	5	0	6	2	3	13	5	2	0	7	1	1	1	2	10	2	2	0	0	0	0	0	0	0	1	0	6	3	0	0	0	0	2	0	0	0	6	1	20	12	3	0	4	1	10	4	1	0	0	0	3	1	0	4
2FRC	6	2	3	9	4	12	3	6	19	6	2	5	4	3	2	0	10	3	1	4	0	0	0	0	0	0	0	4	0	11	5	0	0	1	0	1	0	0	0	10	2	32	6	5	0	3	0	7	3	4	0	1	0	5	3	0	4
2GIW	6	2	3	9	4	12	3	6	19	6	2	5	4	3	2	0	10	3	1	4	0	0	0	0	0	0	0	4	0	11	5	0	0	1	0	1	0	0	0	10	2	32	6	5	0	3	0	7	3	4	0	1	0	5	3	0	4
2N3B	6	2	3	9	4	12	3	6	19	6	2	5	4	3	2	0	10	3	1	4	0	0	0	0	0	0	0	4	0	11	5	0	0	1	0	1	0	0	0	10	2	32	6	5	0	3	0	7	3	4	0	1	0	5	3	0	4
2N3Y	6	2	3	8	4	13	3	8	18	6	3	5	4	2	2	2	7	3	1	4	0	0	0	0	0	0	0	4	0	10	4	0	0	1	0	1	0	0	0	8	2	33	7	4	0	3	0	7	5	5	0	1	0	4	4	0	4
2N9I	6	2	3	8	3	13	3	8	18	6	3	5	4	2	2	2	7	3	1	5	0	0	0	0	0	0	0	4	0	10	4	0	0	1	0	1	0	0	0	8	2	33	7	4	0	3	0	7	5	5	0	1	0	4	4	0	4
2N9J	6	2	3	8	3	13	3	8	18	6	3	5	4	2	2	2	7	3	1	5	0	0	0	0	0	0	0	4	0	10	4	0	0	1	0	1	0	0	0	8	2	33	7	4	0	3	0	7	5	5	0	1	0	4	4	0	4
2OZ1	160	32	112	112	52	152	32	80	28	80	56	48	104	44	124	80	84	140	16	60	0	0	0	0	0	0	0	40	0	160	88	28	0	8	0	24	0	0	0	160	24	332	180	60	0	76	8	184	60	28	0	24	0	64	28	12	4
2PCB	40	4	51	49	40	62	15	28	65	56	14	45	36	21	22	30	40	31	15	32	0	0	0	0	0	0	0	58	0	55	33	20	0	1	0	3	0	0	0	68	4	140	56	41	0	15	0	65	27	20	0	23	0	47	11	6	4
2YBB	776	128	378	578	387	639	267	403	430	926	232	268	513	233	491	520	455	605	154	343	0	0	0	0	0	0	0	294	20	644	341	158	0	20	1	48	48	11	0	618	72	1953	1048	378	0	384	28	975	534	224	0	137	7	443	189	107	4
2YK3	42	3	12	18	9	45	6	6	30	24	12	15	30	9	15	12	15	21	3	15	0	0	0	0	0	0	0	9	0	33	12	0	0	3	0	0	0	0	0	30	3	117	27	18	0	12	0	27	12	9	0	0	0	15	12	0	4
3A9F	20	4	18	6	12	12	4	8	22	14	4	6	10	4	6	8	10	12	2	2	0	0	0	0	0	0	0	4	2	14	10	4	0	0	0	4	0	0	0	14	2	50	18	6	0	12	0	16	6	4	0	4	0	8	4	0	4
3CP5	14	2	5	11	2	8	2	6	3	11	7	5	6	12	8	3	7	8	0	4	0	0	0	0	0	0	0	10	0	15	7	1	0	0	0	1	0	1	0	11	2	21	15	1	0	9	0	12	8	3	0	2	0	2	2	0	4
3CYT	14	4	8	10	6	26	4	8	32	12	4	12	6	8	4	8	14	12	4	10	0	0	0	0	0	0	0	10	0	18	8	2	0	2	0	2	0	0	0	18	4	62	12	10	0	6	0	14	8	8	0	2	0	10	8	0	4
3H33	3	6	5	4	2	13	7	5	9	1	2	0	4	1	4	1	3	4	0	1	0	0	0	0	0	0	0	2	0	5	2	1	0	2	0	4	0	0	0	5	6	24	7	2	0	1	0	8	2	0	0	0	0	2	1	0	4
3H34	4	6	2	4	4	7	6	2	9	2	0	2	3	0	5	3	6	4	0	1	0	0	0	0	0	0	0	0	0	8	0	0	0	1	0	4	1	0	0	2	6	26	4	4	0	2	0	3	2	1	0	3	0	1	1	0	4
3H4N	12	12	6	12	2	22	14	2	28	2	4	4	2	0	0	0	10	10	2	0	0	0	0	0	0	0	0	0	0	18	2	2	0	4	0	8	0	0	0	12	12	50	10	2	0	4	0	8	6	0	0	2	0	2	0	0	4
3J2T	497	301	623	609	378	546	462	504	749	1015	196	399	238	427	343	721	497	630	189	245	0	0	0	0	0	0	0	455	42	889	476	196	0	77	35	98	70	21	0	861	147	1813	952	266	0	469	49	938	623	266	0	189	28	308	224	63	4
3JBT	497	301	623	616	378	532	427	504	756	1022	203	399	238	427	343	714	511	630	189	245	0	0	0	0	0	0	0	455	42	889	483	196	0	77	35	98	70	21	0	861	147	1785	959	266	0	476	49	931	623	266	0	189	28	308	224	63	4
3NBS	24	8	12	36	16	48	12	24	76	24	8	20	16	12	8	0	40	12	4	16	0	0	0	0	0	0	0	16	0	44	20	0	0	4	0	4	0	0	0	40	8	128	24	20	0	12	0	28	12	16	0	4	0	20	12	0	4
3NBT	36	12	18	54	24	72	18	36	114	36	12	30	24	18	12	0	60	18	6	24	0	0	0	0	0	0	0	24	0	66	30	0	0	6	0	6	0	0	0	60	12	192	36	30	0	18	0	42	18	24	0	6	0	30	18	0	4
3NWV	24	8	12	32	12	48	12	32	72	24	12	20	16	8	8	12	28	12	4	20	0	0	0	0	0	0	0	16	0	40	16	0	0	4	0	4	0	0	0	32	8	132	28	16	0	12	0	28	20	20	0	4	0	16	16	0	4
3O1Y	18	6	9	27	12	36	9	18	57	18	6	15	12	9	6	0	30	9	3	12	0	0	0	0	0	0	0	12	0	33	15	0	0	3	0	3	0	0	0	30	6	96	18	15	0	9	0	21	9	12	0	3	0	15	9	0	4
3O20	18	6	9	27	12	36	9	18	57	18	6	15	12	9	6	0	30	9	3	12	0	0	0	0	0	0	0	12	0	33	15	0	0	3	0	3	0	0	0	30	6	96	18	15	0	9	0	21	9	12	0	3	0	15	9	0	4
3OUE	18	12	12	4	10	13	10	1	22	5	9	5	5	0	2	10	8	7	0	5	0	0	0	0	0	0	0	2	1	14	3	1	0	4	0	7	1	0	0	9	10	43	13	13	0	4	1	16	0	0	0	2	0	8	4	1	4
3OUQ	14	12	6	7	6	14	10	5	18	6	9	9	5	2	9	9	7	10	0	3	0	0	0	0	0	0	0	4	0	14	4	2	0	3	0	8	1	0	0	9	11	40	18	7	0	8	1	18	3	0	0	0	0	6	3	0	4
3OV0	32	24	18	11	16	27	20	6	40	11	17	14	10	2	11	19	15	17	0	8	0	0	0	0	0	0	0	6	1	28	7	3	0	7	0	15	2	0	0	18	21	83	31	20	0	12	2	34	3	0	0	2	0	14	7	1	4
3QIB	52	19	51	69	52	53	18	29	45	70	11	49	45	44	45	72	55	63	18	25	0	0	0	0	0	0	0	43	4	104	40	22	0	3	0	7	7	2	0	96	10	168	75	34	0	44	4	69	35	18	0	26	1	33	16	19	4
3QIU	49	19	50	66	52	38	19	28	42	65	10	47	43	40	44	70	49	63	17	25	0	0	0	0	0	0	0	38	4	99	40	21	0	3	0	7	7	2	0	93	10	146	68	35	0	42	4	67	33	18	0	25	1	32	18	18	4
3QIW	49	19	50	70	52	38	19	29	44	67	10	48	44	40	44	70	51	63	17	25	0	0	0	0	0	0	0	41	4	101	41	21	0	3	0	7	7	2	0	95	10	148	69	35	0	42	4	68	34	18	0	25	1	32	18	18	4
3VRC	64	4	14	16	6	24	2	6	18	16	6	18	6	10	10	6	10	16	2	8	0	0	0	0	0	0	0	10	0	36	6	6	0	0	0	4	0	0	0	20	4	74	32	8	0	24	0	16	2	2	0	2	0	10	4	0	4
3WC8	6	2	3	9	4	12	3	6	19	6	2	5	4	3	2	0	10	3	1	4	0	0	0	0	0	0	0	4	0	11	5	0	0	1	0	1	0	0	0	10	2	32	6	5	0	3	0	7	3	4	0	1	0	5	3	0	4
3WUI	6	2	3	9	4	12	3	6	19	6	2	5	4	3	2	0	10	3	1	4	0	0	0	0	0	0	0	4	0	11	5	0	0	1	0	1	0	0	0	10	2	32	6	5	0	3	0	7	3	4	0	1	0	5	3	0	4
3ZCF	24	8	12	32	12	52	12	32	72	24	12	20	16	8	8	8	28	12	4	20	0	0	0	0	0	0	0	16	0	40	16	0	0	4	0	4	0	0	0	32	8	132	28	16	0	12	0	28	20	20	0	4	0	16	16	0	4
3ZOO	24	8	12	32	16	52	12	32	72	24	12	20	16	8	8	8	28	12	4	16	0	0	0	0	0	0	0	16	0	40	16	0	0	4	0	4	0	0	0	32	8	132	28	16	0	12	0	28	20	20	0	4	0	16	16	0	4
4NFG	24	2	28	29	22	36	7	15	42	31	8	27	19	12	13	15	25	17	8	18	0	0	0	0	0	0	0	31	0	35	20	10	0	1	0	1	0	0	0	41	2	85	29	23	0	9	0	35	14	12	0	13	0	25	7	3	4
4RSZ	36	12	18	54	24	72	18	36	114	36	12	30	24	18	12	0	60	18	6	24	0	0	0	0	0	0	0	24	0	66	30	0	0	6	0	6	0	0	0	60	12	192	36	30	0	18	0	42	18	24	0	6	0	30	18	0	4
5CYT	7	2	4	5	3	13	2	4	16	6	2	6	3	4	2	4	7	6	2	5	0	0	0	0	0	0	0	5	0	9	4	1	0	1	0	1	0	0	0	9	2	31	6	5	0	3	0	7	4	4	0	1	0	5	4	0	4
5DFS	10	4	6	18	8	26	6	16	34	12	8	10	6	4	6	4	16	6	2	8	0	0	0	0	0	0	0	8	0	22	8	0	0	2	0	2	0	0	0	18	4	62	16	8	0	6	0	14	10	10	0	2	0	8	8	0	4
5EXQ	12	4	6	16	6	26	8	16	36	12	6	10	8	4	4	4	14	6	2	8	0	0	0	0	0	0	0	8	0	20	8	0	0	2	0	2	0	0	0	16	4	70	14	6	0	6	0	14	10	10	0	2	0	6	8	0	4
5IY5	270	40	138	180	236	276	136	212	200	390	154	130	204	82	128	228	262	232	116	152	0	0	0	0	0	0	0	106	6	218	124	76	0	6	0	16	14	4	0	226	20	784	432	222	0	130	8	430	290	124	0	60	6	236	122	78	4
5JUY	525	309	659	637	390	562	361	524	749	1079	208	403	246	459	403	745	509	638	193	245	0	0	0	0	0	0	0	483	42	921	512	200	0	77	35	106	70	21	0	894	151	1798	980	270	0	501	53	959	651	274	0	189	28	312	236	63	4
5O10	12	4	6	16	6	26	8	16	36	12	6	10	8	4	4	4	14	6	2	8	0	0	0	0	0	0	0	8	0	20	8	0	0	2	0	2	0	0	0	16	4	70	14	6	0	6	0	14	10	10	0	2	0	6	8	0	4
5TY3	14	4	6	16	6	26	6	16	34	12	6	10	8	4	4	4	14	6	2	10	0	0	0	0	0	0	0	8	0	20	8	0	0	2	0	2	0	0	0	16	4	66	14	8	0	6	0	14	10	10	0	2	0	8	8	0	4
5WVE	580	317	722	686	405	576	386	571	820	1166	248	428	260	491	442	809	544	669	194	269	0	0	0	0	0	0	0	532	42	1001	545	207	0	83	35	108	70	21	0	983	152	1928	1077	277	0	526	60	1026	723	294	0	189	28	343	239	69	4
6CUK	12	2	6	11	2	7	8	6	3	11	5	5	6	12	8	2	6	7	0	4	0	0	0	0	0	0	0	11	0	14	8	1	0	0	0	1	0	1	0	13	2	22	13	1	0	7	0	13	6	3	0	2	0	2	2	0	4
6CUN	12	2	6	11	2	7	8	6	3	11	5	5	6	12	8	2	6	7	0	4	0	0	0	0	0	0	0	11	0	14	8	1	0	0	0	1	0	1	0	13	2	22	13	1	0	7	0	13	6	3	0	2	0	2	2	0	4
6FF5	6	2	3	9	4	14	3	6	18	6	2	5	4	3	2	1	8	3	1	4	0	0	0	0	0	0	0	4	0	11	5	0	0	1	0	1	0	0	0	10	2	32	6	5	0	3	0	7	3	4	0	1	0	5	3	0	4
1A2S	16	2	8	6	3	12	2	6	4	5	1	6	2	4	1	0	1	5	2	3	0	0	0	0	0	0	0	7	0	5	6	5	0	1	0	1	0	0	0	10	2	20	6	0	0	5	0	8	2	2	0	1	0	4	3	0	5
1C6O	32	4	14	10	6	18	4	6	8	12	4	10	4	10	2	8	8	8	4	6	0	0	0	0	0	0	0	14	0	12	10	8	0	2	0	2	0	0	0	18	4	42	16	2	0	8	0	16	2	4	0	2	0	12	2	0	5
1C6R	16	2	7	5	3	9	2	3	4	6	2	5	2	5	1	4	4	4	2	3	0	0	0	0	0	0	0	7	0	6	5	4	0	1	0	1	0	0	0	9	2	21	8	1	0	4	0	8	1	2	0	1	0	6	1	0	5
1C6S	16	2	5	4	3	10	2	3	6	5	4	5	1	6	1	2	2	6	1	3	0	0	0	0	0	0	0	6	0	9	4	1	0	1	0	1	0	0	0	7	2	18	7	5	0	5	0	8	4	1	0	1	0	3	3	0	5
1CED	16	2	8	6	3	12	2	6	4	5	1	6	2	4	1	0	1	5	2	3	0	0	0	0	0	0	0	7	0	5	6	5	0	1	0	1	0	0	0	10	2	20	6	0	0	5	0	8	2	2	0	1	0	4	3	0	5
1CTJ	16	2	8	6	3	12	2	6	4	5	1	6	2	4	1	0	1	5	2	3	0	0	0	0	0	0	0	7	0	5	6	5	0	1	0	1	0	0	0	10	2	20	6	0	0	5	0	8	2	2	0	1	0	4	3	0	5
1CYI	15	2	5	8	3	8	1	3	6	6	3	4	2	5	2	3	2	6	2	4	0	0	0	0	0	0	0	4	0	10	6	2	0	1	0	1	0	0	0	11	2	14	7	4	0	4	0	10	2	2	0	2	0	4	3	0	5
1CYJ	15	2	5	8	3	8	1	3	6	6	3	4	2	5	2	3	2	6	2	4	0	0	0	0	0	0	0	4	0	10	6	2	0	1	0	1	0	0	0	11	2	14	7	4	0	4	0	10	2	2	0	2	0	4	3	0	5
1F1F	16	2	7	2	3	9	1	2	6	5	2	6	2	3	2	5	2	10	1	3	0	0	0	0	0	0	0	4	0	8	3	3	0	1	0	1	0	0	0	7	2	20	12	1	0	6	0	8	3	2	0	0	0	6	1	0	5
1GDV	12	2	8	5	2	7	1	4	6	5	3	9	2	3	1	4	3	5	1	2	0	0	0	0	0	0	0	6	0	11	7	1	0	1	0	1	0	0	0	13	2	13	5	2	0	4	0	8	4	1	0	1	0	3	1	0	5
1KIB	128	16	56	16	24	72	8	16	56	32	16	48	16	24	16	40	16	80	8	24	0	0	0	0	0	0	0	32	0	72	16	24	0	8	0	8	0	0	0	56	16	168	96	8	0	48	0	56	24	16	0	0	0	48	8	0	5
1LS9	13	2	9	6	1	8	1	3	9	9	1	7	1	2	1	3	2	7	2	4	0	0	0	0	0	0	0	6	0	8	8	2	0	1	0	1	0	0	0	13	2	13	8	2	0	3	0	12	2	2	0	1	0	4	2	0	5
2V08	34	4	10	8	6	16	2	8	16	12	4	10	2	6	2	4	12	12	2	2	0	0	0	0	0	0	0	6	0	16	10	0	0	2	0	2	0	0	0	18	4	42	18	6	0	8	0	20	6	2	0	0	0	8	2	0	5
2ZB0	25	4	27	23	13	15	12	22	19	43	11	14	17	15	19	20	19	22	5	15	0	0	0	0	0	0	0	22	2	27	18	10	0	1	0	2	1	0	0	22	1	65	46	12	0	26	1	36	26	8	0	8	0	15	7	3	5
3DMI	15	2	3	9	2	12	1	5	4	5	2	5	2	4	2	4	3	5	1	2	0	0	0	0	0	0	0	5	0	12	2	2	0	1	0	1	0	0	0	7	2	22	10	1	0	6	0	5	4	2	0	1	0	3	1	0	5
3DR0	72	6	18	9	6	27	3	6	18	15	6	21	6	12	3	9	12	15	3	12	0	0	0	0	0	0	0	15	0	39	3	3	0	3	0	3	0	0	0	30	6	69	33	9	0	12	0	21	3	6	0	0	0	18	3	0	5
3PH2	17	2	5	4	3	8	1	4	8	6	2	5	1	2	1	2	6	7	1	1	0	0	0	0	0	0	0	3	0	7	5	0	0	1	0	1	0	0	0	9	2	21	9	3	0	3	0	11	4	1	0	0	0	4	1	0	5
4EIC	24	2	6	3	2	9	1	2	6	5	2	7	2	4	1	3	4	5	1	4	0	0	0	0	0	0	0	5	0	13	1	1	0	1	0	1	0	0	0	10	2	23	11	3	0	4	0	7	1	2	0	0	0	6	1	0	5
4EID	24	2	6	3	2	9	1	2	6	5	2	7	2	3	1	3	4	6	1	4	0	0	0	0	0	0	0	5	0	13	1	0	0	1	0	1	0	0	0	10	2	23	11	3	0	3	0	7	2	3	0	0	0	6	1	0	5
4GYD	96	12	30	24	12	42	6	24	66	30	12	30	12	24	6	24	12	30	6	18	0	0	0	0	0	0	0	12	0	72	24	0	0	6	0	6	0	0	0	54	12	120	42	30	0	30	0	42	18	6	0	6	0	18	12	0	5
4H0J	96	18	30	24	12	42	6	24	66	30	6	30	12	24	6	24	12	30	6	18	0	0	0	0	0	0	0	12	0	72	24	0	0	6	0	12	0	0	0	54	18	120	36	30	0	30	0	36	18	6	0	6	0	18	12	0	5
4H0K	32	4	10	8	4	14	4	8	22	10	2	10	4	8	2	8	4	10	2	6	0	0	0	0	0	0	0	4	0	24	8	0	0	2	0	2	0	0	0	18	4	44	12	10	0	10	0	12	6	2	0	2	0	6	4	0	5
1AWD	10	5	8	9	2	7	1	3	4	8	1	0	4	4	1	8	8	6	0	5	0	0	0	0	0	0	0	7	0	8	6	0	0	1	0	4	0	0	0	9	4	19	8	3	0	4	1	7	3	3	0	0	0	5	1	0	6
1BLU	3	9	6	14	0	5	2	7	2	3	1	2	5	2	2	4	6	6	0	3	0	0	0	0	0	0	0	5	2	11	4	2	0	6	0	0	3	0	0	10	3	9	6	0	0	3	4	5	4	1	0	0	0	3	0	0	6
1CLF	8	8	5	2	1	4	0	5	1	0	0	3	3	2	0	5	1	6	0	1	0	0	0	0	0	0	0	1	0	7	4	0	0	3	0	4	1	0	0	6	6	4	4	1	0	1	2	6	1	1	0	0	0	1	1	0	6
1DUR	7	9	5	3	0	4	0	6	1	0	0	3	5	1	0	5	0	4	0	2	0	0	0	0	0	0	0	3	0	4	5	0	0	3	0	5	1	0	0	5	6	7	2	1	0	0	3	5	1	1	0	0	0	1	1	0	6
1E0Z	14	4	17	16	2	9	1	7	5	9	4	4	3	5	3	4	4	8	2	7	0	0	0	0	0	0	0	12	0	12	13	5	0	1	0	3	0	0	0	13	3	16	7	3	0	10	1	9	5	3	0	6	0	3	2	0	6
1H98	4	9	5	10	1	5	2	7	4	2	0	2	8	3	1	2	0	8	1	4	0	0	0	0	0	0	0	6	1	6	6	1	0	3	0	4	2	0	0	6	3	8	6	2	0	2	5	7	1	2	0	2	0	1	2	1	6
1IQZ	8	4	15	6	3	6	0	8	4	2	2	2	6	1	0	1	4	5	0	4	0	0	0	0	0	0	0	7	0	7	5	5	0	0	0	4	0	0	0	11	3	7	6	1	0	4	1	6	5	1	0	1	0	5	1	0	6
1IR0	8	4	15	6	3	6	0	8	4	2	2	2	6	1	0	1	4	5	0	4	0	0	0	0	0	0	0	7	0	7	5	5	0	0	0	4	0	0	0	11	3	7	6	1	0	4	1	6	5	1	0	1	0	5	1	0	6
1L5P	36	15	24	24	12	27	3	9	27	24	3	9	3	12	3	9	21	18	0	0	0	0	0	0	0	0	0	33	3	24	3	6	0	0	0	12	3	0	0	27	9	54	33	3	0	6	3	36	6	3	0	3	0	3	6	0	6
1PFD	6	5	12	10	2	6	2	6	4	4	1	1	3	4	1	9	5	10	0	5	0	0	0	0	0	0	0	12	1	6	7	1	0	0	0	5	0	0	0	7	4	16	5	3	0	7	0	4	7	3	0	1	0	5	1	0	6
1RFK	20	10	20	20	2	12	2	14	8	16	0	4	6	8	2	12	16	12	0	12	0	0	0	0	0	0	0	22	0	12	18	0	0	2	0	8	0	0	0	18	6	34	12	6	0	8	4	14	10	6	0	2	0	10	2	0	6
1RGV	6	9	10	9	1	3	1	5	2	4	0	3	8	2	4	1	4	4	0	4	0	0	0	0	0	0	0	8	1	9	4	2	0	5	0	3	1	0	0	9	5	9	4	1	0	1	3	5	2	2	0	1	0	2	2	0	6
1ROF	7	6	8	4	1	5	0	2	4	4	1	1	4	2	1	2	2	6	0	0	0	0	0	0	0	0	0	3	1	7	3	1	0	0	0	4	2	0	0	7	4	8	6	0	0	4	1	6	1	0	0	0	0	0	1	0	6
1SIZ	18	10	12	20	2	4	0	10	8	4	4	4	6	4	0	6	4	12	2	2	0	0	0	0	0	0	0	16	0	8	12	4	0	2	0	4	4	0	0	14	8	12	8	2	0	8	2	18	2	0	0	0	0	2	4	0	6
1SJ1	18	10	12	20	2	4	0	10	8	4	4	4	6	4	0	6	4	12	2	2	0	0	0	0	0	0	0	16	0	8	12	4	0	2	0	4	4	0	0	14	8	12	8	2	0	8	2	18	2	0	0	0	0	2	4	0	6
1VJW	7	6	8	4	1	5	0	2	4	4	1	1	4	2	1	2	2	6	0	0	0	0	0	0	0	0	0	3	1	7	3	1	0	0	0	4	2	0	0	7	4	8	6	0	0	4	1	6	1	0	0	0	0	0	1	0	6
1WTF	32	16	60	24	12	24	0	32	16	8	8	8	24	4	0	4	16	20	0	16	0	0	0	0	0	0	0	28	0	28	20	20	0	0	0	16	0	0	0	44	12	28	24	4	0	16	4	24	20	4	0	4	0	20	4	0	6
2V2K	22	16	24	20	4	14	2	12	8	6	2	4	20	10	2	8	4	18	2	12	0	0	0	0	0	0	0	14	2	28	10	4	0	8	0	6	2	0	0	22	6	28	16	6	0	8	8	14	4	4	0	4	0	4	6	4	6
2Z8Q	18	12	10	20	2	4	0	10	8	4	4	4	6	4	0	6	4	12	2	2	0	0	0	0	0	0	0	16	0	6	12	4	0	2	0	6	4	0	0	12	10	12	8	2	0	8	2	18	2	0	0	0	0	2	4	0	6
3AB5	16	12	18	12	4	14	2	14	10	14	2	2	4	20	2	14	10	14	0	10	0	0	0	0	0	0	0	22	0	12	18	0	0	4	0	8	0	0	0	16	8	30	12	6	0	8	4	14	10	6	0	2	0	8	4	0	6
3EUN	4	8	6	14	0	5	2	7	2	3	1	2	5	2	2	4	6	6	0	3	0	0	0	0	0	0	0	5	2	11	4	2	0	5	0	0	3	0	0	11	3	9	6	0	0	3	3	6	4	1	0	0	0	3	0	0	6
3EXY	3	9	6	14	0	6	2	7	2	3	1	2	5	2	2	4	6	5	0	3	0	0	0	0	0	0	0	5	2	11	4	2	0	6	0	1	2	0	0	11	3	9	6	0	0	2	4	5	4	1	0	0	0	3	0	0	6
3HUI	10	5	6	13	2	12	9	5	3	5	5	4	6	2	8	9	7	12	1	2	0	0	0	0	0	0	0	5	1	8	10	1	0	1	0	4	0	0	0	12	4	35	11	2	0	5	0	14	5	2	0	2	0	2	1	0	6
3LXF	55	30	50	45	5	35	15	30	5	75	5	10	25	10	30	35	40	20	0	0	0	0	0	0	0	0	0	30	5	40	40	0	0	0	5	20	5	0	0	50	20	110	50	5	0	30	0	65	35	0	0	0	0	5	0	0	6
3P63	18	10	20	16	2	12	2	14	8	14	0	4	8	8	2	12	18	12	0	12	0	0	0	0	0	0	0	20	0	12	16	0	0	2	0	8	0	0	0	16	6	38	12	6	0	8	4	12	10	6	0	2	0	10	2	0	6
3PNI	18	12	10	20	2	4	0	10	8	4	4	4	6	4	0	6	4	12	2	2	0	0	0	0	0	0	0	16	0	6	12	4	0	2	0	6	4	0	0	12	10	12	8	2	0	8	2	18	2	0	0	0	0	2	4	0	6
3WCQ	8	6	8	6	2	7	1	7	5	7	1	2	2	10	1	7	5	7	0	5	0	0	0	0	0	0	0	11	0	6	9	0	0	2	0	4	0	0	0	8	4	15	6	3	0	4	2	7	5	3	0	1	0	4	2	0	6
4DHV	18	12	10	20	2	4	0	10	8	4	4	4	6	4	0	6	4	12	2	2	0	0	0	0	0	0	0	16	0	6	12	4	0	2	0	6	4	0	0	12	10	12	8	2	0	8	2	18	2	0	0	0	0	2	4	0	6
4FXC	10	6	12	8	1	7	1	8	2	7	0	2	2	4	1	6	12	3	0	6	0	0	0	0	0	0	0	12	1	5	8	0	0	2	0	4	0	0	0	10	4	17	6	3	0	2	1	9	3	3	0	0	0	6	1	0	6
4ITK	5	5	10	8	4	9	0	4	8	10	3	2	4	6	1	8	8	6	0	4	0	0	0	0	0	0	0	10	0	8	7	1	0	0	1	4	0	0	0	9	3	19	8	4	0	6	1	7	6	2	0	0	0	5	2	1	6
4LTU	24	8	24	10	4	14	6	18	4	22	4	8	14	4	10	14	8	14	2	2	0	0	0	0	0	0	0	8	2	22	14	0	0	2	0	4	2	0	0	26	6	34	26	2	0	10	0	30	10	6	0	0	0	2	6	0	6
4ZHP	9	6	11	11	3	7	8	4	6	7	1	0	5	3	1	6	7	7	0	4	0	0	0	0	0	0	0	11	1	6	6	1	0	1	0	5	0	0	0	8	4	25	9	3	0	4	1	7	3	3	0	1	0	5	1	0	6
5BOK	9	4	8	10	2	9	2	9	5	7	4	4	4	2	5	2	7	7	1	3	0	0	0	0	0	0	0	5	0	11	6	2	0	1	0	1	2	0	0	6	4	18	13	2	0	10	0	10	4	2	0	1	0	3	2	0	6
1JWN	72	4	48	12	28	40	8	28	60	52	12	40	12	24	16	28	24	52	8	16	0	0	0	0	0	0	0	32	0	60	24	8	0	0	0	0	4	0	0	56	0	96	68	36	0	24	4	80	32	4	0	12	0	24	12	4	7
1JZK	72	4	48	12	28	40	8	28	60	52	12	40	12	24	16	28	24	52	8	16	0	0	0	0	0	0	0	32	0	60	24	8	0	0	0	0	4	0	0	56	0	96	68	36	0	24	4	80	32	4	0	12	0	24	12	4	7
1JZL	36	2	24	6	12	20	4	14	30	26	8	20	6	12	8	14	12	26	4	8	0	0	0	0	0	0	0	16	0	30	14	2	0	0	0	0	2	0	0	28	0	48	34	18	0	12	2	42	16	2	0	6	0	10	6	2	7
1JZM	36	2	24	6	12	20	4	14	30	26	8	20	6	12	8	14	12	26	4	8	0	0	0	0	0	0	0	16	0	30	14	2	0	0	0	0	2	0	0	28	0	48	34	18	0	12	2	42	16	2	0	6	0	10	6	2	7
1NWI	72	4	48	12	24	40	8	32	60	52	12	40	12	24	16	28	24	52	8	16	0	0	0	0	0	0	0	32	0	60	28	4	0	0	0	0	4	0	0	56	0	96	68	36	0	24	4	84	32	4	0	12	0	20	12	4	7
1NWN	36	2	24	6	12	20	4	16	30	26	6	20	6	12	8	14	12	26	4	8	0	0	0	0	0	0	0	16	0	30	14	2	0	0	0	0	2	0	0	28	0	48	34	18	0	12	2	42	16	2	0	6	0	10	6	2	7
1NXF	36	2	26	6	12	20	4	16	30	26	6	18	6	12	8	14	12	26	4	8	0	0	0	0	0	0	0	16	0	30	14	2	0	0	0	0	2	0	0	28	0	48	34	18	0	12	2	42	16	2	0	6	0	10	6	2	7
2AUO	36	2	26	6	10	20	4	16	30	26	6	18	6	12	8	14	12	26	4	10	0	0	0	0	0	0	0	16	0	30	14	2	0	0	0	0	2	0	0	28	0	48	34	18	0	12	2	42	16	2	0	6	0	10	6	2	7
2AUP	36	2	26	6	10	20	4	16	30	26	6	18	6	12	8	14	12	26	4	10	0	0	0	0	0	0	0	16	0	30	14	2	0	0	0	0	2	0	0	28	0	48	34	18	0	12	2	42	16	2	0	6	0	10	6	2	7
2AUQ	36	2	26	6	10	20	4	16	30	26	6	18	6	12	8	14	12	28	4	8	0	0	0	0	0	0	0	16	0	30	14	2	0	0	0	0	2	0	0	28	0	48	36	16	0	12	2	44	16	2	0	6	0	8	6	2	7
2AUR	36	2	26	6	10	20	4	16	30	26	6	18	6	12	8	14	12	28	4	8	0	0	0	0	0	0	0	16	0	30	14	2	0	0	0	0	2	0	0	28	0	48	36	16	0	12	2	44	16	2	0	6	0	8	6	2	7
2AV0	36	2	26	6	10	20	4	16	30	28	6	18	6	12	8	14	12	26	4	8	0	0	0	0	0	0	0	16	0	30	14	2	0	0	0	0	2	0	0	28	0	48	36	16	0	12	2	44	16	2	0	6	0	8	6	2	7
2AV3	36	2	26	6	10	20	4	16	30	28	6	18	6	12	8	14	12	26	4	8	0	0	0	0	0	0	0	16	0	30	14	2	0	0	0	0	2	0	0	28	0	48	36	16	0	12	2	44	16	2	0	6	0	8	6	2	7
2GRF	36	2	26	6	12	20	4	16	30	26	4	18	6	12	8	14	12	28	4	8	0	0	0	0	0	0	0	16	0	30	14	2	0	0	0	0	2	0	0	28	0	48	34	18	0	12	2	42	16	2	0	6	0	10	6	2	7
2GRH	36	2	26	6	12	20	4	16	30	26	4	18	6	12	8	14	12	28	4	8	0	0	0	0	0	0	0	16	0	30	14	2	0	0	0	0	2	0	0	28	0	48	34	18	0	12	2	42	16	2	0	6	0	10	6	2	7
2GRZ	36	2	26	6	12	20	4	16	30	26	4	18	6	12	8	14	12	28	4	8	0	0	0	0	0	0	0	16	0	30	14	2	0	0	0	0	2	0	0	28	0	48	34	18	0	12	2	42	16	2	0	6	0	10	6	2	7
2R4W	36	2	26	6	14	20	4	16	30	26	4	18	6	12	8	14	12	26	4	8	0	0	0	0	0	0	0	16	0	30	14	2	0	0	0	0	2	0	0	28	0	48	32	20	0	12	2	42	14	2	0	6	0	10	8	2	7
2R4X	36	2	26	6	12	20	2	14	30	26	8	18	6	12	8	14	12	28	4	8	0	0	0	0	0	0	0	16	0	30	14	2	0	0	0	0	2	0	0	28	0	44	36	18	0	12	2	44	16	2	0	6	0	10	6	2	7
2R4Y	36	2	26	6	12	20	2	14	30	26	8	18	6	12	8	14	12	28	4	8	0	0	0	0	0	0	0	16	0	30	14	2	0	0	0	0	2	0	0	28	0	44	36	18	0	12	2	44	16	2	0	6	0	10	6	2	7
2R4Z	36	2	26	6	12	20	4	14	30	26	6	18	6	12	8	14	12	26	6	8	0	0	0	0	0	0	0	16	0	30	14	2	0	0	0	0	2	0	0	28	0	48	32	20	0	12	2	42	14	2	0	6	0	10	8	2	7
2Z85	36	2	26	6	14	20	4	16	30	26	4	18	6	12	8	14	12	26	4	8	0	0	0	0	0	0	0	16	0	30	14	2	0	0	0	0	2	0	0	28	0	48	32	20	0	12	2	42	14	2	0	6	0	10	8	2	7
2Z8A	36	2	26	6	12	20	4	14	30	26	6	18	6	12	8	14	12	26	6	8	0	0	0	0	0	0	0	16	0	30	14	2	0	0	0	0	2	0	0	28	0	48	32	20	0	12	2	42	14	2	0	6	0	10	8	2	7
3G46	36	2	26	6	12	20	4	16	30	26	6	18	6	12	8	14	12	26	4	8	0	0	0	0	0	0	0	16	0	30	14	2	0	0	0	0	2	0	0	28	0	48	34	18	0	12	2	42	16	2	0	6	0	10	6	2	7
3G4Q	36	2	26	6	12	20	4	16	30	26	6	18	6	12	8	14	12	26	4	8	0	0	0	0	0	0	0	16	0	30	14	2	0	0	0	0	2	0	0	28	0	48	34	18	0	12	2	42	16	2	0	6	0	10	6	2	7
3G4R	36	2	26	6	12	20	4	16	30	26	6	18	6	12	8	14	12	26	4	8	0	0	0	0	0	0	0	16	0	30	14	2	0	0	0	0	2	0	0	28	0	48	34	18	0	12	2	42	16	2	0	6	0	10	6	2	7
3G4U	36	2	26	6	12	20	4	16	30	26	6	18	6	12	8	14	12	26	4	8	0	0	0	0	0	0	0	16	0	30	14	2	0	0	0	0	2	0	0	28	0	48	34	18	0	12	2	42	16	2	0	6	0	10	6	2	7
3G4V	36	2	26	6	12	20	4	16	30	26	6	18	6	12	8	14	12	26	4	8	0	0	0	0	0	0	0	16	0	30	14	2	0	0	0	0	2	0	0	28	0	48	34	18	0	12	2	42	16	2	0	6	0	10	6	2	7
3G4W	36	2	26	6	12	20	4	16	30	26	6	18	6	12	8	14	12	26	4	8	0	0	0	0	0	0	0	16	0	30	14	2	0	0	0	0	2	0	0	28	0	48	34	18	0	12	2	42	16	2	0	6	0	10	6	2	7
3G4Y	36	2	26	6	12	20	4	16	30	26	6	18	6	12	8	14	12	26	4	8	0	0	0	0	0	0	0	16	0	30	14	2	0	0	0	0	2	0	0	28	0	48	34	18	0	12	2	42	16	2	0	6	0	10	6	2	7
3G52	36	2	26	6	12	20	4	16	30	26	6	18	6	12	8	14	12	26	4	8	0	0	0	0	0	0	0	16	0	30	14	2	0	0	0	0	2	0	0	28	0	48	34	18	0	12	2	42	16	2	0	6	0	10	6	2	7
3G53	36	2	26	6	12	20	4	16	30	26	6	18	6	12	8	14	12	26	4	8	0	0	0	0	0	0	0	16	0	30	14	2	0	0	0	0	2	0	0	28	0	48	34	18	0	12	2	42	16	2	0	6	0	10	6	2	7
3UGY	36	2	26	6	10	20	4	16	30	26	6	18	6	12	8	14	12	26	4	10	0	0	0	0	0	0	0	16	0	30	14	2	0	0	0	0	2	0	0	28	0	48	34	18	0	12	2	42	16	2	0	6	0	10	6	2	7
3UGZ	38	2	26	6	12	20	4	16	30	24	6	18	6	12	8	14	12	26	4	8	0	0	0	0	0	0	0	16	0	30	14	2	0	0	0	0	2	0	0	28	0	50	34	18	0	12	2	42	14	2	0	6	0	10	6	2	7
3UH3	36	2	26	6	12	20	4	16	30	24	6	18	6	12	8	14	12	28	4	8	0	0	0	0	0	0	0	16	0	30	14	2	0	0	0	0	2	0	0	28	0	48	34	18	0	12	2	42	16	2	0	6	0	10	6	2	7
3UH5	36	2	26	6	14	20	4	16	30	24	6	18	6	12	8	14	12	26	4	8	0	0	0	0	0	0	0	16	0	30	14	2	0	0	0	0	2	0	0	28	0	48	34	18	0	12	2	40	14	4	0	6	0	12	6	2	7
3UH6	38	2	26	6	12	20	4	16	30	26	6	18	6	12	8	14	10	26	4	8	0	0	0	0	0	0	0	16	0	30	14	2	0	0	0	0	2	0	0	28	0	48	34	18	0	12	2	42	16	2	0	6	0	10	6	2	7
3UH7	36	2	26	6	12	22	4	16	30	26	6	18	6	12	8	14	10	26	4	8	0	0	0	0	0	0	0	16	0	30	14	2	0	0	0	0	2	0	0	28	0	48	34	18	0	12	2	42	16	2	0	6	0	10	6	2	7
3UHB	36	2	26	6	12	20	4	16	32	26	6	18	6	12	6	14	12	26	4	8	0	0	0	0	0	0	0	16	0	30	14	2	0	0	0	0	2	0	0	28	0	48	34	18	0	12	2	42	16	2	0	6	0	10	6	2	7
3UHC	38	2	26	6	12	20	4	16	30	26	6	16	6	12	8	14	12	26	4	8	0	0	0	0	0	0	0	14	0	30	14	2	0	0	0	0	2	0	0	30	0	48	34	18	0	12	2	42	16	2	0	4	0	12	6	2	7
3UHD	38	2	26	6	12	20	4	16	30	26	6	16	6	12	8	14	12	26	4	8	0	0	0	0	0	0	0	16	0	30	12	2	0	0	0	0	2	0	0	26	0	50	36	18	0	12	2	42	16	2	0	6	0	10	6	2	7
3UHE	36	2	26	6	12	20	4	18	30	24	4	18	6	12	8	14	12	28	4	8	0	0	0	0	0	0	0	16	0	30	14	2	0	0	0	0	2	0	0	28	0	48	34	18	0	12	2	42	16	2	0	6	0	10	6	2	7
3UHG	36	2	26	6	12	20	4	16	30	24	8	18	6	12	8	14	12	26	4	8	0	0	0	0	0	0	0	16	0	30	14	2	0	0	0	0	2	0	0	28	0	48	34	18	0	12	2	42	16	2	0	6	0	10	6	2	7
3UHH	38	2	26	6	12	20	4	16	30	26	4	18	6	12	8	14	12	26	4	8	0	0	0	0	0	0	0	16	0	30	14	2	0	0	0	0	2	0	0	28	0	50	34	18	0	12	2	42	14	2	0	6	0	10	6	2	7
3UHI	72	4	52	12	24	40	8	32	56	52	12	36	12	24	20	28	24	52	8	16	0	0	0	0	0	0	0	32	0	60	28	4	0	0	0	0	4	0	0	56	0	96	68	36	0	24	4	84	32	4	0	12	0	20	12	4	7
3UHK	72	4	52	12	24	40	8	32	56	52	12	36	12	24	20	28	24	52	8	16	0	0	0	0	0	0	0	32	0	60	28	4	0	0	0	0	4	0	0	56	0	96	68	36	0	24	4	84	32	4	0	12	0	20	12	4	7
3UHN	36	2	26	6	10	20	4	16	30	26	6	18	6	12	8	14	12	26	4	10	0	0	0	0	0	0	0	16	0	30	14	2	0	0	0	0	2	0	0	28	0	48	34	18	0	12	2	42	16	2	0	6	0	10	6	2	7
3UHQ	38	2	26	6	12	20	4	16	30	24	6	18	6	12	8	14	12	26	4	8	0	0	0	0	0	0	0	16	0	30	14	2	0	0	0	0	2	0	0	28	0	50	34	18	0	12	2	42	14	2	0	6	0	10	6	2	7
3UHR	36	2	26	6	14	20	4	16	30	24	6	18	6	12	8	14	12	26	4	8	0	0	0	0	0	0	0	16	0	30	14	2	0	0	0	0	2	0	0	28	0	48	34	18	0	12	2	40	14	4	0	6	0	12	6	2	7
3UHS	36	2	26	6	12	20	4	16	30	24	8	18	6	12	8	14	12	26	4	8	0	0	0	0	0	0	0	16	0	30	14	2	0	0	0	0	2	0	0	28	0	48	34	18	0	12	2	42	16	2	0	6	0	10	6	2	7
3UHT	36	2	26	6	12	20	4	16	30	24	6	18	6	12	8	14	12	28	4	8	0	0	0	0	0	0	0	16	0	30	14	2	0	0	0	0	2	0	0	28	0	48	34	18	0	12	2	42	16	2	0	6	0	10	6	2	7
3UHU	38	2	26	6	12	20	4	16	30	26	4	18	6	12	8	14	12	26	4	8	0	0	0	0	0	0	0	16	0	30	14	2	0	0	0	0	2	0	0	28	0	50	34	18	0	12	2	42	14	2	0	6	0	10	6	2	7
3UHV	36	2	26	6	12	20	4	18	30	24	4	18	6	12	8	14	12	28	4	8	0	0	0	0	0	0	0	16	0	30	14	2	0	0	0	0	2	0	0	28	0	48	34	18	0	12	2	42	16	2	0	6	0	10	6	2	7
3UHW	38	2	26	6	12	20	4	16	30	26	6	16	6	12	8	14	12	26	4	8	0	0	0	0	0	0	0	14	0	30	14	2	0	0	0	0	2	0	0	30	0	48	34	18	0	12	2	42	16	2	0	4	0	12	6	2	7
3UHX	38	2	26	6	12	20	4	16	30	26	6	16	6	12	8	14	12	26	4	8	0	0	0	0	0	0	0	16	0	30	12	2	0	0	0	0	2	0	0	26	0	50	36	18	0	12	2	42	16	2	0	6	0	10	6	2	7
3UHY	36	2	26	6	12	20	4	16	32	26	6	18	6	12	6	14	12	26	4	8	0	0	0	0	0	0	0	16	0	30	14	2	0	0	0	0	2	0	0	28	0	48	34	18	0	12	2	42	16	2	0	6	0	10	6	2	7
3UHZ	38	2	26	6	12	20	4	16	30	26	6	18	6	12	8	14	10	26	4	8	0	0	0	0	0	0	0	16	0	30	14	2	0	0	0	0	2	0	0	28	0	48	34	18	0	12	2	42	16	2	0	6	0	10	6	2	7
3UI0	36	2	26	6	12	22	4	16	30	26	6	18	6	12	8	14	10	26	4	8	0	0	0	0	0	0	0	16	0	30	14	2	0	0	0	0	2	0	0	28	0	48	34	18	0	12	2	42	16	2	0	6	0	10	6	2	7
1IZL	334	30	114	166	278	346	100	226	72	356	86	134	190	84	146	206	204	252	118	108	0	0	0	0	0	0	0	76	6	224	104	86	0	0	0	14	10	6	0	254	10	676	436	212	0	112	4	450	218	128	0	54	10	224	148	68	8
1S5L	476	36	182	282	400	506	108	344	156	578	130	206	282	162	230	318	334	400	146	170	0	0	0	0	0	0	0	136	6	366	202	122	0	0	0	18	12	6	0	416	12	1032	656	288	0	192	8	664	364	194	0	82	10	312	208	104	8
1W5C	366	36	124	196	306	398	102	242	94	384	102	150	214	106	170	234	234	262	130	122	0	0	0	0	0	0	0	92	6	264	116	98	0	0	0	16	14	6	0	296	10	792	476	236	0	122	10	486	224	136	0	64	10	248	156	80	8
2AXT	462	36	180	282	392	492	108	330	152	546	126	204	278	154	224	300	326	388	140	168	0	0	0	0	0	0	0	136	6	364	192	122	0	0	0	18	12	6	0	408	12	1006	624	284	0	190	8	634	346	186	0	80	10	302	208	100	8
3A0B	456	36	178	272	400	498	108	346	140	556	120	202	276	150	216	292	316	388	136	164	0	0	0	0	0	0	0	132	6	350	192	118	0	0	0	18	12	6	0	394	12	974	626	280	0	190	8	640	364	190	0	78	10	304	206	102	8
3A0H	456	36	178	272	400	498	108	346	140	556	120	202	276	150	216	292	316	388	136	164	0	0	0	0	0	0	0	132	6	350	192	118	0	0	0	18	12	6	0	394	12	974	626	280	0	190	8	640	364	190	0	78	10	304	206	102	8
3JCU	936	78	364	470	612	932	142	482	404	948	218	330	522	242	362	712	530	648	196	268	0	0	0	0	0	0	0	234	14	676	316	166	0	6	2	46	18	6	0	702	28	2160	1150	498	0	312	22	1156	500	258	0	140	12	478	300	146	8
3KZI	237	18	91	143	203	255	54	180	76	284	64	106	140	79	114	152	166	199	70	83	0	0	0	0	0	0	0	68	3	185	100	63	0	0	0	9	6	3	0	206	6	508	324	142	0	100	4	331	185	96	0	42	5	152	106	51	8
3WU2	466	36	182	282	400	502	106	348	148	562	120	206	278	158	224	298	326	394	140	166	0	0	0	0	0	0	0	136	6	358	196	122	0	0	0	18	12	6	0	408	12	998	630	284	0	198	8	648	366	190	0	80	10	304	210	102	8
4FBY	474	36	182	286	406	510	108	360	152	568	126	212	280	158	228	304	332	398	140	166	0	0	0	0	0	0	0	136	6	370	200	126	0	0	0	18	12	6	0	412	12	1016	648	284	0	200	8	662	368	192	0	84	10	304	212	102	8
4IL6	464	36	183	272	398	501	108	347	148	566	114	201	276	156	222	284	312	399	142	167	0	0	0	0	0	0	0	128	6	352	193	122	0	0	0	18	12	6	0	399	12	974	627	285	0	198	8	647	373	190	0	81	10	306	208	102	8
4IXQ	512	44	184	288	414	522	108	372	158	606	150	216	288	162	234	318	340	414	150	170	0	0	0	0	0	0	0	136	6	372	208	128	0	0	0	20	18	6	0	420	12	1058	696	294	0	200	16	698	390	200	0	88	10	314	218	104	8
4IXR	512	44	184	288	414	522	108	372	158	606	150	216	288	162	234	318	340	414	150	170	0	0	0	0	0	0	0	136	6	372	208	128	0	0	0	20	18	6	0	420	12	1058	696	294	0	200	16	698	390	200	0	88	10	314	218	104	8
4PBU	460	36	182	272	400	502	108	348	144	560	118	202	274	152	220	288	312	392	140	166	0	0	0	0	0	0	0	128	6	352	194	122	0	0	0	18	12	6	0	398	12	968	628	284	0	196	8	644	366	190	0	80	10	304	210	102	8
4PJ0	518	44	186	286	414	522	108	370	166	622	150	216	288	168	238	312	340	426	154	172	0	0	0	0	0	0	0	136	6	374	212	128	0	0	0	20	18	6	0	420	12	1058	702	300	0	204	16	702	406	200	0	90	10	318	218	104	8
4RVY	460	36	182	272	400	502	108	348	144	562	120	202	274	152	220	292	314	394	140	166	0	0	0	0	0	0	0	128	6	354	194	122	0	0	0	18	12	6	0	398	12	970	632	284	0	196	8	646	368	190	0	80	10	304	210	102	8
4TNH	504	44	184	286	414	520	108	368	158	606	148	214	284	162	234	312	340	412	150	170	0	0	0	0	0	0	0	136	6	370	206	128	0	0	0	20	18	6	0	416	12	1046	692	294	0	200	16	692	388	200	0	88	10	314	218	104	8
4TNI	504	44	184	286	414	520	108	368	158	606	148	214	284	162	234	312	340	412	150	170	0	0	0	0	0	0	0	136	6	370	206	128	0	0	0	20	18	6	0	416	12	1046	692	294	0	200	16	692	388	200	0	88	10	314	218	104	8
4TNJ	504	44	184	286	414	520	108	368	158	606	148	214	284	162	234	312	340	412	150	170	0	0	0	0	0	0	0	136	6	370	206	128	0	0	0	20	18	6	0	416	12	1046	692	294	0	200	16	692	388	200	0	88	10	314	218	104	8
4TNK	504	44	184	286	414	520	108	368	158	606	148	214	284	162	234	312	340	412	150	170	0	0	0	0	0	0	0	136	6	370	206	128	0	0	0	20	18	6	0	416	12	1046	692	294	0	200	16	692	388	200	0	88	10	314	218	104	8
4UB6	470	36	183	282	400	505	108	349	152	572	120	207	280	160	226	298	326	401	142	167	0	0	0	0	0	0	0	136	6	362	197	122	0	0	0	18	12	6	0	409	12	1004	639	287	0	200	8	655	373	190	0	81	10	306	210	102	8
4UB8	470	36	183	282	400	505	108	349	150	572	120	207	280	160	226	298	326	401	142	167	0	0	0	0	0	0	0	136	6	362	197	122	0	0	0	18	12	6	0	409	12	1002	639	287	0	200	8	655	373	190	0	81	10	306	210	102	8
4V62	478	36	182	286	406	510	108	362	156	576	136	212	282	162	230	316	334	400	140	168	0	0	0	0	0	0	0	136	6	372	202	126	0	0	0	18	12	6	0	416	12	1032	660	286	0	200	8	668	376	192	0	84	10	306	212	102	8
4V82	476	36	182	286	406	510	108	360	152	568	136	212	280	158	228	304	332	398	140	166	0	0	0	0	0	0	0	136	6	370	200	126	0	0	0	18	12	6	0	412	12	1018	656	284	0	200	8	662	370	192	0	84	10	304	212	102	8
4YUU	1192	84	418	566	822	1114	228	826	402	1324	310	506	588	328	592	818	640	876	314	368	0	0	0	0	0	0	0	346	8	784	456	224	0	0	0	44	24	16	0	882	44	2518	1474	648	0	408	28	1542	860	422	0	166	4	652	492	190	8
5B5E	466	36	182	282	400	504	108	348	150	564	120	206	278	158	224	298	326	394	140	166	0	0	0	0	0	0	0	136	6	360	196	122	0	0	0	18	12	6	0	408	12	1002	632	284	0	198	8	650	366	190	0	80	10	304	210	102	8
5B66	466	36	182	282	400	504	108	348	150	564	120	206	278	158	224	298	326	394	140	166	0	0	0	0	0	0	0	136	6	360	196	122	0	0	0	18	12	6	0	408	12	1002	632	284	0	198	8	650	366	190	0	80	10	304	210	102	8
5E7C	460	36	182	272	398	502	108	346	144	560	114	200	274	152	220	286	312	392	140	166	0	0	0	0	0	0	0	128	6	352	194	122	0	0	0	18	12	6	0	396	12	968	626	282	0	196	8	642	364	190	0	80	10	304	208	102	8
5GTH	470	36	183	282	400	505	108	349	152	572	120	207	280	160	226	298	326	401	142	167	0	0	0	0	0	0	0	136	6	362	197	122	0	0	0	18	12	6	0	409	12	1004	639	287	0	200	8	655	373	190	0	81	10	306	210	102	8
5GTI	470	36	183	282	400	505	108	349	152	572	120	207	280	160	226	298	326	401	142	167	0	0	0	0	0	0	0	136	6	362	197	122	0	0	0	18	12	6	0	409	12	1004	639	287	0	200	8	655	373	190	0	81	10	306	210	102	8
5H2F	454	36	182	264	396	498	108	342	142	544	114	200	272	144	220	280	308	382	140	164	0	0	0	0	0	0	0	124	6	348	184	122	0	0	0	18	12	6	0	388	12	960	620	284	0	190	8	636	354	184	0	80	10	302	204	102	8
5KAF	518	44	186	286	414	522	108	370	166	622	150	216	288	168	238	312	340	426	154	172	0	0	0	0	0	0	0	136	6	374	212	128	0	0	0	20	18	6	0	420	12	1058	702	300	0	204	16	702	406	200	0	90	10	318	218	104	8
5KAI	518	44	186	286	414	520	108	370	166	620	148	216	288	168	238	312	340	426	154	172	0	0	0	0	0	0	0	136	6	374	212	128	0	0	0	20	18	6	0	420	12	1058	698	300	0	204	16	700	406	200	0	90	10	318	218	104	8
5MDX	870	46	388	498	666	1018	148	438	318	970	172	348	524	206	334	586	434	612	248	272	0	0	0	0	0	0	0	212	10	744	302	170	0	6	2	22	8	8	0	738	10	1826	1052	576	0	318	14	1064	502	276	0	154	10	548	320	154	8
5MX2	518	44	186	286	414	522	108	370	166	622	150	216	288	168	238	312	340	426	154	172	0	0	0	0	0	0	0	136	6	374	212	128	0	0	0	20	18	6	0	420	12	1058	702	300	0	204	16	702	406	200	0	90	10	318	218	104	8
5TIS	518	44	186	286	414	522	108	370	166	622	150	216	288	168	238	312	340	426	154	172	0	0	0	0	0	0	0	136	6	374	212	128	0	0	0	20	18	6	0	420	12	1058	702	300	0	204	16	702	406	200	0	90	10	318	218	104	8
5V2C	474	36	184	286	400	504	108	348	148	564	120	206	278	156	224	300	326	394	140	166	0	0	0	0	0	0	0	136	6	364	198	122	0	0	0	18	12	6	0	410	12	1008	632	284	0	198	8	650	364	190	0	80	10	304	210	102	8
5WS5	470	36	183	282	400	505	108	349	152	572	120	207	280	160	226	298	326	401	142	167	0	0	0	0	0	0	0	136	6	362	197	122	0	0	0	18	12	6	0	409	12	1004	639	287	0	200	8	655	373	190	0	81	10	306	210	102	8
5WS6	470	36	183	282	400	505	108	349	152	572	120	207	280	160	226	298	326	401	142	167	0	0	0	0	0	0	0	136	6	362	197	122	0	0	0	18	12	6	0	409	12	1004	639	287	0	200	8	655	373	190	0	81	10	306	210	102	8
5XNL	890	50	450	520	710	1068	156	512	430	1058	184	380	572	236	366	682	500	672	254	316	0	0	0	0	0	0	0	250	10	784	348	190	0	6	2	22	14	6	0	794	10	2078	1158	602	0	362	20	1158	552	304	0	162	8	592	342	176	8
5XNM	852	54	404	494	682	1026	156	484	378	1004	196	354	552	212	358	648	488	652	248	294	0	0	0	0	0	0	0	230	10	720	328	174	0	6	2	24	16	6	0	732	10	1998	1110	588	0	336	22	1126	532	288	0	148	10	562	338	166	8
5ZZN	458	36	182	270	400	500	106	348	144	558	116	202	274	152	222	288	314	392	140	166	0	0	0	0	0	0	0	128	6	350	190	122	0	0	0	18	12	6	0	398	12	968	626	284	0	196	8	642	366	190	0	80	10	304	210	102	8
1B3I	10	1	3	4	4	10	2	5	6	5	3	3	8	1	1	8	9	9	0	5	0	0	0	0	0	0	0	0	0	5	4	2	0	0	0	0	0	1	0	7	1	29	13	3	0	2	0	16	3	1	0	1	0	4	2	2	9
1BAW	21	3	18	18	18	30	12	9	21	21	9	12	24	9	3	24	24	24	3	12	0	0	0	0	0	0	0	6	0	30	9	9	0	0	0	0	0	3	0	27	3	78	36	15	0	18	0	30	12	3	0	6	0	18	6	3	9
1BXU	8	1	3	8	4	9	3	4	4	4	3	4	6	5	1	4	7	9	1	3	0	0	0	0	0	0	0	2	1	8	6	2	0	0	0	0	0	1	0	12	0	19	8	3	0	4	0	9	6	1	0	1	0	6	0	1	9
1BXV	8	1	3	8	4	9	3	4	4	4	3	4	6	5	1	4	7	9	1	3	0	0	0	0	0	0	0	2	1	8	6	2	0	0	0	0	0	1	0	12	0	19	8	3	0	4	0	9	6	1	0	1	0	6	0	1	9
1FA4	11	1	5	5	5	9	3	2	9	10	2	4	9	2	1	7	9	8	0	3	0	0	0	0	0	0	0	1	1	8	3	2	0	0	0	0	0	1	0	10	0	34	11	3	0	3	0	12	6	1	0	2	0	3	2	1	9
1IUZ	12	1	8	5	4	11	2	6	5	4	2	4	5	2	1	6	4	12	0	4	0	0	0	0	0	0	0	5	1	6	5	2	0	0	0	0	0	1	0	9	0	21	13	2	0	2	0	16	3	3	0	2	0	3	3	0	9
1J5C	13	1	5	6	5	10	3	2	7	4	2	4	4	0	1	7	9	11	1	3	0	0	0	0	0	0	0	2	1	8	3	1	0	0	0	0	0	1	0	10	0	29	9	5	0	2	0	11	5	1	0	0	0	6	2	1	9
1J5D	13	1	5	6	5	10	3	2	7	4	2	4	4	0	1	7	9	11	1	3	0	0	0	0	0	0	0	2	1	8	3	1	0	0	0	0	0	1	0	10	0	29	9	5	0	2	0	11	5	1	0	0	0	6	2	1	9
1JXD	13	1	5	6	5	10	3	2	7	4	2	4	4	0	1	7	9	11	1	3	0	0	0	0	0	0	0	2	1	8	3	1	0	0	0	0	0	1	0	10	0	29	9	5	0	2	0	11	5	1	0	0	0	6	2	1	9
1JXF	13	1	5	6	5	10	3	2	7	4	2	4	4	0	1	7	9	11	1	3	0	0	0	0	0	0	0	2	1	8	3	1	0	0	0	0	0	1	0	10	0	29	9	5	0	2	0	11	5	1	0	0	0	6	2	1	9
1KDI	10	1	6	9	6	9	2	3	8	5	2	4	6	0	0	8	10	10	0	3	0	0	0	0	0	0	0	6	0	9	3	1	0	0	0	0	0	1	0	4	1	29	13	5	0	7	0	10	3	0	0	2	0	4	1	2	9
1KDJ	10	1	6	9	6	9	2	3	8	5	2	4	6	0	0	8	10	10	0	3	0	0	0	0	0	0	0	6	0	9	3	1	0	0	0	0	0	1	0	4	1	29	13	5	0	7	0	10	3	0	0	2	0	4	1	2	9
1M9W	13	1	4	7	5	10	3	2	7	4	2	4	4	0	1	7	9	11	1	3	0	0	0	0	0	0	0	2	1	8	3	1	0	0	0	0	0	1	0	10	0	29	9	5	0	2	0	11	5	1	0	0	0	6	2	1	9
1NIN	11	1	5	5	5	9	3	2	9	10	2	4	9	2	1	7	9	8	0	3	0	0	0	0	0	0	0	1	1	8	3	2	0	0	0	0	0	1	0	10	0	34	11	3	0	3	0	12	6	1	0	2	0	3	2	1	9
1PCS	11	1	4	7	5	10	3	2	7	5	2	4	5	0	1	7	9	11	1	3	0	0	0	0	0	0	0	2	1	8	2	2	0	0	0	0	0	1	0	10	0	29	9	4	0	2	0	11	6	1	0	0	0	5	3	1	9
1TU2	30	3	19	26	12	35	6	17	23	24	3	18	30	15	7	19	22	36	1	13	0	0	0	0	0	0	0	17	1	45	9	5	0	1	0	0	1	1	0	36	2	79	40	15	0	21	0	34	23	2	0	3	0	12	7	3	9
2B3I	10	1	3	4	4	10	2	5	6	5	3	3	8	1	1	8	9	9	0	5	0	0	0	0	0	0	0	0	0	5	4	2	0	0	0	0	0	1	0	7	1	29	13	3	0	2	0	16	3	1	0	1	0	4	2	2	9
2BZ7	10	1	6	9	6	8	2	3	8	5	2	4	7	0	0	8	10	10	0	3	0	0	0	0	0	0	0	6	0	9	3	1	0	0	0	0	0	1	0	4	1	29	13	5	0	7	0	10	3	0	0	2	0	4	1	2	9
2BZC	10	1	6	9	6	8	2	3	8	5	2	4	7	0	0	8	10	10	0	3	0	0	0	0	0	0	0	6	0	9	3	1	0	0	0	0	0	1	0	4	1	29	13	5	0	7	0	10	3	0	0	2	0	4	1	2	9
2CJ3	22	2	10	10	10	18	6	4	18	20	4	8	18	4	2	14	18	16	0	6	0	0	0	0	0	0	0	2	2	16	6	4	0	0	0	0	0	2	0	20	0	68	22	6	0	6	0	24	12	2	0	4	0	6	4	2	9
2GIM	22	2	10	10	10	18	6	4	18	20	6	8	18	4	2	14	18	16	0	6	0	0	0	0	0	0	0	2	2	16	8	4	0	0	0	0	0	2	0	20	0	68	22	6	0	6	0	24	12	2	0	4	0	6	4	2	9
2JXM	30	3	19	23	14	35	4	19	13	25	7	15	28	12	5	22	22	33	0	17	0	0	0	0	0	0	0	13	0	32	17	7	0	1	0	0	1	1	0	29	3	73	38	15	0	20	0	40	22	2	0	5	0	13	6	6	9
2Q5B	21	3	18	18	18	30	12	9	21	21	9	12	24	9	3	24	24	24	3	12	0	0	0	0	0	0	0	6	0	30	9	9	0	0	0	0	0	3	0	27	3	78	36	15	0	18	0	30	12	3	0	6	0	18	6	3	9
2W88	21	3	18	18	18	30	12	9	21	21	12	12	24	9	3	24	24	24	3	12	0	0	0	0	0	0	0	6	0	30	12	9	0	0	0	0	0	3	0	27	3	78	36	15	0	18	0	30	12	3	0	6	0	18	6	3	9
2W8C	14	2	12	12	12	20	8	6	14	14	8	8	16	6	2	16	16	16	2	8	0	0	0	0	0	0	0	4	0	20	8	6	0	0	0	0	0	2	0	18	2	52	24	10	0	12	0	20	8	2	0	4	0	12	4	2	9
3BQV	9	1	4	6	6	10	4	3	7	7	3	4	8	3	1	8	8	8	1	4	0	0	0	0	0	0	0	1	0	10	3	2	0	0	0	0	0	1	0	8	1	28	12	6	0	6	0	10	4	1	0	2	0	6	2	1	9
3CVB	14	2	12	12	14	20	8	6	14	12	6	8	16	6	2	16	16	16	2	8	0	0	0	0	0	0	0	4	0	20	4	8	0	0	0	0	0	2	0	18	2	52	24	10	0	12	0	20	6	2	0	4	0	12	6	2	9
3CVC	7	1	6	6	7	10	4	3	7	6	3	4	8	3	1	8	8	8	1	4	0	0	0	0	0	0	0	2	0	10	2	4	0	0	0	0	0	1	0	9	1	26	12	5	0	6	0	10	3	1	0	2	0	6	3	1	9
3CVD	21	3	18	18	21	30	12	9	21	18	9	12	24	9	3	24	24	24	3	12	0	0	0	0	0	0	0	6	0	30	6	12	0	0	0	0	0	3	0	27	3	78	36	15	0	18	0	30	9	3	0	6	0	18	9	3	9
4R0O	28	8	20	24	24	40	16	12	28	28	16	16	32	12	4	32	32	32	4	16	0	0	0	0	0	0	0	4	0	40	16	12	0	4	0	0	0	4	0	32	8	104	48	20	0	24	0	40	16	4	0	8	0	24	8	4	9
7PCY	11	1	8	4	4	12	2	7	4	4	2	6	5	2	1	5	7	10	0	3	0	0	0	0	0	0	0	6	1	7	5	1	0	0	0	0	0	1	0	9	0	22	13	2	0	2	0	15	3	3	0	2	0	3	2	0	9
9PCY	5	1	5	9	6	11	2	3	5	7	2	5	7	1	0	8	5	14	0	3	0	0	0	0	0	0	0	6	0	8	5	1	0	0	0	0	0	1	0	8	1	20	10	4	0	4	0	11	8	2	0	1	0	4	3	1	9
1BTM	58	8	24	40	18	44	12	32	24	38	8	10	26	28	22	26	24	50	4	8	0	0	0	0	0	0	0	20	0	56	24	2	0	0	2	0	6	0	0	50	6	104	58	16	0	22	0	62	32	12	0	8	0	14	8	0	10
1HTI	56	10	24	34	16	50	8	30	40	30	4	16	20	22	16	24	28	50	10	8	0	0	0	0	0	0	0	14	0	62	16	4	0	4	0	4	2	0	0	48	6	110	60	16	0	20	2	52	28	12	0	8	2	14	8	2	10
1I45	50	4	30	34	24	44	6	30	42	38	2	24	14	14	16	32	24	52	2	14	0	0	0	0	0	0	0	20	0	52	28	2	0	0	0	0	4	0	0	44	2	108	56	18	0	28	2	44	30	16	0	8	0	24	4	4	10
1IF2	33	4	8	14	6	16	6	19	17	17	3	11	10	14	8	13	16	25	5	6	0	0	0	0	0	0	0	9	1	26	8	3	0	1	0	3	0	0	0	24	1	54	33	7	0	11	2	25	19	6	0	2	0	10	4	1	10
1LYX	14	4	14	19	13	14	5	19	22	19	2	17	4	12	8	18	13	22	2	7	0	0	0	0	0	0	0	16	1	23	16	6	0	1	0	2	1	0	0	23	2	41	23	9	0	18	0	21	17	5	0	4	1	11	4	2	10
1LZO	56	16	56	76	52	56	20	76	88	76	8	68	16	48	32	72	52	88	8	28	0	0	0	0	0	0	0	64	4	92	64	24	0	4	0	8	4	0	0	92	8	164	92	36	0	72	0	84	68	20	0	16	4	44	16	8	10
1M6J	70	8	14	44	10	44	8	46	42	28	6	30	12	24	10	24	26	54	10	12	0	0	0	0	0	0	0	22	6	58	24	2	0	4	0	4	0	0	0	48	0	102	70	16	0	32	2	52	32	14	0	6	0	20	6	0	10
1M7O	28	8	28	38	26	28	10	38	44	38	4	34	8	24	16	36	26	44	4	14	0	0	0	0	0	0	0	32	2	46	32	12	0	2	0	4	2	0	0	46	4	82	46	18	0	36	0	42	34	10	0	8	2	22	8	4	10
1M7P	28	8	28	38	26	28	10	38	44	38	4	34	8	24	16	36	26	44	4	14	0	0	0	0	0	0	0	32	2	46	32	12	0	2	0	4	2	0	0	46	4	82	46	18	0	36	0	42	34	10	0	8	2	22	8	4	10
1N55	33	4	8	14	6	16	6	19	17	17	3	11	10	14	8	13	16	25	5	6	0	0	0	0	0	0	0	9	1	26	8	3	0	1	0	3	0	0	0	24	1	54	33	7	0	11	2	25	19	6	0	2	0	10	4	1	10
1NEY	50	4	30	34	24	44	6	30	42	38	0	24	14	14	16	32	24	52	2	14	0	0	0	0	0	0	0	20	0	52	28	2	0	0	0	0	4	0	0	44	2	108	54	18	0	28	2	44	30	16	0	8	0	24	4	4	10
1NF0	50	4	30	34	24	44	6	30	42	38	0	24	14	14	16	32	24	52	2	14	0	0	0	0	0	0	0	20	0	52	28	2	0	0	0	0	4	0	0	44	2	108	54	18	0	28	2	44	30	16	0	8	0	24	4	4	10
1R2S	108	20	48	68	32	96	16	60	84	60	8	36	40	40	32	48	60	100	20	16	0	0	0	0	0	0	0	28	0	124	32	8	0	8	0	8	4	0	0	92	12	224	120	32	0	44	4	100	56	24	0	16	4	28	16	4	10
1R2T	54	10	24	34	16	48	8	30	42	30	4	18	20	20	16	24	30	50	10	8	0	0	0	0	0	0	0	14	0	62	16	4	0	4	0	4	2	0	0	46	6	112	60	16	0	22	2	50	28	12	0	8	2	14	8	2	10
1SPQ	54	8	26	34	16	54	16	34	46	34	4	14	14	18	14	26	20	44	10	8	0	0	0	0	0	0	0	14	0	58	16	4	0	4	0	2	2	0	0	46	4	114	62	16	0	20	2	56	26	12	0	8	2	12	10	2	10
1SQ7	56	8	26	34	16	54	16	34	42	36	4	14	14	18	14	26	18	44	12	8	0	0	0	0	0	0	0	14	0	58	16	4	0	4	0	2	2	0	0	46	4	108	62	18	0	20	2	58	26	12	0	8	2	12	12	2	10
1SSD	54	8	26	34	16	54	16	34	42	36	4	14	14	18	14	28	18	44	10	10	0	0	0	0	0	0	0	14	0	58	16	4	0	4	0	2	2	0	0	46	4	106	64	18	0	20	2	58	26	12	0	8	2	14	10	2	10
1SSG	54	8	26	34	16	54	16	34	42	36	4	14	14	18	14	28	18	44	10	10	0	0	0	0	0	0	0	14	0	58	16	4	0	4	0	2	2	0	0	46	4	106	64	18	0	20	2	58	26	12	0	8	2	14	10	2	10
1SW0	56	8	26	34	16	54	16	34	42	36	6	14	14	18	14	26	18	44	12	8	0	0	0	0	0	0	0	14	0	58	16	4	0	4	0	2	2	0	0	46	4	108	64	18	0	20	2	58	26	12	0	8	2	12	12	2	10
1SW3	56	8	26	34	16	54	16	34	44	34	6	14	14	18	14	26	18	46	10	8	0	0	0	0	0	0	0	14	0	58	16	4	0	4	0	2	2	0	0	46	4	110	66	16	0	20	2	58	26	12	0	8	2	12	10	2	10
1SW7	54	8	26	34	16	54	16	34	42	34	6	16	14	18	14	30	18	44	10	8	0	0	0	0	0	0	0	14	0	60	16	4	0	4	0	2	2	0	0	48	4	110	64	16	0	20	2	56	26	12	0	8	2	12	10	2	10
1TPB	56	8	28	32	16	54	16	34	44	34	4	14	14	18	14	24	22	44	10	8	0	0	0	0	0	0	0	14	0	58	16	4	0	4	0	2	2	0	0	46	4	114	62	16	0	20	2	56	26	12	0	8	2	12	10	2	10
1TPC	56	8	28	32	16	54	16	34	44	34	4	14	16	18	14	22	22	44	10	8	0	0	0	0	0	0	0	14	0	58	16	4	0	4	0	2	2	0	0	46	4	114	62	16	0	20	2	56	26	12	0	8	2	12	10	2	10
1TPH	56	8	26	34	16	54	16	34	44	34	4	14	14	18	14	24	22	44	10	8	0	0	0	0	0	0	0	14	0	58	16	4	0	4	0	2	2	0	0	46	4	114	62	16	0	20	2	56	26	12	0	8	2	12	10	2	10
1TPU	56	8	26	34	16	54	14	34	44	34	4	16	14	18	14	24	22	44	10	8	0	0	0	0	0	0	0	14	0	60	16	4	0	4	0	2	2	0	0	48	4	110	62	16	0	20	2	56	26	12	0	8	2	12	10	2	10
1TPV	56	8	26	34	16	54	14	34	44	34	4	16	16	18	14	22	22	44	10	8	0	0	0	0	0	0	0	14	0	60	16	4	0	4	0	2	2	0	0	48	4	110	62	16	0	20	2	56	26	12	0	8	2	12	10	2	10
1TRE	90	6	18	42	12	44	16	38	32	34	14	20	14	22	16	22	18	38	4	10	0	0	0	0	0	0	0	14	0	66	18	4	0	0	0	2	4	0	0	50	4	124	58	16	0	32	2	44	38	6	0	6	0	14	6	0	10
1VGA	56	16	56	76	56	56	20	76	88	76	8	68	16	48	32	72	52	88	4	28	0	0	0	0	0	0	0	64	4	92	64	24	0	4	0	8	4	0	0	92	8	164	92	36	0	72	0	84	68	20	0	16	4	44	16	8	10
1W0M	312	8	64	136	16	160	48	96	96	208	8	48	104	16	96	104	48	208	0	32	0	0	0	0	0	0	0	24	0	128	112	0	0	0	0	0	8	0	0	120	8	544	248	48	0	112	0	256	144	0	0	8	0	32	8	0	10
1WOA	56	16	56	76	56	56	20	76	88	76	8	68	16	48	32	72	52	88	4	28	0	0	0	0	0	0	0	64	4	92	64	24	0	4	0	8	4	0	0	92	8	164	92	36	0	72	0	84	68	20	0	16	4	44	16	8	10
1WOB	56	16	56	76	56	56	20	76	88	76	8	68	16	48	32	72	52	88	4	28	0	0	0	0	0	0	0	64	4	92	64	24	0	4	0	8	4	0	0	92	8	164	92	36	0	72	0	84	68	20	0	16	4	44	16	8	10
1WYI	56	10	24	34	16	52	8	30	40	30	4	16	20	22	16	26	28	50	10	8	0	0	0	0	0	0	0	14	0	62	16	4	0	4	0	4	2	0	0	48	6	114	60	16	0	20	2	52	28	12	0	8	2	14	8	2	10
1YDV	28	8	28	38	26	28	10	38	44	38	4	34	8	24	16	36	26	44	4	14	0	0	0	0	0	0	0	32	2	46	32	12	0	2	0	4	2	0	0	46	4	82	46	18	0	36	0	42	34	10	0	8	2	22	8	4	10
1YPI	50	4	30	34	22	44	6	30	42	38	0	24	14	14	16	32	24	52	6	12	0	0	0	0	0	0	0	20	0	52	28	2	0	0	0	0	4	0	0	44	2	108	54	18	0	28	2	44	30	16	0	8	0	24	4	4	10
1YYA	62	4	12	52	10	48	10	18	22	58	10	10	32	10	36	26	16	42	6	16	0	0	0	0	0	0	0	6	0	58	18	2	0	0	0	2	2	0	0	52	2	104	68	26	0	22	2	66	34	2	0	4	0	20	6	2	10
2DP3	27	4	8	22	7	24	7	19	18	17	9	10	8	8	12	14	14	22	4	3	0	0	0	0	0	0	0	7	2	25	13	1	0	2	0	1	0	1	0	23	1	61	34	5	0	13	1	31	15	6	0	3	0	5	5	1	10
2H6R	168	48	64	160	16	144	32	208	144	128	24	128	64	16	40	80	72	192	0	24	0	0	0	0	0	0	0	56	0	168	136	8	0	16	0	16	16	0	0	152	40	304	232	16	0	128	8	240	152	16	0	16	0	16	8	0	10
2I9E	104	24	44	76	28	96	36	88	72	56	12	44	40	48	40	48	40	104	20	16	0	0	0	0	0	0	0	44	4	112	48	4	0	8	0	8	8	0	0	72	8	240	124	32	0	64	8	92	64	28	0	24	4	20	16	0	10
2JGQ	24	4	16	38	40	28	14	34	46	60	4	22	18	12	10	32	28	18	4	14	0	0	0	0	0	0	0	18	0	38	24	8	0	2	0	0	0	2	0	30	2	88	50	28	0	24	2	48	26	16	0	14	0	26	14	4	10
2YPI	50	4	30	34	22	44	6	30	42	38	0	24	14	14	16	32	24	52	6	12	0	0	0	0	0	0	0	20	0	52	28	2	0	0	0	0	4	0	0	44	2	108	54	18	0	28	2	44	30	16	0	8	0	24	4	4	10
3M9Y	54	6	28	52	14	42	8	34	40	30	10	20	16	20	12	32	32	44	4	10	0	0	0	0	0	0	0	32	0	58	26	4	0	0	0	0	6	0	0	48	4	110	60	12	0	30	2	56	20	10	0	10	0	10	6	2	10
3PVF	14	3	14	19	13	14	5	19	22	19	2	17	4	12	8	19	13	22	2	7	0	0	0	0	0	0	0	16	1	23	16	6	0	1	0	2	0	0	0	23	2	41	24	9	0	18	0	21	17	5	0	4	0	12	4	2	10
3PWA	30	6	28	38	26	28	10	38	44	38	4	34	8	24	16	36	26	44	4	14	0	0	0	0	0	0	0	32	2	46	32	12	0	2	0	4	0	0	0	46	4	82	48	18	0	36	0	42	34	10	0	8	0	24	8	4	10
3PY2	28	6	28	38	26	28	10	38	44	38	4	34	8	24	16	38	26	44	4	14	0	0	0	0	0	0	0	32	2	46	32	12	0	2	0	4	0	0	0	46	4	82	48	18	0	36	0	42	34	10	0	8	0	24	8	4	10
3QSR	27	5	11	22	12	22	4	20	22	15	6	14	12	5	7	11	9	23	5	3	0	0	0	0	0	0	0	12	1	24	13	2	0	1	1	1	1	1	0	19	3	53	29	9	0	15	0	26	16	7	0	5	0	9	5	1	10
3QST	28	5	11	21	12	22	4	18	22	15	6	14	11	6	7	11	9	25	5	3	0	0	0	0	0	0	0	12	1	24	13	2	0	1	1	1	1	1	0	19	3	53	29	9	0	15	0	26	16	7	0	5	0	9	5	1	10
3TA6	76	6	38	22	8	52	30	28	20	52	4	16	20	14	24	30	20	52	4	18	0	0	0	0	0	0	0	18	0	44	22	6	0	0	0	2	4	0	0	42	4	130	78	18	0	28	2	72	28	4	0	2	0	22	4	2	10
3TAO	76	6	38	22	8	52	30	28	20	52	4	16	20	14	24	30	20	52	4	18	0	0	0	0	0	0	0	18	0	44	22	6	0	0	0	2	4	0	0	42	4	130	78	18	0	28	2	72	28	4	0	2	0	22	4	2	10
3TH6	44	18	24	32	12	48	12	36	34	32	8	24	20	18	24	32	14	46	10	10	0	0	0	0	0	0	0	16	2	52	26	2	0	6	0	4	4	4	0	30	8	114	60	16	0	32	4	46	28	10	0	14	4	10	4	0	10
3UWU	54	6	28	52	14	44	20	34	40	30	10	20	16	20	12	32	32	44	4	10	0	0	0	0	0	0	0	32	0	58	26	4	0	0	0	0	6	0	0	48	4	124	60	12	0	30	2	56	20	10	0	10	0	10	6	2	10
3UWV	54	6	28	52	14	44	20	34	40	30	10	20	16	20	12	32	32	44	4	10	0	0	0	0	0	0	0	32	0	58	26	4	0	0	0	0	6	0	0	48	4	124	60	12	0	30	2	56	20	10	0	10	0	10	6	2	10
3UWW	54	6	28	52	14	44	20	34	40	30	10	20	16	20	12	32	32	44	4	10	0	0	0	0	0	0	0	32	0	58	26	4	0	0	0	0	6	0	0	48	4	124	60	12	0	30	2	56	20	10	0	10	0	10	6	2	10
3UWY	54	6	28	52	14	44	20	34	40	30	10	20	16	20	12	32	32	44	4	10	0	0	0	0	0	0	0	32	0	58	26	4	0	0	0	0	6	0	0	48	4	124	60	12	0	30	2	56	20	10	0	10	0	10	6	2	10
3UWZ	54	6	28	52	14	44	20	34	40	30	10	20	16	20	12	32	32	44	4	10	0	0	0	0	0	0	0	32	0	58	26	4	0	0	0	0	6	0	0	48	4	124	60	12	0	30	2	56	20	10	0	10	0	10	6	2	10
3YPI	50	4	30	34	22	44	4	30	42	38	0	24	14	16	16	32	24	52	6	12	0	0	0	0	0	0	0	20	0	54	28	2	0	0	0	0	4	0	0	46	2	104	54	18	0	28	2	44	30	16	0	8	0	24	4	4	10
4GNJ	64	8	16	28	10	44	24	34	34	36	12	20	24	30	16	36	28	54	10	14	0	0	0	0	0	0	0	14	4	54	18	4	0	2	0	4	2	0	0	54	0	130	70	16	0	18	4	60	40	12	0	6	0	20	6	2	10
4IOT	90	6	20	42	12	44	16	38	32	34	14	18	14	22	16	22	18	38	4	10	0	0	0	0	0	0	0	14	0	66	18	4	0	0	0	2	4	0	0	50	4	124	58	16	0	32	2	44	38	6	0	6	0	14	6	0	10
4O4V	27	5	11	22	12	21	3	20	22	15	6	14	11	5	7	11	9	23	5	3	0	0	0	0	0	0	0	12	1	24	13	2	0	1	1	1	1	1	0	19	3	51	29	9	0	15	0	25	16	7	0	5	0	9	5	1	10
4O4W	27	5	11	22	12	22	3	19	22	15	6	14	11	5	7	11	9	23	5	3	0	0	0	0	0	0	0	12	1	24	13	2	0	1	1	1	1	1	0	19	3	51	29	10	0	15	0	25	16	6	0	5	0	10	4	1	10
4O50	28	5	11	22	12	21	3	19	22	15	6	14	11	5	7	11	9	23	5	3	0	0	0	0	0	0	0	12	1	24	13	2	0	1	1	1	1	1	0	19	3	51	29	10	0	15	0	25	16	6	0	5	0	10	4	1	10
4O52	27	5	11	22	12	21	3	19	22	15	6	14	11	5	7	11	9	24	5	3	0	0	0	0	0	0	0	12	1	24	13	2	0	1	1	1	1	1	0	19	3	51	29	9	0	15	0	25	16	7	0	5	0	9	5	1	10
4O53	27	5	11	22	12	21	3	19	22	16	6	14	11	5	7	11	9	23	5	3	0	0	0	0	0	0	0	12	1	24	13	2	0	1	1	1	1	1	0	19	3	51	29	9	0	15	0	25	16	7	0	5	0	9	5	1	10
4O54	27	5	11	22	13	21	3	19	22	15	6	14	11	5	7	11	9	23	5	3	0	0	0	0	0	0	0	12	1	24	13	2	0	1	1	1	1	1	0	19	3	51	29	9	0	15	0	25	16	6	0	5	0	9	4	3	10
4O57	27	5	11	22	12	21	3	19	22	15	6	14	11	5	7	11	9	23	5	4	0	0	0	0	0	0	0	12	1	24	13	2	0	1	1	1	1	1	0	19	3	51	29	9	0	15	0	25	16	6	0	5	0	9	4	3	10
4OWG	54	10	24	34	16	48	8	30	42	30	4	18	20	20	16	24	30	50	10	8	0	0	0	0	0	0	0	14	0	62	16	4	0	4	0	4	2	0	0	46	6	112	60	16	0	22	2	50	28	12	0	8	2	14	8	2	10
4POD	56	10	26	34	16	52	10	30	40	30	6	16	20	22	16	24	30	52	10	8	0	0	0	0	0	0	0	14	0	64	16	4	0	4	0	4	2	0	0	48	6	112	64	16	0	22	2	54	28	12	0	8	2	14	8	2	10
4RCX	26	5	11	21	11	21	4	20	22	15	6	14	12	5	7	11	8	22	5	3	0	0	0	0	0	0	0	12	1	23	13	2	0	1	1	1	1	1	0	19	3	52	28	8	0	14	0	26	16	7	0	5	0	8	5	1	10
4UNK	56	10	26	34	16	52	8	30	40	30	4	14	20	22	16	26	28	50	10	8	0	0	0	0	0	0	0	14	0	62	16	4	0	4	0	4	2	0	0	48	6	114	60	16	0	20	2	52	28	12	0	8	2	14	8	2	10
4WJE	29	5	11	21	12	22	4	18	22	15	6	14	11	6	7	11	9	24	5	3	0	0	0	0	0	0	0	12	1	24	13	2	0	1	1	1	1	1	0	19	3	53	29	10	0	15	0	26	16	6	0	5	0	10	4	1	10
5BNK	28	10	28	38	26	28	10	38	44	38	4	34	8	24	16	36	24	44	4	14	0	0	0	0	0	0	0	32	2	46	32	12	0	2	0	4	2	2	0	46	6	80	46	16	0	36	0	42	34	10	0	8	2	22	8	4	10
5BRB	28	8	28	40	26	28	10	38	44	38	4	34	8	22	16	36	26	44	4	14	0	0	0	0	0	0	0	32	2	46	32	12	0	2	0	4	2	0	0	46	4	82	46	18	0	36	0	42	34	10	0	8	2	22	8	4	10
5CSR	68	8	52	76	44	72	36	72	64	76	24	24	36	8	44	52	56	60	0	32	0	0	0	0	0	0	0	16	0	56	68	20	0	0	0	4	4	0	0	80	4	228	76	40	0	48	4	96	72	8	0	16	0	40	12	8	10
5VWN	27	5	11	20	11	20	3	18	22	15	6	14	10	6	7	11	8	24	5	3	0	0	0	0	0	0	0	12	1	23	13	2	0	1	1	1	1	1	0	19	3	50	28	8	0	14	0	25	16	7	0	5	0	8	5	1	10
7TIM	50	4	30	34	22	44	6	30	42	38	0	24	14	14	16	32	24	52	6	12	0	0	0	0	0	0	0	20	0	52	28	2	0	0	0	0	4	0	0	44	2	108	54	18	0	28	2	44	30	16	0	8	0	24	4	4	10
