id	volume	syrfacearea	spherecity
119lA	23862.25	7122.75	0.5627437549516224
193lA	17686.25	5361.8	0.612252669336155
1ab3A	13979.375	6095.92	0.4603661350909442
1ab8A	24289.75	7834.23	0.5177298083686973
1ab8B	24390.25	7699.67	0.5282297376926054
1abrA	36171.25	9825.03	0.5383432238858057
1abrB	38412.625	10456	0.526543845651922
1abvA	14672.625	5032.06	0.5759836988990965
1acaA	11911.5	4242.94	0.5944676202429675
1acoA	106888.375	23067.7	0.4721719093800007
1acpA	10422.875	4006.14	0.5759918723307518
1ad3A	64580.625	17063.9	0.45618463804745063
1ad3B	64538.125	17156.6	0.45352071414676254
1addA	50625.625	11617	0.5696879942431518
1adtA	43382.875	13600.5	0.4390103940750899
1aepA	21084.75	6669.67	0.5533824927657368
1af5A	18788.5	6458.84	0.5291648696773076
1afiA	9233.375	3256.75	0.6535417733122876
1ag2A	15682.625	5116.84	0.5921450811425767
1agrA	49998.75	15003.3	0.4374584022873441
1agrD	49350.25	14465.6	0.4497873573082092
1agrE	18597.375	6124.85	0.5542296634293051
1agrH	16793.25	5714.11	0.554998782290178
1ah6A	29465.25	8274.81	0.5575273549338818
1ahqA	18956.375	5694.67	0.6037434377009725
1aihA	24288.625	8385.95	0.48365291436188845
1aihB	24107.5	8071.95	0.49996596983419567
1aihC	24182.125	8119.29	0.49807611079804365
1aihD	24225.25	8079.18	0.50114378895667
1ak4A	23068.375	6220.22	0.6300229661897072
1ak4B	22743.625	6067.03	0.6398543195802453
1ak4C	20658.625	6911.68	0.526786669731758
1ak4D	20589.625	7032.83	0.5165586394494148
1ak5A	46357.875	12419.8	0.5024797168455751
1akoA	39905.625	10577.8	0.5338814745697026
1alyA	20147	6160.61	0.5812112327262418
1ampA	39680.125	8918.18	0.6308458425580395
1an2A	12654.25	6190.38	0.4242199503511399
1an2B	6598.875	3752.78	0.4533611350939203
1aofA	75419	18067.4	0.47779578190866445
1aofB	76966	17837.1	0.4905604012698983
1aolA	31433.75	8941.25	0.5387037718793133
1aonA	68910.25	20547.1	0.3955998700971263
1aonB	68983.375	20546.5	0.3958912450575985
1aonC	68969.25	20469.7	0.39732233798120004
1aonD	68998.125	20513.6	0.3965827023752052
1aonE	69041.875	20540.2	0.39623652664361964
1aonF	69103	20409.9	0.3990014883765618
1aonG	68909.625	20541.3	0.3957091781993708
1aonH	69692.625	20562	0.39829970513032487
1aonI	69824	20457.7	0.4008333071633977
1aonJ	69765.375	20538.9	0.39902511626432813
1aonK	69780.25	20516.7	0.39951365756076973
1aonL	69751.125	20570.8	0.3983520782096902
1aonM	69638.125	20490.4	0.3994830904041747
1aonN	69828.125	20484.6	0.40032270606495485
1aonO	13069.875	5297.7	0.5064979819198355
1aonP	13102.125	5303.56	0.5067702719085888
1aonQ	13042	5273.89	0.5080609951624099
1aonR	13090.125	5270.78	0.509610574447724
1aonS	13062.625	5290.69	0.506981503922759
1aonT	13114.375	5298.86	0.5075358738238578
1aonU	13113	5304.9	0.5069225728073027
1aorA	86410.875	17335.6	0.545243941891829
1aorB	86627.125	17126.5	0.5528213066689858
1aoyA	11634.75	4483.22	0.5538584391657366
1apsA	14212	4605.28	0.6161193994698495
1apyA	21332.75	8243.01	0.4512627930603159
1apyB	19017.5	6620.89	0.5203992979327642
1apyC	21374.75	8239	0.45207481958322965
1apyD	19042.5	6647.04	0.5188061813107429
1arbA	34268	8016.03	0.6364788296235819
1artA	56281.75	15219.8	0.4666453123961628
1aruA	44869.375	11634.4	0.5248559765525086
1asfA	57088.25	15603.1	0.4595199660746831
1astA	28401.375	7623.59	0.5904967390396304
1asuA	22902.625	8007.99	0.48702446415892076
1asyA	71949.5	20621	0.4056887106411699
1asyB	71885	20722.7	0.40345642517781966
1asyR	20802.875	10040.1	0.36433004922719614
1asyS	20771.75	10050.6	0.3635863136576008
1atlA	29036.25	7804.03	0.5854083045534704
1atlB	29045.375	7677.4	0.5951886144291442
1aylA	77356.375	18171.6	0.48315709666058865
1bamA	29553.625	8120.35	0.5692677072663771
1bblA	5477.125	2589.17	0.580352678675309
1bbt1	26325.875	10459.7	0.40915397300167416
1bbt2	29942.5	9515.39	0.49006035501734563
1bbt3	30204.875	11814.7	0.39698989708622057
1bbt4	6002	3861.17	0.4136463489918507
1bcoA	42967.125	11819.2	0.5019420419600339
1bcpA	31244.25	9204.72	0.5211790443066444
1bcpB	27515.25	8645.34	0.5098209629853866
1bcpC	27316.875	8241.23	0.5322464417164129
1bcpD	15422	5180.75	0.5783427398542325
1bcpE	15428.25	5173.87	0.5792682483034522
1bcpF	13685.875	5133.13	0.5390349282482233
1bcpG	31227.375	9173.56	0.5227610293897537
1bcpH	27496.625	8635.92	0.5101467308071792
1bcpI	27352.5	8200.01	0.5353869244412177
1bcpJ	15409.625	5169.71	0.5792677135403641
1bcpK	15471.25	5165.17	0.5813215737730226
1bcpL	13722.75	5115.9	0.5418214307725943
1bdoA	11126.375	3876.35	0.6217707251302921
1beoA	12869.25	4277.56	0.6208549857067392
1bfmA	9966.75	4607.8	0.48606335551409713
1bfmB	10108.875	4613.32	0.49008614912580856
1bg1A	82686.875	24068.6	0.381350524270359
1bg1B	5357	2969.98	0.4985151533169027
1bgcA	22387.625	6543.2	0.5870826941168755
1biaA	40814.25	11473.2	0.4996594518883148
1bipA	17531.125	6715.85	0.4859478458577738
1bleA	23665.125	7260.07	0.5490550010539565
1bmfA	68276	18218.2	0.4434289454862659
1bmfB	68111.75	18431.6	0.4375917379240214
1bmfC	68997.375	18201.5	0.4469565678654992
1bmfD	64898.75	17771.3	0.4394631667908279
1bmfE	64648.375	17379.6	0.44821125355234404
1bmfF	64698.625	17573.4	0.4434980324715626
1bmfG	17294.125	7451.53	0.43401466021240676
1bmtA	34744.625	10541.1	0.4884910491345398
1bmtB	34646.75	10618.6	0.48401467733702214
1bncA	62155.125	16389.2	0.46299645487561225
1bncB	60498.25	15986.2	0.466194798920584
1bplA	25539.375	8060.74	0.5202946833572767
1bplB	41429.75	11683.7	0.49557790549054836
1broA	38616.125	9313.79	0.5932031894409365
1broB	38640.875	9408.14	0.5875051184871233
1brsA	15341	4908.16	0.6083234050242886
1brsB	15649.375	5023	0.6023546649357276
1brsC	14775.875	4696.1	0.6200817180951289
1brsD	12670.875	3920.63	0.6703979385846146
1brsE	11997.75	3888.33	0.6518097921617853
1brsF	12696.75	3898.15	0.6751816389888292
1btyA	30915.5	7854.66	0.6064675716168364
1bucA	53153.375	14144.1	0.4833510911981226
1bucB	53277.25	14039.1	0.48772242404246174
1bvlA	16137.5	4872.44	0.6338139518841174
1bvlB	14762.5	4648.72	0.6260235576454405
1bvlC	15880	4949.99	0.6172296806068319
1bvlD	14749	4510.15	0.644864083382873
1bvp1	49931.25	14559.7	0.45038092692433057
1bvp2	49881.875	14584.5	0.44931863023150287
1bvp3	49915.375	14575.7	0.4497911737758979
1bvp4	49903.125	14553.5	0.45040358233409306
1bvp5	49837.125	14610.9	0.44823848689577783
1bvp6	49887	14591.4	0.44913691692789615
1bw3A	18370	6123.28	0.5498439403269364
1bybA	71543.125	16451.9	0.5065783996172449
1c5aA	9964.25	3742.74	0.5983071728535134
1cbgA	74129.375	17477.8	0.48826723813935813
1cbyA	33341.375	10169.5	0.4926141260523039
1cd1A	39648.875	13102.7	0.42915143903829206
1cd1B	14829.875	5039.14	0.5792766556943391
1cd1C	39507.75	13132.8	0.4271512275498757
1cd1D	14819.625	5083.04	0.5740090505784823
1cdgA	95352.875	20244.9	0.49856794220994166
1cdlA	19188	7239.55	0.4787686363998812
1cdlB	19667.625	7333.87	0.48045442383186643
1cdlC	19469.25	7230.75	0.4840240332456145
1cdlD	19028.5	7172.87	0.4805377764448433
1cdlE	2770.375	1637.24	0.5826362267271955
1cdlF	2814.375	1638.12	0.588472792006997
1cdlG	2722.75	1610.38	0.5855458862070698
1cdlH	2347.375	1410.73	0.6054735919439675
1celA	57515.25	14682.6	0.4907607615767205
1celB	57524	14659.6	0.49158058561836543
1cemA	51311.75	11169.4	0.5978590826744808
1cewI	15573.25	5665.65	0.5322968376793402
1cfrA	41771.25	11711.2	0.49712740830162583
1cgpA	28913.125	9383.9	0.4854719136073396
1cgpB	28839.875	9380.16	0.48484485796363835
1cgpC	5693.25	3122.77	0.4937619610765297
1cgpD	3952.75	2243.99	0.5387609444679887
1cgpE	5672.75	3125.92	0.492079600846856
1cgpF	3951.375	2235.2	0.5407541996627931
1chdA	26939.625	7202.86	0.6033558320717458
1chkA	32614.375	8981.68	0.5496242933469748
1chkB	32661.75	8997.33	0.5491994687688591
1chmA	57889.125	14409	0.5022442114228471
1chmB	57808.75	14856.1	0.4866779794329943
1ckaA	8566.875	3099.44	0.653254651946955
1ckaB	1209.375	914.096	0.6005276023033488
1ckmA	47199.875	14139.1	0.4467071708863648
1ckmB	47272.25	13563.1	0.4661539228110156
1cmbA	15242.125	6171.96	0.4816793569677341
1cmbB	15075.875	6136.82	0.48090846841038504
1cooA	11432.625	4181.67	0.5869012121041851
1coyA	69301.5	15800.6	0.516383435173091
1cpcA	21961.875	7494.68	0.5060312143280771
1cpcB	22802.5	7996.86	0.4862798505574921
1cpcK	22034.125	7500.71	0.5067327293393251
1cpcL	22802.5	7971.42	0.48783176469552303
1cpnA	29280.875	7283.76	0.6307411965088879
1cpoA	41861.875	11524.1	0.5059289806610486
1crkA	55331.125	14664.4	0.4788500015812991
1crkB	55210.125	14493.9	0.48377640650624304
1crkC	55430.375	14705.3	0.47808903160251803
1crkD	55364.75	14458.6	0.4858625706581452
1cseE	34756	8191.6	0.6287363645789553
1cseI	9314.625	3317.16	0.6453985047637889
1csgA	17586.5	5889.1	0.5553346941447124
1csgB	17491.75	5676.92	0.5740197803586421
1cshA	62120.625	16813.9	0.4511346747744403
1csmA	38380.875	11178	0.49226232692518546
1csmB	38355.25	11015.3	0.4993108540371954
1ctfA	9033.375	3212.62	0.652917223938092
1ctmA	35357.25	11469.6	0.4542080620457114
1ctnA	75162.625	18242.6	0.472134078039841
1cttA	40166.375	10173.8	0.5574971964771439
1cukA	25306.125	8661.27	0.48126725462433917
1cusA	26433.375	7029.88	0.610432935539354
1cyxA	22795.875	6165.48	0.6306011269267247
1dapA	44488.625	13165.9	0.4611755007267964
1dapB	44426.875	13018.5	0.4659654194855807
1darA	87597.875	24193.7	0.3942553064524978
1dcoA	14296.625	4736.45	0.6014324428297566
1dcoB	14473.125	4713.48	0.6093273394444082
1dcoC	14465.125	4761.14	0.6030055368629265
1dcoD	14479.875	4774.04	0.601784890821169
1dcoE	14336.25	4749.2	0.6009256048553533
1dcoF	14548	4754.01	0.6062143723550346
1dcoG	14411.5	4784.3	0.5986024788900526
1dcoH	14430.75	4659.99	0.6151179612956589
1ddtA	72243.5	20829.8	0.4027153744815414
1deaA	38322.75	10314.6	0.5329291934720123
1deaB	38449.875	10374.6	0.5310181738932332
1defA	20500.375	6354.63	0.5700352678406876
1dfjE	17225.125	5744.16	0.5615208036469376
1dfjI	64070.125	16181.5	0.4785225347422247
1dikA	121075.25	29791.2	0.3972827518572223
1dinA	32432.25	8334.69	0.5900824876759604
1dipA	11238.5	5727.71	0.42361890840499794
1dipB	11149.25	5776.02	0.4178488443805215
1divA	21013.625	7581.69	0.4857193666505956
1djxA	72653.5	19202.5	0.4384943932048216
1djxB	79965.125	21352.5	0.42037396173314145
1dkgA	21641.625	8981.76	0.4181344239144648
1dkgB	20687.125	8658.42	0.4208999767136064
1dkgD	51471.5	14636.3	0.457190683411444
1dlcA	85748	20879.5	0.4503809676388637
1dnpA	68683.75	18054.5	0.4492292142051052
1dnpB	68693.625	18023.2	0.4500525006997766
1dorA	44231.875	11721.7	0.5160008562146354
1dorB	44216.75	11675.7	0.5179156993272279
1dosA	50575.25	14460.8	0.4573519099339534
1dosB	50781.625	14415.7	0.46002996172620825
1dprA	19334.75	6325.59	0.5507343007713351
1dprB	19252	6336.58	0.5482093490743617
1draA	22582.625	6910	0.5591423135427421
1draB	22793.875	7039.62	0.5522643588111201
1dsbA	26859	8111.36	0.5347084007050684
1dsbB	26875	7840.96	0.5533677794369553
1dtsA	30527.875	8589.63	0.5499299645828237
1dupA	19037.375	7078.86	0.4870708936359176
1dvhA	10235.25	3828.52	0.595459425893187
1e2bA	14809.875	5064.34	0.5758758483658871
1ebhA	60410.5	14341.8	0.5191450884272149
1ebhB	60357	14419.1	0.5160570724778589
1eciA	5504.375	2519.08	0.5984770584422273
1eciB	5112.625	2246.96	0.6387311200227367
1ecmA	13575.5	5988.22	0.4595755686130145
1ecmB	14180.125	6393.65	0.4431206326746745
1edeA	45337.75	10415.4	0.5903571306887765
1efnA	7381	2747.5	0.6672520145852584
1efnB	15420.125	5103.88	0.5870056289475892
1efnC	7932.25	2890.45	0.6654512710886795
1efnD	15166.75	4996.63	0.5930190146210932
1eftA	58199.375	14663	0.49530590298562577
1emaA	31576.125	9085.24	0.5317656440879535
1enhA	8354.5	3043.63	0.6541930269608025
1epnE	43601.5	11206.9	0.534563844176158
1ercA	5259.875	2193.23	0.6668838943527909
1erjA	48420.25	12075.3	0.532031745792812
1erjB	48727.375	12040.9	0.5358055227114148
1erjC	49624.25	12417.8	0.5258987046537766
1escA	41790.75	10924.9	0.5330730959855877
1esfA	34613.125	9729.09	0.5279252620670292
1esfB	34208.875	9432.44	0.5402804687626754
1eta1	17844.75	5549.1	0.5951163544063872
1eta2	17908.875	5750.64	0.57563449846647
1etdA	15966.625	5769.96	0.5314389797799611
1etpA	24749.875	8431.58	0.4871063967172209
1etpB	24691.25	8496.38	0.48262770392014986
1exgA	13784	4709.37	0.590343548275426
1exnA	38977.875	11903.1	0.46705656546705526
1exnB	39020.25	11983.1	0.4642746515538496
1ezmA	40580	9911.04	0.5761995624137574
1fapA	15318.25	4787.63	0.6230214228436757
1fapB	14568.25	5108.65	0.5646546366186088
1fc2C	6292.625	2556.34	0.6447926473316236
1fc2D	29957.125	10080.1	0.46275668899737593
1fcaA	6878.375	2680.8	0.6524445523231821
1fd2A	14649.125	4612.04	0.6277675303710789
1fgpA	9392.125	3432.08	0.6272432042808528
1fimA	13968.625	4878.78	0.574921648381699
1fipA	10631.375	4528.01	0.5163803474929954
1fipB	10620.875	4537.24	0.5149905234201017
1fipC	356	313.541	0.7747408410833494
1fipD	363.375	308.321	0.7987012826325047
1fivA	16665.25	5889.99	0.5356866078255837
1fivB	289.625	277.201	0.7636834220922135
1fjmA	41413.5	10082	0.5741588393900733
1fjmB	41045.75	9777.52	0.5885285585981933
1fjmM	370.75	357.207	0.698690658484904
1fjmN	374	350.954	0.7152891916812704
1fkdA	15210	4952.38	0.5994546125077865
1fnbA	43195.375	11957	0.49791291864278686
1fowA	10589.375	4575.64	0.5096583713952377
1fpsA	51739.75	15296.6	0.4389739664593279
1frdA	13519.25	4276.45	0.641754799562124
1froA	25117.625	9309.9	0.4455107179311668
1froB	25141.125	9290.89	0.4467006775535691
1froC	25125.75	9283	0.446898054074694
1froD	25149.75	9291.46	0.4467754262906948
1fuaA	29375.75	8404.02	0.5478433020295244
1fuiA	84314.5	20770.2	0.4476909260632981
1fuiB	84438.625	20721.9	0.4491747341645989
1fuiC	84476	20949.5	0.4444258960998921
1fuiD	84443.75	20605.6	0.4517281973178641
1fuiE	84381.5	20880.2	0.44556831287794624
1fuiF	84372.75	20980.9	0.44339910662606496
1fwpA	9102.25	3232.96	0.6521031523256617
1gabA	7768.5	3144.98	0.6031486359637486
1galA	79832.75	17510.8	0.5120340747300298
1garA	27911.875	8366.45	0.5318660209167325
1garB	26862.875	7729.7	0.5611640143602895
1gbsA	25915.375	7128.09	0.5941315498373567
1gdlA	21683.25	6704.44	0.5608816100796582
1gesA	62469.375	17743.1	0.4291074601571802
1gesB	62358.125	17848	0.4260788067000484
1ggtA	104841.75	25382	0.4236245551587109
1ggtB	104323.625	25438.7	0.42128661117815575
1gkyA	26507.625	8596.25	0.5001369783502433
1glaF	22105	6603.4	0.5768242791373616
1glaG	68967.75	15683.1	0.5185805828074496
1glmA	64393.625	14332.6	0.5420687778070995
1glnA	68970.875	18229.8	0.44614843889222555
1gmpA	13333.875	4611.56	0.5896674847208674
1gmpB	13233.375	4578.62	0.5909216972685339
1gndA	64365.875	16817.2	0.4618499353223835
1gofA	87188.625	18954.6	0.5016598991000221
1gpbA	123457.25	29518.8	0.40619055927913456
1gplA	60977.25	14851.3	0.504465584275559
1gpmA	72250.5	19814.8	0.42337154873583177
1gpmB	72152.75	19899.2	0.4211955425189213
1gpmC	72300.5	19889.6	0.4219739189730049
1gpmD	72138.75	20041.2	0.4181571023658461
1gprA	21883.125	6149.49	0.61524947582764
1grjA	21211.375	7452.42	0.49723995280916733
1grlA	65182.375	20155.9	0.38859933214265285
1grlB	65192.5	20205.9	0.3876778744898171
1grlC	65192.625	20212	0.387561368359966
1grlD	65199.875	20132.5	0.38912063222832616
1grlE	65243.125	20174.4	0.38848417606456526
1grlF	65271.875	20134.2	0.3893741702746874
1grlG	65240.875	20142	0.3891001375559767
1gtpA	32058.625	10785.5	0.4524880377076703
1gtpB	32090.875	10779.4	0.4530476783608601
1gtpC	32070.625	10769.1	0.4532902007626177
1gtpD	32085.125	10785.1	0.45275414886239695
1gtpE	32039.375	10835.3	0.4502280422960669
1gtpF	32068.5	10772.3	0.45313552957776193
1gtpG	32061.75	10763	0.4534634277634344
1gtpH	32066.5	10777.7	0.4528896619514305
1gtpI	32069.875	10798.4	0.452053211108772
1gtpJ	32058.5	10783.1	0.45258757173622366
1gtpK	32058.75	10803.2	0.4517478540235111
1gtpL	32063.625	10785.1	0.45255186817601084
1gtpM	32049.625	10751.9	0.4538171209952646
1gtpN	32080.625	10750.8	0.4541561738313889
1gtpO	32094.25	10791.3	0.45257981361057487
1gtpP	32085.25	10721.7	0.4554325762978869
1gtpQ	32120.75	10758.9	0.45419258361937154
1gtpR	32076.625	10798.6	0.4521082667422219
1gtpS	32082.125	10742.1	0.4545381618511742
1gtpT	32053.875	10772.3	0.4529977492857184
1gtqA	20200.875	6554.14	0.5472870831177148
1gtqB	20120.625	6526.35	0.5481609262278165
1gtrA	77966.625	20510.6	0.43030684000279845
1gtrB	23205.375	10464.6	0.37597060056562076
1guaA	24352.875	7370.14	0.551283778230645
1guaB	11350.25	3989.66	0.6121885317328997
1gymA	43887.75	10293.4	0.5845488616423894
1gziA	8918.75	2953.79	0.7041099837783201
1hanA	40034.375	10217.1	0.5539176228593494
1havA	31968.75	9395.22	0.5184747459055116
1havB	31455.375	8957.86	0.5379514699870035
1hbpA	25360.25	8207.26	0.508613972072803
1hcdA	17975.375	6208.27	0.5345218971765969
1hcrA	7603.625	3393.55	0.551032226473377
1hcrB	4238.25	2312.92	0.5475803985349507
1hcrC	3863.75	2186.57	0.5445779900886755
1hdjA	11530	4443.89	0.5554014754805537
1hfcA	22118.75	6532.37	0.5833381799168483
1hgeA	45797	13908.2	0.44507979968564637
1hgeB	25175	10440.4	0.3978749888026914
1hgeC	45817.75	14127.1	0.43831561635075705
1hgeD	25133.25	10387.4	0.3994628254691361
1hgeE	45810.625	13976.9	0.44297995829990483
1hgeF	25241.125	10407.1	0.3998467177142401
1hjrA	22103.5	7446.62	0.5114842880240029
1hjrB	21918.875	7520.78	0.5036166499505603
1hjrC	21884.5	7249.66	0.5219043353773337
1hjrD	21849.875	7290.02	0.518467306624479
1hmeA	11389.625	5012.97	0.48834712563078736
1hmsA	19272.5	6176.39	0.5628268181808669
1hmyA	49483.875	13402.1	0.48635539518857207
1hoeA	9872.375	3450.77	0.6449348914316085
1hplA	63274.25	15758	0.4873051851460708
1hplB	63292.625	15797.1	0.4861931426693544
1hpmA	53088.75	14309.5	0.4773768254760969
1hqiA	13597.875	5764.23	0.47795849640759047
1hrdA	63152.375	15917.8	0.481793429335852
1hrdB	62799.25	16080.5	0.47513922054605057
1hrdC	62816.25	15958.7	0.47885197696410886
1hstA	10360.5	4077.41	0.5636638952812781
1hstB	10279.875	3878.91	0.5894310059650304
1httA	52430.25	15480.7	0.4376042008160433
1httB	51044.75	15000	0.4436361417214773
1httC	52200.375	15470.8	0.4366033879318181
1httD	50904.125	14930.3	0.4448882217433105
1humA	10066.75	4316.67	0.5223097478015034
1humB	10071.375	4327.61	0.5211489336879731
1hvdA	45151	12507.4	0.49026249111106907
1hvqA	37928.125	9420.35	0.5795060864205878
1hxnA	29617.75	8753.87	0.5288332343382918
1hxpA	49065	14312.4	0.4528484247703643
1hxpB	47688.875	13354	0.4762307903025363
1hypA	9967.125	3833.96	0.584184213723808
1ibaA	10900.375	4010.3	0.5928364367965315
1idkA	48279.625	11329.9	0.5659359814058993
1idmA	47367.25	12555.8	0.504225938600668
1ifjA	6528.875	3546.83	0.47628765007083773
1igdA	8317.375	3274.58	0.6062513351308525
1ignA	28199.875	10279.9	0.4358396027838462
1ignB	28184.25	10253.4	0.43680460949205946
1ignC	5628.375	3238.14	0.47254574111530384
1ignD	5873.75	3274.81	0.4807378557531807
1ignE	5363.25	3054.75	0.48505815670544955
1ignF	5848.625	3274.98	0.4793410872821071
1ihfA	14033	6479.83	0.43419771057197304
1ihfB	13386.375	6163.68	0.4423364205092233
1ihfC	10882.25	5999.21	0.39585474882523
1ihfD	4644.375	2487.45	0.5411877411994528
1ihfE	6100.125	3380.26	0.47763173492030453
1ihwA	8392.625	3441.92	0.5802501102020557
1ihwB	8396	3416.97	0.5846436611864105
1ilkA	22568.125	9857.47	0.39178606015259304
1imqA	11472	4332.53	0.5677650279055877
1irsA	16758.625	5618.71	0.5636459999865138
1irsB	1310.625	968.095	0.5982533135000768
1jvrA	19641.125	9192.44	0.3829695346688125
1kapI	416.25	348.241	0.7741772191213492
1kapP	62995.125	16077.2	0.47622443093836353
1kfdA	81211.875	22106	0.41025478065980997
1kifA	49595.75	13426.6	0.4861993589595193
1kifB	49585.5	13339.5	0.489306559430318
1kifC	49586.75	13304.3	0.4906093927157121
1kifD	49598.375	13290.4	0.49119926062750763
1kifE	49576	13403	0.48692614676525536
1kifF	49615.625	13278.6	0.491749749077513
1kifG	49615.75	13328.9	0.48989482892964104
1kifH	49631.875	13280.2	0.4917978554115506
1kitA	105529.75	25741.4	0.4195353569889422
1knbA	26387	7421.98	0.5775075809115288
1kpaA	15858.625	5448.69	0.5602334614963782
1kpaB	15784	5363.83	0.5673100811714409
1kptA	13673.5	4236.32	0.6527524288273202
1kptB	13805.125	4349.58	0.6398286709827257
1kuhA	17770.875	5295.06	0.621945667736042
1kvdA	7939.125	4141.15	0.46474164344864544
1kvdB	9712.125	4266.34	0.5159862996517633
1kvdC	7919.125	4125.75	0.46569261225898056
1kvdD	9659	4221.8	0.519526748958567
1lamA	68177.25	16842.5	0.4791857430333222
1lbaA	20866.5	6259.56	0.5855626816788158
1lbdA	34109.375	10492.2	0.48476739879363484
1lbuA	28039.625	7722.29	0.57798888265636
1lctA	44866.75	12209.4	0.5001184504927305
1leaA	10858.375	3564.7	0.6652287788625965
1lfaA	27004.625	7767.77	0.5603764392307882
1lfaB	26786	7523.19	0.5754673267002065
1lgrA	62576.75	16650.5	0.45778916995677293
1lgrB	62523.625	16678.2	0.45677014851003467
1lgrC	62571.125	16636.1	0.458157968714911
1lgrD	62508.25	16698.5	0.4561400690321875
1lgrE	62535.75	16677	0.4568620712074359
1lgrF	62554.875	16669.7	0.45715532300630163
1lgrG	62482.25	16703.6	0.455874342495961
1lgrH	62520.25	16687.6	0.456496424908406
1lgrI	62525	16707	0.4559894403808152
1lgrJ	62525.375	16730.2	0.45535893420819124
1lgrK	62458.75	16746.6	0.45458978199798167
1lgrL	62515.125	16703.7	0.45603150368707474
1lisA	20049.125	6915.99	0.5160519026688858
1litA	18125	5600.95	0.5957642500681466
1llaA	89762.25	21209.4	0.4571073753004545
1lliA	12445.5	4327.7	0.6001160055350647
1lliB	12925.5	4781.03	0.5570928147793044
1lliD	6127.25	3400.57	0.47618546955653834
1lliE	6044.75	3371.85	0.47592089666021975
1lmlA	63771.25	16794.3	0.4596269699997115
1lpeA	21630.375	7000.11	0.5363174888374661
1lreA	11917.5	4568.51	0.552288904636881
1lrvA	34075.125	10587.7	0.48007320767188977
1ltsA	26828.875	7971.09	0.5437109171047577
1ltsC	6027.75	3255.95	0.49193744973021963
1ltsD	15130.625	5445.5	0.5432723566570131
1ltsE	15158.125	5475.43	0.5409571717493995
1ltsF	15096	5533.01	0.5338639485016052
1ltsG	15090.875	5445.97	0.5422736408003901
1ltsH	15112.5	5455.03	0.5418900671706525
1lucA	46235.75	12573	0.4954849643577222
1lucB	45209.125	12224.8	0.5020262539219984
1lxaA	35588.875	9932.79	0.5267716299867148
1maiA	17734	5493.3	0.5986715359801341
1mbbA	48002.5	13296.3	0.48039213670189485
1mekA	17591.125	5906.21	0.5538229939569089
1mhlA	14676.75	8097.22	0.3580151870451793
1mhlB	14660.375	8155.17	0.355206708074422
1mhlC	68370.75	19865.3	0.40703887801352495
1mhlD	68391.25	19855	0.40733143528083793
1mioA	74428	19304.8	0.4432441889258077
1mioB	64568.75	16861.8	0.46159572363219886
1mioC	74989.25	19284.1	0.44594786566673356
1mioD	64478.75	16831.8	0.4619886458514621
1mjcA	9183.375	3333.4	0.6362067015090157
1mkaA	24340.125	7264.76	0.5590852773916135
1mkaB	24384.375	7129.9	0.5703504277315793
1mlaA	41364.375	10167.2	0.5688971206345713
1mliA	5109.75	4130.18	0.3473614189076047
1mliB	5081.625	4108.37	0.34792287547079626
1mliC	5096	4119.88	0.34760485821373105
1mliD	5093.125	4118.73	0.34757112660329065
1mliE	5093.375	4135.76	0.34615124469855774
1mliF	5098.125	4125.43	0.34723371641338957
1mliG	5092	4127.83	0.34675381787523585
1mliH	5089.25	4131.56	0.34631602178912557
1mliI	5096.75	4102.12	0.3491440550315944
1mliJ	5097.5	4119.25	0.3477262394617862
1mmdA	107914.375	29587.2	0.37048144085196943
1mmoB	57292	15912.8	0.45164808763981634
1mmoC	57261.125	16038	0.4479613034104734
1mmoD	77014.625	19517.7	0.4485087873384595
1mmoE	76779.25	19342.8	0.45164169320282405
1mmoG	24451.625	8635.29	0.4717866872254783
1mmoH	24489.25	8420.03	0.4843442432379105
1mngA	29961.75	8041.03	0.5801637097794891
1mngB	29925	8184.88	0.5695011177083481
1molA	14250.25	4765.24	0.5965053386569824
1molB	14124.875	4728.81	0.5975698380154638
1mrjA	35435.5	9414.01	0.5542025409953941
1msaA	14962.75	5099.26	0.5758613284993043
1msaB	14957.75	5146.92	0.57040179930016
1msaC	14962	5131.14	0.572264352803277
1msaD	14978.375	5126.83	0.5731632552530456
1mseA	3414.625	1943.06	0.5643648065395109
1mseB	3531.125	1987.25	0.5642960539829512
1mseC	16545.625	5843.2	0.537389064240933
1mskA	47390.375	12849.5	0.4928612332161572
1mspA	17271.125	5823.75	0.5548324066098375
1mspB	16396.125	5568.91	0.5604558488020357
1mutA	19821.875	7029.42	0.5038807733722599
1mxaA	52992.375	13083.9	0.5214617980336131
1mykA	6984.875	3400.63	0.5196335320584873
1mykB	6628.75	3313.58	0.5150006269405016
1nal1	41020	10448.3	0.5505147099980314
1nal2	41055.5	10426.8	0.5519680989682493
1nal3	41126	10399.3	0.5540611065868848
1nal4	41081.625	10391.3	0.5540887306335597
1nbaA	34993.625	10578.9	0.48906836122523384
1nbaB	34935	10720.3	0.48207841231153875
1nbaC	35113.625	10606.9	0.48889180927530496
1nbaD	35044.875	10692.3	0.48435374932194286
1nbcA	21815.5	5847.99	0.6456358204434735
1nbcB	21806	5856.68	0.6444906694007846
1nciA	14539.5	5186.21	0.555478184657885
1nciB	13489.875	4978.52	0.5504558421551922
1neuA	16740.5	5487.96	0.5766586409590962
1nfpA	33800.125	10207.2	0.4952863636896023
1ngrA	11846.5	3811.46	0.6593552432163611
1nklA	11659.5	3807.42	0.6530903833111835
1noaA	14029.125	4768.62	0.5899000937658715
1noxA	29351.5	9758.8	0.471528456683247
1noyA	55755.5	15772.5	0.4474818226643612
1noyB	51868.625	15074.8	0.4461720790383905
1noyS	891.375	558.244	0.8023558564364391
1npkA	20655.75	6619.92	0.549952730328714
1npoA	9872.375	3759.83	0.591920904749803
1npoB	1173.375	749.187	0.7181003068860476
1npoC	9442.625	3588.13	0.6021126944586788
1npoD	1173.625	714.752	0.7528035296482017
1nulA	19715.875	6537.74	0.5398426384530564
1nulB	19436.875	6452.44	0.5418067910598195
1nzyA	38000	11847.4	0.46137083466188833
1nzyB	37926	11827.5	0.46154692476689446
1nzyC	37750.625	11908.1	0.4570086452076427
1oacA	105332.75	28576.2	0.3774463786753619
1oacB	105733	28828.3	0.37509285790508146
1obrA	45767.5	10462.6	0.5914017828658183
1occA	74458.625	18501.5	0.4626158686547641
1occB	33294.75	11729.7	0.4266918935456732
1occC	38299.25	12431.7	0.4419913631016552
1occD	21196.375	9852.11	0.3759492897114859
1occE	15698	5474.89	0.5537812873271244
1occF	13130.875	5857.08	0.45954926939917085
1occG	11703.125	5800.55	0.42975029057663716
1occH	10988.5	4219.54	0.566471360773014
1occI	10665.875	5548.62	0.4223088033181199
1occJ	7751.625	3973.68	0.47667210455180686
1occK	6600	3687.28	0.46146697970074874
1occL	6840	3676.14	0.47401943678649483
1occM	5899.875	3282.91	0.4809726204084313
1occN	74503.25	18483.9	0.4632413582794452
1occO	33274.625	11801.9	0.42391063018855374
1occP	38320	12441.7	0.44179561358657593
1occQ	21186.625	9847.94	0.37599313638662535
1occR	15696.875	5481.27	0.5531102785310542
1occS	13142.75	5859.38	0.4596457950908147
1occT	11723	5809.78	0.4295531887894501
1occU	10984.375	4216.46	0.566743272955228
1occV	10672.75	5539.53	0.42318353650183627
1occW	7779.875	3962.8	0.4791414208299837
1occX	6583.5	3682.45	0.4613018104840893
1occY	6827.75	3681.93	0.4727087822851538
1occZ	5898.625	3271.48	0.4825848825308549
1octA	4566.375	2588.73	0.5141759396890649
1octB	4454.875	2524.86	0.5185657598643174
1octC	19266	7229.15	0.4807558663782541
1ofgA	52365.375	15034.9	0.45020784593953034
1ofgB	52419.125	14978.6	0.45220922004534786
1ofgC	52430.375	14936	0.45356388048476365
1ofgD	52371.375	15023.7	0.4505778855590695
1ofgE	52376.375	14988	0.45167986574741537
1ofgF	52403.375	15017.3	0.4509535118245555
1olgA	6410.75	3790.57	0.44026973355871707
1olgB	6403.75	3786.47	0.4404255616880356
1olgC	6419.625	3789.75	0.44077132796973445
1olgD	6403.875	3775.73	0.44168409236828304
1opcA	14599.375	4788.78	0.6032288189399923
1orbA	42098.75	11583.9	0.5052140953565386
1ordA	106237.125	26740.1	0.4056691390416706
1ordB	106258.25	26822.2	0.4044810386416277
1ospH	30068.375	9529.99	0.4906799566990241
1ospL	30010.875	9449.79	0.4942132739020288
1ospO	35211	12042.5	0.4314061935104289
1otfA	8351.875	3564.02	0.5585559072783798
1otfB	8346.375	3555.15	0.5597036308829584
1otfC	8352.5	3530.22	0.5639319185962046
1otfD	8308.5	3578.65	0.5543448049435922
1otfE	8363.375	3548.76	0.5614725672334364
1otfF	8317.75	3527.12	0.5628609651412328
1otgA	18195.25	6228.78	0.5370975245492186
1otgB	18243.125	6292.25	0.5326120376006087
1otgC	18245.25	6305.63	0.5315231523788482
1ounA	18172.75	6097.32	0.548225085984384
1ounB	17627.25	5834.63	0.5613846237461452
1pauA	20500.25	7006.32	0.5170115680241759
1pauB	13707.625	5384.41	0.5144235147524114
1pauC	388.875	334.802	0.7695486789556778
1paxA	51380	13972.6	0.4783395581633461
1pbaA	12106.5	4391.94	0.5805506697240372
1pbeA	56852	14859	0.48119935896003224
1pbnA	41478	10807.9	0.5361521003922879
1pdaA	41742.25	11155.8	0.5216357022333917
1pdnA	4554.75	2581.49	0.5147425154561627
1pdnB	4523.75	2533.33	0.5221453593903805
1pdnC	16774.75	7111.25	0.44563115818488663
1pdoA	18005.125	5644.49	0.5885592330925966
1pdrA	13184.75	4261.99	0.6332661842851391
1pfkA	45676.125	12312	0.5018974851982586
1pfkB	45621	12155.6	0.5079460544363827
1pgsA	44287.875	11186.4	0.5411491845804627
1phbA	59085.5	14570	0.503514346705482
1phpA	56131.5	14500.7	0.48891450527259894
1phrA	22317.75	6492.17	0.5904654807241666
1piiA	63832.5	16155.2	0.47811571831122535
1pilA	16089.875	6268.02	0.49172489672159936
1pkpA	19759.875	6115.01	0.5780202874311385
1pkyA	63285.875	16575.1	0.4633393233084542
1pkyB	63390.375	16470	0.4668091993384664
1pkyC	59287.75	16420.9	0.447779094952728
1pkyD	63427.875	16374.5	0.46971689867308564
1plcA	13572.625	4114.16	0.6688245107349694
1plqA	37175.25	10806.1	0.4984838290400597
1pma1	29150.875	8537.71	0.5365091366312429
1pma2	29204.875	8520.15	0.5382786051510093
1pmaA	32019.375	9707.63	0.502318850755525
1pmaB	29213.125	8530.97	0.5376971334545522
1pmaC	31986	9710.07	0.5018435951295934
1pmaD	32019.875	9688.35	0.5033237144972353
1pmaE	32030.25	9722.38	0.5016703324353305
1pmaF	31990	9722.24	0.5012571881651241
1pmaG	31980.625	9727.4	0.5008934058714734
1pmaH	32029.25	9705.33	0.5025411901484023
1pmaI	31972.75	9710.09	0.5017039618153979
1pmaJ	32042.125	9743.46	0.5007086854523891
1pmaK	31990.625	9725.2	0.5011111503803077
1pmaL	32053.75	9684.44	0.5038819971104922
1pmaM	32080.25	9656.32	0.5056278317782666
1pmaN	32034.875	9675.9	0.5041287231357436
1pmaO	32060.25	9679.19	0.5042234573336578
1pmaP	29238.625	8520.34	0.5386812129243667
1pmaQ	29199.25	8511.08	0.5387830397630484
1pmaR	29263.875	8506.97	0.5398384061618178
1pmaS	29222.5	8554.04	0.5363617009287541
1pmaT	29160.5	8575.97	0.5342331694734784
1pmaU	29198.125	8597.1	0.5333784379391391
1pmaV	29207.875	8590.58	0.5339020792709638
1pmaW	29229.25	8518.23	0.5386994641567848
1pmaX	29264.75	8525.26	0.5386909804855271
1pmaY	29267.25	8489.5	0.5409908961056346
1pmaZ	29271.875	8506.96	0.5399374217837848
1pmdA	37628.125	28368.7	0.19141960188497675
1pmiA	63118.375	15642.2	0.4901061621868174
1pnbA	4530.5	2665.65	0.49672012386494985
1pnbB	10144.375	4661.7	0.4861347500395577
1pneA	18979.25	5812.09	0.5920219715163499
1pnkA	27912.25	10745.4	0.41411862998851745
1pnkB	80687	23993.8	0.37634614257996585
1pnrA	47609.125	14285.3	0.44468746999269804
1pnrB	5141.5	2862.86	0.5032037945751384
1poaA	15984.875	5607.82	0.5472211684029615
1pocA	18795.5	6522.49	0.5241311341733251
1pprM	41949.75	15226.5	0.3834454797052656
1pprN	41924	15209.3	0.3837220062278124
1pprO	41939.5	15229	0.3833200801194438
1prcC	47859.5	16595.7	0.38412035404865313
1prcH	36245.125	14265.3	0.37128119208818205
1prcL	38653	14280.1	0.3871462114546907
1prcM	45462.625	17576.3	0.3504771215194284
1prrA	24757.75	7397.31	0.5553299386798366
1prtA	31401.375	9210.88	0.5225751779725732
1prtB	27528.5	8496.63	0.5189104895259088
1prtC	27554.25	8268.18	0.533580477642312
1prtD	15473	5166.36	0.581231500114298
1prtE	15561.625	5147.16	0.5856251953254301
1prtF	13911	5122.87	0.5460214322207521
1prtG	31435.625	9251.77	0.5206437945986382
1prtH	27462.625	8491.66	0.5183855559179826
1prtI	27547.5	8258.4	0.5341251216414233
1prtJ	15498.875	5155.47	0.5831084178235388
1prtK	15574	5148.5	0.5857831221040628
1prtL	13952.375	5099.48	0.5496129942066296
1psdA	56688.875	16305.5	0.4376717976178577
1psdB	56626.75	16535.2	0.43127646933909203
1pseA	9861	3850.54	0.5775325387601802
1ptaA	45072.875	12470.3	0.491153673771645
1ptfA	11742.375	3695.19	0.6761109678637692
1pudA	52654.625	13019.1	0.5218281593146004
1pvdA	77006.75	18927.3	0.462467610685069
1pvdB	76814	19133	0.45673185958866036
1pvuA	22866.25	7689.23	0.5066770552290439
1pvuB	22828.25	7521.41	0.5174081612907638
1pxtA	47056.625	11606.3	0.5430888037247421
1pxtB	47745.875	11942.8	0.5329279970752677
1pyaA	11117	5675.05	0.424462671168566
1pyaB	32077.5	10585.5	0.46121818653044805
1pyaC	11165.25	5669.68	0.4260931423955964
1pyaD	32098.5	10562.6	0.4624198297782459
1pyaE	11182.75	5682.55	0.42557221868897643
1pyaF	32034.125	10569.1	0.4615173456295064
1pypA	39820.875	12087.6	0.46653537219325636
1pypB	39789.375	12133	0.46454451711762973
1qapA	40962.875	12311	0.4667859190380875
1qapB	40793.375	12186.7	0.4702452631068041
1qbaA	125925.625	27113.9	0.4480930534148347
1qrdA	40967.875	12303.9	0.46709328477681167
1qrdB	40916	12261.1	0.46832801392020845
1raaA	44933.125	11563.7	0.5285649865615901
1raaB	22247.5	7569.88	0.5053387555766511
1raaC	44826.75	11768.4	0.518551074614035
1raaD	22182.875	7838.27	0.48708990248678585
1regX	18761.5	6089.27	0.5607430916837464
1regY	18510	5879.9	0.5755085724538089
1reqA	102200.125	26315.9	0.4016984739104067
1reqB	85848	23348	0.40307688579551365
1reqC	101988.5	26376.6	0.40022060811996135
1reqD	85904.25	23397.2	0.40240497142147214
1rgpA	27473.875	8144.12	0.5406546041115403
1rgsA	36832.375	11396.7	0.46974066400728065
1ripA	11959.875	5493.69	0.4603672304424447
1risA	15102.125	4917.69	0.6008254909109099
1rlaA	44481.125	11246.6	0.5398171987761983
1rlaB	44542.5	11218.1	0.5416863309409837
1rlaC	44480.625	11240.8	0.5400916849253229
1rlrA	108246.875	25257	0.4348898503046765
1rnlA	29045.375	8247.03	0.5540783856028547
1rpaA	50360	13543.6	0.48693817097964753
1rpoA	8955.625	3669.99	0.5682636070678186
1rroA	15126.75	4837.91	0.6113971724927829
1rsyA	19357.875	6262.88	0.5566922237917407
1rtm1	20795.625	7578.53	0.48255535047068127
1rtm2	20677.875	7643.84	0.4766246219326637
1rtm3	20710.625	7562.42	0.4822646928309986
1rvaA	36881.5	11524.1	0.4649606041627893
1rvaB	36918.75	11489	0.46669507797834187
1rvaC	3420.5	1896.02	0.579029833102237
1rvaD	3422.375	1903.29	0.5770288871408579
1rvv1	21087	6838.93	0.5397249541033248
1rvv2	21115.75	6842.19	0.5399580277474386
1rvv3	21105.5	6830.22	0.5407292494249628
1rvv4	21131.5	6812.23	0.5426023946984748
1rvvA	21095.5	6838.86	0.5398755094575791
1rvvB	21111	6833.67	0.5405501501436042
1rvvC	21110.375	6812.14	0.5422478746842128
1rvvD	21146.625	6823.5	0.5419646636614476
1rvvE	21109	6820.68	0.5415454233392314
1rvvF	21116.75	6808.39	0.5426557614352693
1rvvG	21108.125	6827.89	0.5409586217943836
1rvvH	21109.125	6830.79	0.5407460366856093
1rvvI	21119.25	6833.55	0.5407004640129683
1rvvJ	21116.75	6821.37	0.5416231724123267
1rvvK	21100.5	6837.78	0.5400460973220716
1rvvL	21106.875	6827	0.5410077840725042
1rvvM	21100	6847.42	0.5392772851302903
1rvvN	21126.625	6825.31	0.5414792584933551
1rvvO	21104.75	6824.85	0.5411418913741933
1rvvP	21105.75	6813.62	0.5420509067619154
1rvvQ	21115.875	6832.24	0.5407465191781275
1rvvR	21109.75	6823.38	0.5413439569320881
1rvvS	21127.625	6811.55	0.5425902209475731
1rvvT	21125.375	6799.69	0.5434980150660526
1rvvU	21091	6838.51	0.539826358100928
1rvvV	21106.25	6843.38	0.5397021982752912
1rvvW	21101.875	6841.45	0.5397798454817712
1rvvX	21105.625	6826.7	0.5410101977065992
1rvvY	21105	6822.01	0.5413714437554903
1rvvZ	21118.875	6827.41	0.5411803183272604
1rytA	27163.5	8792.28	0.49701912395387476
1sacA	30276.125	7770.15	0.6045815850568796
1sacB	30194.875	7637.95	0.6139450058090835
1sacC	30214.125	7657.33	0.6126514162738553
1sacD	30220.625	7719.76	0.6077840336272244
1sacE	30253.75	7778.81	0.6036109411681643
1scsA	32581.75	8930.19	0.5524246257699611
1scuA	37452.5	9775.28	0.5537861971833378
1scuB	52323.875	15558.3	0.4348324196058301
1scuD	37362.125	9748.67	0.5544041440451076
1scuE	52225.375	15377	0.43940691609021365
1seiA	19019.125	6006.67	0.5736460931656211
1seiB	18978.375	5990.36	0.574386050740663
1setA	61472.625	17218.8	0.4374573811928861
1setB	61612	17255.3	0.4371916057656379
1sfeA	22953.5	7056.78	0.5534904829493856
1sftA	56140.125	14442.8	0.4909248063321375
1sftB	55956.375	14446.4	0.48973093362724895
1shaA	14864.25	4965.88	0.5887305483389675
1shaB	582.375	438.383	0.76930561544682
1sigA	45851.625	14659.9	0.42259362179128634
1slaA	19007	5311.51	0.6484480236184449
1slaB	18976.625	5192.52	0.6626007609036633
1sluA	19163.875	7839.82	0.4417401957945592
1sluB	29406.125	8156.72	0.564842157140145
1slyA	89769.25	24797.7	0.3909829215188585
1smnA	33480.75	8719.27	0.5761480775110521
1smnB	33482.75	8629.95	0.5821343929772066
1smpA	62856.5	15758.3	0.4851487204566833
1smpI	13502.375	4436.09	0.6181452736026464
1spbP	10187	4094.39	0.5550419234446285
1spbS	33456	8355.96	0.6009021840956108
1sraA	22962.375	7283.17	0.5364240172031406
1sriA	15704.375	5591.08	0.5424197858353699
1sriB	15972	5763.04	0.532196513365398
1srsA	12240.875	5671.46	0.45289503526718855
1srsB	11761.875	5461.25	0.4579764080720019
1srsC	5734.125	3210.32	0.4825925029274983
1srsW	5375.5	3137.7	0.4729536894074245
1ssoA	9777.25	4182.98	0.5286190580651237
1stdA	24390.25	7546.4	0.5389582667788115
1stmA	19399	6337	0.5509598851843469
1stmB	19400.125	6332.41	0.5513805606614879
1stmC	19412.5	6346.08	0.5504267870802446
1stmD	19393.875	6351.99	0.5495628666813017
1stmE	19408.25	6311.55	0.5533573498016447
1stuA	9564.625	3764.09	0.5788989437916116
1styA	19993.75	6233.68	0.5714818716843162
1tadA	46278.5	12957.2	0.4810894260077424
1tadB	46272.875	12820.2	0.48619107244380705
1tadC	46464.125	13006	0.4805650878437946
1tafA	9931.375	4556.77	0.4903429513082385
1tafB	9556.125	4353.78	0.500194439140978
1tahA	41924.75	10746.6	0.5430752715237479
1tahB	41912.75	10878.2	0.5364029899212474
1tahC	41918.625	10729.7	0.5438776732912043
1tahD	41926.375	10753.6	0.5427357833109129
1tbdA	19636	6232.89	0.5647158939328313
1tdtA	35052.375	10260.3	0.5048190069173777
1tdtB	35110.75	10347.2	0.501134942020435
1tdtC	34854	10260.5	0.5029027584654583
1tfeA	20704.875	7101.57	0.5134657669939682
1tfrA	42140.25	11902.7	0.4920055956948853
1thjA	28759.375	8531.42	0.5320867337351624
1thjB	28733.125	8547.71	0.5307494914443209
1thjC	28733.625	8545.27	0.5309071996073401
1thtA	42099.125	11291.3	0.518309168373038
1thtB	42524	11256.8	0.5233897913480119
1thwA	27842.625	8032.83	0.5530388837425348
1tifA	11558.375	4252.6	0.581336301734241
1tigA	13068.25	4364.51	0.614742993708074
1tmlA	38760	9811.77	0.5644939316247963
1tnsA	11067.625	4596.14	0.5225491745701271
1tpfA	34800.625	9480	0.5437515188097954
1tpfB	34690.25	9359.33	0.5495969543504772
1tplA	61577.875	16354.8	0.4610931659939618
1tplB	61867.75	16364.2	0.4622733890305446
1tptA	24755.75	18478.1	0.2223024267328407
1trkA	95690.125	22353	0.45261233724846
1trkB	95710.75	22281.8	0.4541238723647437
1tspA	75013.25	21166.8	0.40636931443575774
1tulA	14771.75	4886.47	0.5958132911857112
1tupA	27709	8400.66	0.5271302650251535
1tupB	27292.875	8188.08	0.5353875134383742
1tupC	27422.375	8215.49	0.5352878225190819
1tupE	6214.625	3471.36	0.47089898561689303
1tupF	6387.625	3517.42	0.4733178000081068
1tysA	39055.75	10508.9	0.5297246547157075
1uaeA	57795.375	13237.6	0.5460975917316414
1ubiA	11130.125	3757.95	0.6415046690883822
1ucwA	45397.25	11571.8	0.5318260049257196
1ucwB	45422.625	11564.6	0.5323553969086721
1udgA	33586.375	9209.08	0.5466507739122511
1udiE	33439.25	8941.57	0.5613598694950065
1udiI	11744.75	4090.2	0.6108980863607987
1uloA	19668	6372.23	0.552967340222322
1umuA	13718.75	5354.84	0.5175440503510659
1umuB	13918	5496.91	0.5090378230778349
1uplA	46510	14600.5	0.4283649768044572
1uplB	45954.125	13887.3	0.4467685990366365
1utgA	10004.125	4162.13	0.539454172724031
1v39A	43955.875	11812.9	0.5098849775968741
1vaoA	79247.375	20103.9	0.4438065758986426
1vaoB	79186.375	20149.2	0.44258153603969225
1vcaA	28844.125	9188.48	0.49500778542222623
1vcaB	28937.875	9234.92	0.4935851418410956
1vccA	11386.625	4023.81	0.60828905798195
1vdfA	6524	3418.48	0.4939242883323842
1vdfB	6519.375	3568.12	0.47298639402941034
1vdfC	6543.125	3393.14	0.49858494095506956
1vdfD	6529.875	3476.29	0.4860019785218016
1vdfE	6511.375	3446.26	0.4893105245772135
1vhhA	22428.125	6392.64	0.6016342084299307
1vhrA	25448	7094.38	0.589755656310922
1vhrB	25455	7260.33	0.576381232365057
1vidA	31000	8085.86	0.5901997703580811
1vieA	8024.125	3119.38	0.6213662086094699
1vigA	10844	4487.02	0.5280225358902297
1viiA	5358.375	2432.22	0.6088402260742084
1vinA	37080.25	10285.9	0.5228016254325804
1vjwA	7623.5	2817.07	0.664950661358329
1vmoA	22762	6641.12	0.5848570682277452
1vmoB	22744.375	6888.96	0.5635249290150339
1vncA	81415.125	19555.2	0.4645422921821132
1volA	28724.5	8217.6	0.5519597958843319
1volB	27063.875	8450.24	0.5158717352464917
1volC	4971.375	2753.38	0.5116060290256875
1volD	4756.125	2678.72	0.5105743319519022
1vtmP	22361.25	7806.15	0.49171253952080624
1vtmR	980.125	746.494	0.6392127775805723
1wapA	9690.75	3876.18	0.5670897288987938
1wapB	9540.125	3692.63	0.5890936946148603
1wapC	9479.375	3763.97	0.5754723221235077
1wapD	9527.25	3705.56	0.5865098576782669
1wapE	9531.875	3777.55	0.5755187299900161
1wapF	9730.625	3821.98	0.5767083043654235
1wapG	9546	3768.05	0.5775395820598196
1wapH	9537.625	3772.96	0.5764505867002719
1wapI	9733.5	3830.24	0.5755779649323193
1wapJ	9541	3805.91	0.5715947190250926
1wapK	9560.375	3795.3	0.5739683774990127
1wapL	9566.125	3780.02	0.5765195795089978
1wapM	9702.125	3840.25	0.5728433429988955
1wapN	9554	3774.25	0.5769129470522608
1wapO	9463.625	3741.34	0.5783116785769234
1wapP	9738.625	3820.77	0.5772070914682011
1wapQ	9492.375	3684.86	0.5883644042473694
1wapR	9589.5	3729.82	0.5852304214083258
1wapS	9735.5	3881.57	0.568044304013325
1wapT	9500.875	3779.03	0.5740453294840309
1wapU	9548.625	3813.95	0.5706936249135821
1wapV	9532.5	3798.22	0.5724117643724415
1wbaA	23922.875	6852.7	0.5859105513632125
1whiA	17527.375	5653.25	0.577205577307375
1whoA	13552.5	4422.55	0.6215713431544505
1whtA	35017.75	11070.2	0.4675780865077396
1whtB	21301.125	8549.71	0.43464474627144467
1wktA	12153.125	4078.34	0.6267956958832747
1wpoA	29016.625	8893.35	0.5134718881181867
1wpoB	29592.25	9168.5	0.5046277860030149
1xelA	47218	12465.1	0.5068273968199557
1xerA	13669.5	4383.23	0.6307514887694723
1xgsA	42614.125	10927	0.5399483666954227
1xgsB	42589.5	10963.3	0.537953231387642
1xnbA	25491.875	6591.51	0.6354778186604958
1xsoA	19515.875	5929.26	0.5912107401866349
1xsoB	19548.875	6036.54	0.5813583147555802
1xvaA	42013.75	12905.2	0.45287708832794454
1xvaB	42006.5	12959.3	0.45093462017549635
1xxaA	9576.125	3378.74	0.6454400182977472
1xxaB	9711.375	3355.17	0.6560799175681319
1xxaC	9803	3467.05	0.638895782789721
1xxaD	9595.25	3535.43	0.6176551659569472
1xxaE	9614.5	3377.38	0.6474238089288066
1xxaF	9618.625	3298.74	0.6630475888204539
1xyzA	47184.375	10854.3	0.5817652480799186
1xyzB	47204.75	10856.6	0.58180942930433
1yasA	37817.25	9009.09	0.6047787115856026
1yhbA	12494.125	5134.73	0.5071118319816157
1ytbA	26286.125	8407.53	0.5085106794005131
1ytbB	26302.5	8492.75	0.5036171033310372
1ytbC	9065	4412.43	0.47648748849054123
1ytbD	9044.375	4409.47	0.4760838393433515
1ytfA	26224.875	8302.12	0.5141668458631252
1ytfB	6579.125	2863.62	0.5929446608998987
1ytfC	6933	3315.8	0.5302857183084922
1ytfD	14248.125	6240.72	0.45542958361876484
1ytfE	4943.125	2788.56	0.5032361831591657
1ytfF	4900.5	2773.53	0.5030504236961507
1yuaA	17511.5	6670.26	0.4889040042701353
1yveI	72592.25	17449.8	0.48226658958093704
1yveJ	71974.25	17330.2	0.48283489393822937
1yveK	71894.75	17242.8	0.4849248636203767
1yveL	72465.875	17324.3	0.4851962726730667
1zymA	34851.75	10568	0.48824864498390264
1zymB	34644.375	10751.6	0.47800544809220435
256bA	15009.875	5187.02	0.5673062728702568
256bB	14950.75	5170.77	0.5675936879077514
2abkA	30841.75	8993.5	0.5288283475835417
2acrA	46407.125	11691.7	0.5341495957537565
2actA	29144.375	7697.34	0.5949949575672183
2anhA	59642.5	14906.5	0.4952361434622964
2anhB	59679.375	14835.3	0.4978180458665452
2arcA	23362.5	6770.77	0.5837034670322101
2arcB	23844.625	7081.91	0.5657102562202039
2baaA	32543	8565.1	0.5755151282728992
2bbkH	51100	13423.8	0.49608479751020373
2bbkJ	51014.375	13365.5	0.4976919633138273
2bbkL	16443.375	5551.46	0.5632971454914241
2bbkM	16445.625	5499.31	0.5686907680333978
2bbvA	41913.375	11549.8	0.505217147760968
2bbvB	42034.5	11602.7	0.5038821632949073
2bbvC	43703	12148.2	0.49390833833569436
2bbvD	2269.75	1261.2	0.6622452403990025
2bbvE	2239.625	1191.43	0.6948095797295017
2bbvF	2273.75	1216.67	0.6872896434364661
2bbvN	2907	1725.76	0.5707778095738375
2bctA	69979.875	18699.8	0.4391665675899954
2bguA	49701.5	13358.6	0.48936868604231415
2bopA	12140.625	4511.77	0.566193051954155
2bopB	5091.5	2868.4	0.49897054519630396
2bpa1	61344.875	19460.4	0.3865311976521325
2bpa2	24153.125	8060.8	0.5012890268550714
2bpa3	5005.875	3629.97	0.3898531873716607
2bpaA	1296	925.323	0.6212419416499001
2cbaA	37764.125	9942.29	0.5474998219336061
2ccyA	17101.75	6289.99	0.5103418753879826
2ccyB	17125	6162.22	0.5213955403049226
2chsA	17067.75	5654.03	0.5669919130917749
2chsB	16972	5629.35	0.567345858012455
2chsC	17002.25	5561.34	0.5749661483868853
2chsD	17026.125	5617.37	0.5697639568143803
2chsE	16935.625	5624.1	0.5670637813760891
2chsF	16972.5	5556.55	0.5747903163133471
2chsG	16887.625	5537.2	0.5748743948776452
2chsH	17074.875	5671.06	0.565446566243226
2chsI	17042.625	5614.76	0.5703970261996769
2chsJ	16980.875	5496.46	0.5812653428263913
2chsK	16939.25	5639.63	0.5655829353929206
2chsL	16982.875	5631.95	0.5673261595102862
2cmdA	43249	11049.8	0.5392379147773568
2cplA	22887.25	6097.36	0.6393490578417171
2ctbA	43968.625	10236.1	0.5885429939377517
2dkbA	60082	16509.4	0.4493475952746422
2dlnA	42592.5	11428.2	0.5160934894394387
2driA	37289.25	9732.72	0.5545903743098292
2endA	20587.375	6540.87	0.5553702227471997
2engA	28244.125	7658.65	0.5856219123145843
2fgfA	18726.625	5235.59	0.6513656281711296
2fx2A	19962.5	5647.09	0.6301868956068474
2gltA	44081.375	11776.4	0.5124383975647282
2gstA	33480	9392.13	0.5348643625508914
2gstB	33521	9389.87	0.5354297797731241
2hftA	30018.25	9558.86	0.48865416385386734
2hmqA	17120.625	5045.2	0.636725359674103
2hmqB	17027.125	5012.72	0.6385156715355228
2hmqC	17024.375	5012.78	0.6384392780174997
2hmqD	16993	5016.58	0.6371716150641393
2hmxA	18693.5	7484.99	0.4550788462151237
2hnpA	40837.75	10652.6	0.5383561874882492
2htsA	13263.875	4960.45	0.5462733262895755
2kauA	14260.5	5185.14	0.5484623324781659
2kauB	13986	5497.36	0.5106526959575554
2kauC	77467.375	18166.3	0.4837602752598843
2ligA	21802.5	7548.87	0.4999651215957501
2ligB	21716.75	7394.22	0.5090826676026412
2masA	44685.5	10810.4	0.5633177578144618
2masB	44693.5	10806.3	0.5635987422274861
2masC	44686.875	10829.8	0.5623201915780178
2masD	44693	10842.8	0.5616973166029481
2mnrA	50129.75	12084.7	0.5440580953558511
2ms2A	17215.5	7367.26	0.437647603601716
2ms2B	17285	7352.96	0.43967810954075903
2ms2C	17200.5	7332.55	0.4394638328948448
2nacA	53167.875	14943.5	0.45757750428981536
2nacB	53060.625	14972.2	0.4560860044149273
2ohxA	51749.875	13385.7	0.5017059373031416
2ohxB	51741.625	13270.6	0.5060036019435393
2olbA	75190.125	17478.2	0.49290280676503345
2olbB	545.75	454.063	0.7112634739476076
2pcdA	28165.75	9467.15	0.47287433812869656
2pcdB	28278.25	9440.3	0.4754811982797198
2pcdC	28208.75	9436.63	0.4748864289000264
2pcdD	28297	9397.58	0.47785377689063335
2pcdE	28206.625	9505.02	0.47144587415542144
2pcdF	28285.875	9416.62	0.47676257632565877
2pcdM	33433.25	11433.4	0.4389628741708401
2pcdN	33529.625	11491.2	0.43759384551870517
2pcdO	33466.75	11461.5	0.43817913345769544
2pcdP	33465.375	11468.3	0.4379073251952855
2pcdQ	33506.25	11469.3	0.4382256174881415
2pcdR	33476.875	11429.5	0.4394945558659953
2pecA	47602.5	11351.2	0.5595800078237316
2pgdA	67291.875	18978.3	0.4215689053535439
2phlA	52737.375	15683.6	0.43362805565119295
2phlB	52737.125	15737.1	0.43215252370357765
2phlC	53138.625	15967.7	0.42807050176611305
2phyA	18055	5441.51	0.6116406691866986
2piaA	45460.625	13227.2	0.46570025143240446
2polA	52758.875	14904.8	0.45640982974833944
2polB	53123.125	14700	0.4648960608297213
2rebA	42068.5	12610	0.4638815034182124
2rn2A	22570	7212.03	0.5355265078447248
2rslA	16289.25	5236.01	0.5934958908348897
2rslB	16885.875	5339.53	0.5961151238659685
2rslC	16866.75	5377.08	0.5915051976414077
2sblA	118018.875	27798.2	0.41857031955356094
2sblB	117997	27832.8	0.4179983199397579
2scpA	24816.25	6731.98	0.6111747608224432
2scpB	24773.125	6795.32	0.6047762682892929
2sicE	34874.125	8409.15	0.6138575076879976
2sicI	13747.75	4794.65	0.5788263569128838
2silA	53708.5	12486	0.551344199067863
2snvA	20640.375	6450.41	0.5641248011435532
2spcA	15094.875	7226.56	0.4087322058318969
2spcB	15075.875	7286.36	0.405037454519159
2tctA	28440.375	9963.08	0.45225223243456447
2tmdA	104620.375	25158.6	0.42678436660737495
2tmdB	104615.625	25251	0.42520978040464186
2trcB	46939.625	13421.4	0.4688630933145681
2trcG	9868.875	5419.28	0.4105703972971889
2trcP	29293.75	11533.5	0.3984492238508825
2trxA	15437.25	4688.17	0.6395297196209699
2trxB	15303	4703.26	0.6337765837236132
2ts1A	44886.75	12401.8	0.4925059810997107
2vikA	17952	6212.94	0.5336569766062254
2wrpR	15020.75	6504.77	0.4525986540477601
2xisA	55663.5	16493.4	0.4274522490473718
2yhxA	60507.75	15931.2	0.4678532356230148
2ztaA	4734.125	2422.8	0.5627640850724693
2ztaB	4743.25	2501	0.5458681768380634
3chyA	18398.25	5340.31	0.631105551330741
3claA	31433.875	9193.12	0.5239459367132072
3dpaA	11828.625	9267.77	0.27089337649845313
3fibA	36093.125	8942.88	0.590594926380718
3pga1	48177.25	12719.5	0.5033948357684336
3pga2	48000	12760	0.5005655321954984
3pga3	48028.375	12480.5	0.5119773348050485
3pga4	48110.625	12567.5	0.5090134168793891
3pgmA	32834.625	10264.6	0.4830923218005792
3pgmB	32834.625	10264.6	0.4830923218005792
3pmgA	80083.75	19045.1	0.47177016025218854
3pmgB	80403.25	18972.1	0.4748441828886445
3rubL	62430	15258.8	0.49876116863045605
3rubS	18396.875	6875.85	0.490140326557711
3sdhA	20863.375	6495.91	0.5642009782646514
3sdhB	20828.375	6337.89	0.5776210602888933
3ullA	16016.5	6230.41	0.49318808558911936
3ullB	15329.25	6042.45	0.4938764645323347
4aahA	80470.125	16889.9	0.5336790611331852
4aahB	9664.5	4972.43	0.441267260858448
4aahC	80492.375	16919	0.5328593557578731
4aahD	9659.25	4922.65	0.44556811367431626
4gcrA	26055.125	7410.33	0.5735553696530666
4icbA	11276.625	3768.74	0.6452688590269271
4kbpA	62768.75	13953.9	0.5473740086229251
4kbpB	62764.875	13889.7	0.5498814102042588
4kbpC	62677.875	13945.7	0.5471671073318917
4kbpD	62698.125	13976.3	0.5460867166876163
5easA	77202	19713	0.44478531163594826
5p21A	24293.25	6922.09	0.5860085636004534
7rsaA	18037.75	5913.4	0.5624731248305227
