1BCC	284964	79851.8	0.26225639058678	1
1BE3	296692	83931.6	0.256308207355981	1
1BGY	577409.75	157738	0.212587244736868	1
1EZV	321496.5	87569.2	0.259169311663463	1
1KB9	321248.125	87661.7	0.258762479349117	1
1KYO	656403.75	170011	0.214842965499158	1
1L0L	308061.375	83925.3	0.262834712547855	1
1L0N	305031.5	82168.4	0.266691447018475	1
1NTK	307259.875	82841.5	0.265811278054372	1
1NTM	304816.75	81855.6	0.267584907151974	1
1NTZ	306778.5	82121.2	0.26786262309319	1
1NU1	303859.875	82136.9	0.266110117498217	1
1P84	323329	88484	0.257463587763911	1
1PP9	576418.75	146569	0.228525183308141	1
1PPJ	571383	145915	0.228210555646105	1
1QCR	103982.25	78587.5	0.136072425111947	1
1SQB	311587.25	82307.3	0.270042563059632	1
1SQP	312110.75	81962	0.271483889181173	1
1SQQ	309678.125	82347.1	0.268808399124122	1
1SQV	308188.625	81759.8	0.269870475516528	1
1SQX	310857	81698	0.271631292770008	1
1ZRT	236897.875	71735	0.25810344344043	1
2A06	567976.25	143401	0.2312874468535	1
2BCC	282326.375	77585.5	0.268248846160151	1
2FYN	736820.25	199790	0.197462552392852	1
2FYU	311820.75	85017.5	0.261564701912973	1
2IBZ	321291	87467.5	0.259360071804778	1
2QJK	734959.375	201544	0.195414359541554	1
2QJP	487521.625	133796	0.223891145173339	1
2QJY	735217.125	201861	0.195153096684433	1
2YBB	1306470.875	352641	0.163889504368284	1
2YIU	230453.625	63237.2	0.287453226947627	1
3BCC	281783.5	77407.9	0.268519530010505	1
3CWB	596279.75	155057	0.2209493803568	1
3CX5	655162.375	170643	0.213777312305825	1
3CXH	655471.5	169741	0.214980916644984	1
3H1H	588990	155733	0.218193640764379	1
3H1I	589790.75	151784	0.224073295870928	1
3H1J	578232.625	149454	0.224583739745066	1
3H1K	589308.25	157141	0.216316489347425	1
3H1L	590122.75	151913	0.223967029166053	1
3L70	583119.625	153150	0.220396940806762	1
3L71	582970.75	153014	0.220555283626316	1
3L72	583285.125	153122	0.220478950188963	1
3L73	586910.875	154970	0.21875161231434	1
3L74	583371	151880	0.222303735341615	1
3L75	584668	152901	0.221146471951036	1
3TGU	587184	154141	0.219996325879271	1
4D6T	563580.75	146828	0.224722215857443	1
4D6U	561939.875	145097	0.226961534170567	1
4PD4	315694.5	86723.2	0.258539461873014	1
4U3F	587156.5	153228	0.22130025120119	1
5KKZ	499315.625	135870	0.224015113807942	1
5KLI	499657.25	135186	0.225251246105931	1
5KLV	307942.375	84500.2	0.260979277409263	1
5LUF	1363973	496133	0.119882702711522	1
5NMI	575503.125	147595	0.22669621549979	1
5OKD	293570.25	78001.2	0.273857224454299	1
5XTE	626432	163627	0.216377341087122	1
6FO0	593509	150757	0.226546927918145	1
6FO2	589900.625	152359	0.223255370719201	1
6FO6	571965.875	152186	0.218955655787954	1
