id	AA	BA	CA	DA	EA	FA	AB	BB	CB	DB	EB	FB	AC	BC	CC	DC	EC	FC	AD	BD	CD	DD	ED	FD	AE	BE	CE	DE	EE	FE	AF	BF	CF	DF	EF	FF	
1aco	0	0	0	0	0	0	0	24	2	75	33	16	0	0	0	10	2	0	0	70	7	172	96	23	0	41	3	80	37	10	0	16	0	30	3	3	
1ad3	0	0	0	0	0	0	0	58	4	60	48	16	0	2	0	8	4	0	0	70	2	202	104	28	0	38	6	104	64	18	0	18	2	30	12	4	
1add	0	0	0	0	0	0	0	17	0	27	22	11	0	0	1	1	3	0	0	33	3	62	38	13	0	20	1	42	16	6	0	6	0	18	6	2	
1ak5	0	0	0	0	0	0	0	16	1	52	21	12	0	2	0	1	5	0	0	55	4	87	64	15	0	17	3	63	31	11	0	12	0	21	5	4	
1amp	0	0	0	0	0	0	0	16	0	33	7	7	0	0	0	2	0	0	0	23	2	69	37	13	0	13	0	24	9	7	0	11	0	15	1	1	
1art	0	0	0	0	0	0	0	22	1	37	17	9	0	0	1	3	1	0	0	37	3	81	40	19	0	15	0	49	17	7	0	12	0	10	13	1	
1asu	0	0	0	0	0	0	0	2	0	17	5	2	0	0	0	1	0	0	0	19	0	45	20	5	0	3	0	22	7	3	0	2	1	5	2	0	
1ayl	0	0	0	0	0	0	0	25	0	49	20	16	0	0	0	4	0	1	0	54	3	119	60	20	0	21	0	58	23	13	0	10	2	25	13	4	
1bam	0	0	0	0	0	0	0	8	1	21	14	7	0	1	0	0	2	0	0	23	1	32	23	6	0	14	0	22	11	5	0	5	1	9	3	3	
1bco	0	0	0	0	0	0	0	14	2	26	14	8	0	1	0	1	2	1	0	29	1	71	35	13	0	13	1	35	14	9	0	7	1	17	7	4	
1ble	0	0	0	0	0	0	0	9	0	13	6	4	0	0	0	0	0	0	0	9	0	32	30	1	0	13	0	20	14	3	0	1	0	6	1	0	
1bmt	0	0	0	0	0	0	0	22	2	44	36	6	0	2	0	0	0	0	0	44	0	102	54	10	0	30	0	54	44	12	0	14	0	8	6	0	
1bnc	0	0	0	0	0	0	0	36	0	80	50	10	0	4	0	8	4	0	0	78	8	186	124	20	0	50	6	106	42	24	0	8	2	34	10	6	
1bro	0	0	0	0	0	0	0	26	0	36	26	18	0	0	0	0	0	0	0	50	0	140	50	26	0	20	0	50	28	12	0	10	0	40	6	14	
1brs	0	0	0	0	0	0	0	15	0	87	24	12	0	0	0	0	0	0	0	63	0	102	60	36	0	36	0	48	27	15	0	24	0	24	15	3	
1byb	0	0	0	0	0	0	0	24	0	47	29	13	0	3	0	2	0	1	0	40	4	85	52	21	0	32	1	44	27	13	0	14	1	24	9	8	
1cbg	0	0	0	0	0	0	0	19	0	33	24	16	0	1	0	2	2	0	0	40	2	100	44	34	0	16	1	47	17	16	0	16	2	37	10	10	
1cdg	0	0	0	0	0	0	0	35	1	60	29	21	0	0	0	2	0	1	0	56	2	159	66	38	0	34	0	71	20	12	0	21	0	29	22	6	
1cfr	0	0	0	0	0	0	0	6	1	24	20	4	0	0	0	3	0	0	0	21	0	49	39	13	0	18	2	35	13	8	0	10	0	10	5	3	
1chd	0	0	0	0	0	0	0	5	1	18	7	2	0	0	0	1	1	0	0	18	0	52	30	5	0	9	1	30	13	1	0	1	0	4	3	0	
1chm	0	0	0	0	0	0	0	34	0	80	50	10	0	2	0	6	0	2	0	72	6	142	84	44	0	54	2	84	50	6	0	14	2	34	12	10	
1coy	0	0	0	0	0	0	0	16	0	46	22	11	0	0	0	0	0	1	0	48	1	123	55	22	0	20	0	62	19	10	0	10	0	19	15	6	
1cse	0	0	0	0	0	0	0	3	0	28	18	5	0	0	0	0	0	0	0	31	0	95	39	16	0	15	0	43	17	3	0	4	0	16	4	5	
1ctt	0	0	0	0	0	0	0	11	0	21	17	5	0	1	0	4	0	0	0	24	5	70	36	11	0	11	0	38	12	4	0	7	0	12	1	3	
1cus	0	0	0	0	0	0	0	5	1	19	7	1	0	0	0	2	1	1	0	18	3	62	18	8	0	8	0	20	9	3	0	2	0	5	6	0	
1dea	0	0	0	0	0	0	0	26	2	34	32	12	0	2	0	4	2	0	0	42	2	106	70	16	0	30	4	66	28	8	0	6	0	26	4	8	
1dfj	0	0	0	0	0	0	0	19	12	59	31	6	0	11	1	15	9	2	0	60	21	92	72	5	0	34	3	75	29	4	0	3	1	9	4	1	
1dik	0	0	0	0	0	0	0	42	2	84	50	14	0	1	1	8	2	1	0	84	8	173	97	35	0	51	1	99	40	12	0	14	1	32	15	6	
1din	0	0	0	0	0	0	0	8	0	18	12	4	0	0	0	0	1	1	0	25	1	55	24	11	0	8	1	24	10	7	0	1	0	18	4	2	
1djx	0	0	0	0	0	0	0	70	6	116	66	30	0	4	0	16	2	4	0	136	10	238	124	38	0	58	6	118	66	30	0	18	4	60	20	6	
1dnp	0	0	0	0	0	0	0	28	4	100	46	24	0	4	0	2	6	2	0	96	6	196	90	40	0	44	4	92	40	20	0	30	0	38	18	10	
1dor	0	0	0	0	0	0	0	22	0	54	40	16	0	0	0	4	2	0	0	58	4	108	76	20	0	40	2	68	28	16	0	12	0	32	8	10	
1dos	0	0	0	0	0	0	0	32	0	62	48	10	0	2	0	4	2	0	0	64	6	154	70	30	0	38	2	80	34	16	0	16	0	26	14	4	
1dra	0	0	0	0	0	0	0	12	0	32	14	12	0	0	0	2	0	2	0	36	2	54	36	8	0	14	0	34	22	6	0	8	2	12	6	2	
1dsb	0	0	0	0	0	0	0	16	0	36	24	14	0	0	0	2	0	2	0	36	2	56	48	10	0	24	0	44	8	12	0	14	2	14	8	4	
1dts	0	0	0	0	0	0	0	6	0	18	11	0	0	0	0	2	0	0	0	18	1	57	28	8	0	7	1	24	15	7	0	4	0	11	0	2	
1e2b	0	0	0	0	0	0	0	1	0	10	6	1	0	0	0	0	0	0	0	11	0	21	13	3	0	5	0	14	12	2	0	0	0	3	3	0	
1ebh	0	0	0	0	0	0	0	36	0	84	42	6	0	2	0	0	0	0	0	68	2	230	104	34	0	50	0	96	40	16	0	12	0	30	14	4	
1ede	0	0	0	0	0	0	0	15	0	33	14	5	0	0	0	3	1	0	0	30	1	46	32	23	0	11	3	26	16	10	0	10	0	24	4	2	
1erj	0	0	0	0	0	0	0	51	6	117	51	24	0	6	3	6	6	0	0	132	6	270	108	30	0	39	3	126	63	33	0	18	3	27	39	9	
1esc	0	0	0	0	0	0	0	19	1	37	15	4	0	1	0	4	0	1	0	33	3	63	31	11	0	17	1	28	11	2	0	6	1	9	2	5	
1exn	0	0	0	0	0	0	0	36	0	56	34	12	0	0	0	0	2	2	0	44	2	100	56	32	0	42	2	44	38	14	0	14	0	36	10	2	
1fnb	0	0	0	0	0	0	0	12	1	31	13	5	0	0	0	1	4	0	0	29	2	66	31	15	0	12	2	36	13	9	0	10	0	9	11	1	
1fua	0	0	0	0	0	0	0	6	1	18	12	3	0	0	0	4	0	0	0	22	2	38	31	6	0	10	1	30	13	4	0	1	0	9	3	0	
1fui	0	0	0	0	0	0	0	138	12	330	168	54	0	6	0	42	12	12	0	354	18	708	444	162	0	138	30	462	126	36	0	66	12	138	48	24	
1gar	0	0	0	0	0	0	0	18	0	42	22	4	0	0	0	2	0	0	0	48	2	88	42	18	0	18	0	44	34	8	0	0	0	22	8	2	
1gdl	0	0	0	0	0	0	0	6	0	14	6	4	0	0	0	0	0	0	0	11	0	33	20	5	0	12	0	15	12	2	0	1	0	7	3	1	
1ges	0	0	0	0	0	0	0	34	0	68	52	22	0	2	0	8	2	0	0	84	4	188	108	34	0	40	8	122	40	12	0	16	0	30	22	2	
1gky	0	0	0	0	0	0	0	7	0	18	12	1	0	0	0	1	0	0	0	13	0	50	16	11	0	9	1	16	7	5	0	9	0	5	3	1	
1gla	0	0	0	0	0	0	0	23	1	62	41	15	0	1	0	2	2	0	0	70	2	128	73	22	0	35	1	85	39	12	0	12	1	19	17	4	
1gnd	0	0	0	0	0	0	0	22	3	41	23	12	0	1	0	5	3	1	0	42	3	74	41	19	0	28	4	39	28	12	0	7	0	20	17	1	
1gpb	0	0	0	0	0	0	0	43	3	73	49	22	0	1	0	5	3	0	0	73	3	131	104	33	0	50	2	99	42	19	0	23	1	36	14	12	
1gpl	0	0	0	0	0	0	0	18	1	39	20	10	0	1	0	8	3	1	0	33	6	96	42	20	0	23	2	37	19	8	0	13	3	18	5	5	
1gpm	0	0	0	0	0	0	0	92	16	168	108	40	0	4	0	8	8	8	0	148	4	384	276	76	0	128	4	272	120	52	0	48	4	56	68	4	
1grl	0	0	0	0	0	0	0	189	0	336	259	28	0	14	0	7	0	0	0	350	14	847	567	42	0	224	7	574	252	21	0	35	0	56	0	7	
1gym	0	0	0	0	0	0	0	24	0	25	16	9	0	0	0	0	0	0	0	29	0	50	30	12	0	10	0	31	11	12	0	10	0	16	7	5	
1hjr	0	0	0	0	0	0	0	20	0	68	24	8	0	0	0	8	0	0	0	52	4	104	108	16	0	32	4	100	36	8	0	12	0	8	12	4	
1hmy	0	0	0	0	0	0	0	12	1	32	21	7	0	2	0	2	2	0	0	28	3	56	27	21	0	21	1	29	19	6	0	10	1	16	8	1	
1hpl	0	0	0	0	0	0	0	30	6	90	42	22	0	2	0	18	6	2	0	88	8	170	80	50	0	48	4	74	38	18	0	24	8	44	16	8	
1hpm	0	0	0	0	0	0	0	15	1	32	24	11	0	0	0	2	0	0	0	43	0	91	39	10	0	19	1	44	20	4	0	5	0	14	6	4	
1hrd	0	0	0	0	0	0	0	57	3	123	69	30	0	0	0	3	0	3	0	120	3	249	165	57	0	78	0	138	81	30	0	27	0	84	12	12	
1htt	0	0	0	0	0	0	0	68	4	172	100	24	0	4	0	8	8	0	0	192	12	296	176	72	0	68	4	228	96	24	0	36	0	44	40	12	
1hvq	0	0	0	0	0	0	0	7	3	20	13	7	0	1	0	5	0	0	0	25	3	63	24	11	0	11	0	24	11	11	0	6	0	15	8	4	
1idm	0	0	0	0	0	0	0	7	0	28	15	5	0	0	0	0	0	0	0	27	0	90	46	14	0	19	0	46	22	1	0	2	0	12	6	2	
1kfd	0	0	0	0	0	0	0	30	0	52	43	12	0	1	0	0	0	0	0	53	1	124	74	16	0	42	0	70	31	13	0	11	0	21	9	1	
1kif	0	0	0	0	0	0	0	72	0	248	144	80	0	8	8	16	8	0	0	248	24	456	304	152	0	152	8	304	168	56	0	64	0	160	64	24	
1lam	0	0	0	0	0	0	0	27	2	37	22	9	0	1	0	3	3	0	0	31	4	130	50	16	0	30	0	47	25	10	0	7	1	15	12	1	
1lct	0	0	0	0	0	0	0	11	0	30	12	9	0	2	0	6	3	1	0	31	7	81	31	16	0	13	4	32	5	4	0	5	1	17	7	4	
1lfa	0	0	0	0	0	0	0	6	0	44	18	12	0	0	0	0	0	0	0	38	0	66	36	16	0	18	2	30	30	14	0	18	0	14	10	0	
1luc	0	0	0	0	0	0	0	34	1	67	38	22	0	5	2	3	3	1	0	70	7	118	58	28	0	35	3	54	36	18	0	17	1	38	13	5	
1mek	0	0	0	0	0	0	0	6	0	14	3	0	0	0	0	1	0	1	0	9	2	35	10	7	0	3	0	8	6	2	0	6	0	4	0	2	
1mio	0	0	0	0	0	0	0	72	6	176	106	32	0	6	2	24	0	0	0	162	16	408	230	84	0	118	6	198	126	40	0	34	2	92	28	10	
1mla	0	0	0	0	0	0	0	10	2	21	17	7	0	0	0	4	1	0	0	29	3	74	36	9	0	12	0	45	16	3	0	6	0	7	6	0	
1mmd	0	0	0	0	0	0	0	51	1	76	47	15	0	1	0	3	3	0	0	82	2	127	64	37	0	38	3	75	40	19	0	17	1	31	22	6	
1nal	0	0	0	0	0	0	0	56	8	76	68	44	0	4	0	8	4	0	0	116	4	204	144	32	0	72	4	148	84	12	0	4	0	60	24	8	
1nba	0	0	0	0	0	0	0	40	0	108	68	24	0	0	0	8	0	0	0	136	4	224	84	48	0	52	4	112	40	8	0	12	0	40	28	12	
1nfp	0	0	0	0	0	0	0	16	0	18	17	9	0	0	0	1	0	1	0	25	0	32	21	7	0	11	1	25	12	6	0	7	1	9	6	2	
1noy	0	0	0	0	0	0	0	30	4	58	58	26	0	6	0	2	0	0	0	82	4	102	78	36	0	44	0	88	36	26	0	14	0	52	24	6	
1nul	0	0	0	0	0	0	0	14	0	20	14	6	0	0	0	0	2	0	0	20	0	66	42	6	0	16	2	32	26	12	0	4	0	14	6	0	
1nzy	0	0	0	0	0	0	0	33	0	63	36	6	0	3	0	3	6	3	0	54	12	168	120	30	0	39	3	117	33	15	0	9	0	33	12	6	
1obr	0	0	0	0	0	0	0	12	0	41	9	9	0	1	1	2	0	0	0	28	3	61	25	30	0	22	0	19	12	5	0	9	0	23	12	1	
1orb	0	0	0	0	0	0	0	7	0	22	12	9	0	1	0	2	1	0	0	26	4	78	29	9	0	11	0	28	12	10	0	5	0	15	8	6	
1ord	0	0	0	0	0	0	0	72	8	148	68	52	0	2	0	0	6	4	0	166	2	254	124	64	0	62	2	142	76	30	0	44	0	68	38	26	
1pau	0	0	0	0	0	0	0	9	0	25	14	3	0	1	0	4	3	0	0	19	5	47	22	14	0	15	3	21	12	5	0	7	0	11	4	5	
1pbn	0	0	0	0	0	0	0	10	0	32	10	7	0	1	0	2	1	0	0	31	3	46	33	15	0	11	1	32	24	3	0	6	0	15	4	1	
1pdo	0	0	0	0	0	0	0	8	0	9	8	4	0	0	0	0	0	0	0	13	0	27	14	3	0	7	0	13	15	3	0	1	0	8	1	0	
1pfk	0	0	0	0	0	0	0	26	4	36	42	6	0	2	0	6	2	2	0	40	4	140	86	20	0	36	4	82	44	12	0	10	0	26	6	2	
1php	0	0	0	0	0	0	0	16	0	30	30	3	0	0	0	0	0	1	0	37	1	87	47	11	0	23	0	50	24	8	0	3	0	15	5	2	
1phr	0	0	0	0	0	0	0	10	0	18	7	5	0	2	1	2	3	0	0	13	3	25	16	2	0	10	4	10	7	5	0	5	0	4	3	1	
1pii	0	0	0	0	0	0	0	25	0	38	24	12	0	2	0	3	2	0	0	43	4	86	53	9	0	21	3	53	28	10	0	8	0	15	9	3	
1pky	0	0	0	0	0	0	0	80	8	180	108	12	0	0	0	8	16	0	0	184	12	400	220	40	0	100	4	240	188	8	0	24	0	28	8	8	
1pta	0	0	0	0	0	0	0	12	0	22	11	5	0	0	0	0	2	0	0	22	1	84	52	6	0	12	1	46	16	10	0	4	0	14	3	3	
1pud	0	0	0	0	0	0	0	15	1	35	13	9	0	3	0	1	1	0	0	37	3	91	44	17	0	15	1	41	22	4	0	3	0	23	4	2	
1pvd	0	0	0	0	0	0	0	34	0	106	52	22	0	0	2	6	0	0	0	96	2	214	144	50	0	64	4	128	68	22	0	20	0	52	22	0	
1pvu	0	0	0	0	0	0	0	18	0	16	28	10	0	0	0	0	0	0	0	26	0	56	24	14	0	22	0	38	18	4	0	6	0	12	12	6	
1pxt	0	0	0	0	0	0	0	38	2	72	44	10	0	2	0	8	4	2	0	56	6	158	110	20	0	54	8	90	34	14	0	14	0	22	10	0	
1qap	0	0	0	0	0	0	0	28	0	60	44	6	0	0	0	0	2	4	0	58	4	112	78	6	0	44	0	72	26	14	0	8	0	16	6	2	
1qba	0	0	0	0	0	0	0	36	2	95	45	13	0	1	0	4	1	0	0	88	2	176	82	52	0	45	2	81	30	13	0	22	0	44	12	11	
1qrd	0	0	0	0	0	0	0	20	0	34	28	24	0	0	0	0	0	2	0	48	2	112	46	30	0	26	0	66	38	2	0	12	0	26	20	8	
1raa	0	0	0	0	0	0	0	38	2	98	50	12	0	2	0	4	2	2	0	88	4	170	120	24	0	58	2	112	62	12	0	12	2	24	12	10	
1req	0	0	0	0	0	0	0	108	2	256	144	42	0	2	0	6	4	0	0	258	2	614	332	120	0	142	8	348	96	34	0	42	0	102	52	10	
1rla	0	0	0	0	0	0	0	18	0	87	45	9	0	0	0	6	3	0	0	78	0	246	138	27	0	57	6	108	45	27	0	6	3	39	15	3	
1rlr	0	0	0	0	0	0	0	36	2	57	46	24	0	1	0	8	2	0	0	68	5	145	82	29	0	39	4	89	35	13	0	21	0	30	15	9	
1rpa	0	0	0	0	0	0	0	17	1	31	13	9	0	2	0	3	0	1	0	31	4	50	39	20	0	18	1	40	14	8	0	3	0	20	15	1	
1rva	0	0	0	0	0	0	0	34	0	44	18	16	0	0	0	2	2	0	0	38	4	106	44	30	0	24	0	40	16	20	0	16	0	30	20	2	
1rvv	0	0	0	0	0	0	0	180	30	270	270	150	0	30	0	0	30	0	0	360	30	1140	570	60	0	240	0	540	300	90	0	60	0	210	30	0	
1scu	0	0	0	0	0	0	0	34	6	124	66	14	0	4	0	10	4	2	0	130	8	304	182	30	0	60	6	180	90	24	0	16	0	34	20	0	
1sfe	0	0	0	0	0	0	0	13	1	18	3	4	0	1	0	4	1	0	0	14	4	34	26	5	0	10	1	21	10	0	0	1	0	5	3	0	
1sft	0	0	0	0	0	0	0	30	0	48	44	8	0	2	0	4	2	0	0	60	4	156	102	44	0	24	4	116	42	14	0	14	0	40	12	4	
1tah	0	0	0	0	0	0	0	40	4	104	52	12	0	0	0	8	0	0	0	104	4	372	144	44	0	56	0	140	80	20	0	16	0	44	16	8	
1tfr	0	0	0	0	0	0	0	12	0	26	18	8	0	1	0	0	2	0	0	24	0	54	31	15	0	14	3	29	25	5	0	13	0	15	1	8	
1tht	0	0	0	0	0	0	0	38	0	42	38	20	0	4	0	2	2	0	0	42	6	102	82	18	0	38	0	80	26	14	0	16	2	22	12	2	
1tml	0	0	0	0	0	0	0	9	1	31	10	3	0	1	0	2	0	1	0	31	1	84	27	8	0	9	2	21	13	8	0	5	0	12	3	3	
1tpf	0	0	0	0	0	0	0	14	2	50	16	6	0	2	0	4	0	0	0	40	0	120	68	14	0	20	4	52	36	14	0	10	0	16	8	2	
1tpl	0	0	0	0	0	0	0	44	2	80	50	16	0	2	0	4	4	2	0	80	2	166	108	36	0	50	8	104	36	26	0	16	0	38	26	10	
1tpt	0	0	0	0	0	0	0	15	0	42	19	4	0	0	0	1	1	0	0	37	1	97	67	12	0	20	1	64	23	8	0	7	0	10	7	3	
1trk	0	0	0	0	0	0	0	40	0	126	48	32	0	0	0	4	0	0	0	110	0	320	186	64	0	70	2	160	48	22	0	26	2	70	22	6	
1ucw	0	0	0	0	0	0	0	26	4	72	28	14	0	2	0	4	0	0	0	74	2	102	78	22	0	30	0	82	40	6	0	12	0	18	12	4	
1udg	0	0	0	0	0	0	0	6	2	17	8	2	0	1	0	4	0	1	0	18	1	65	28	13	0	7	2	26	16	5	0	3	1	13	4	0	
1v39	0	0	0	0	0	0	0	13	1	22	18	7	0	0	0	1	0	1	0	22	1	64	35	10	0	15	0	34	26	13	0	10	0	12	9	7	
1vhr	0	0	0	0	0	0	0	20	4	40	16	6	0	0	0	6	2	0	0	40	2	58	50	6	0	20	0	38	18	12	0	6	2	14	2	4	
1vid	0	0	0	0	0	0	0	7	0	18	19	3	0	1	0	1	0	2	0	23	4	38	19	7	0	10	0	22	20	7	0	6	0	11	2	0	
1wht	0	0	0	0	0	0	0	12	2	35	13	9	0	0	0	5	1	0	0	32	3	91	39	26	0	18	1	35	17	12	0	8	0	27	12	9	
1xel	0	0	0	0	0	0	0	13	1	33	19	4	0	0	0	2	1	0	0	31	1	69	38	15	0	18	1	36	21	6	0	7	0	14	4	3	
1xva	0	0	0	0	0	0	0	12	2	52	24	10	0	0	0	12	2	0	0	56	6	126	60	30	0	18	4	56	38	14	0	14	2	30	8	6	
1xyz	0	0	0	0	0	0	0	32	4	80	28	28	0	6	0	2	4	0	0	78	2	88	68	38	0	32	6	64	36	12	0	24	0	42	14	4	
1yas	0	0	0	0	0	0	0	10	1	22	12	6	0	0	0	2	2	1	0	19	4	43	26	15	0	16	0	27	14	6	0	5	0	13	10	2	
1yve	0	0	0	0	0	0	0	76	0	188	80	40	0	16	0	0	8	0	0	164	12	448	260	100	0	92	8	256	124	36	0	36	4	88	48	8	
1zym	0	0	0	0	0	0	0	46	0	48	36	2	0	0	0	0	0	0	0	36	0	116	62	4	0	44	0	46	48	10	0	4	0	8	4	0	
2acr	0	0	0	0	0	0	0	18	2	23	18	5	0	2	0	2	1	2	0	20	5	57	34	15	0	17	0	37	24	4	0	9	0	13	5	1	
2anh	0	0	0	0	0	0	0	28	0	112	38	6	0	0	0	8	0	0	0	104	6	256	92	26	0	42	0	84	38	6	0	10	2	22	4	6	
2bgu	0	0	0	0	0	0	0	16	0	29	27	9	0	0	0	0	0	0	0	27	0	59	30	20	0	24	0	36	25	7	0	14	0	12	10	5	
2cmd	0	0	0	0	0	0	0	10	0	26	17	4	0	1	0	2	0	0	0	25	2	70	47	6	0	19	1	44	20	3	0	2	0	7	4	1	
2ctb	0	0	0	0	0	0	0	8	0	25	15	7	0	0	0	1	1	0	0	24	1	70	24	25	0	14	1	25	14	9	0	8	0	24	9	1	
2dkb	0	0	0	0	0	0	0	7	2	31	21	7	0	2	0	3	0	0	0	33	1	106	58	15	0	22	2	55	33	5	0	4	0	18	5	2	
2dln	0	0	0	0	0	0	0	8	0	26	16	6	0	0	0	1	0	1	0	29	2	59	45	6	0	13	0	44	23	5	0	5	0	11	2	3	
2dri	0	0	0	0	0	0	0	13	0	32	15	5	0	0	0	0	0	0	0	32	0	56	34	2	0	17	0	31	21	2	0	2	0	6	1	1	
2fx2	0	0	0	0	0	0	0	7	0	14	9	5	0	0	0	3	0	1	0	17	3	29	10	5	0	8	0	14	7	1	0	3	1	5	3	1	
2glt	0	0	0	0	0	0	0	9	1	39	17	4	0	1	0	1	0	2	0	34	0	53	39	8	0	19	3	31	23	7	0	6	0	10	5	3	
2gst	0	0	0	0	0	0	0	16	0	40	20	16	0	0	0	2	4	0	0	40	2	62	48	20	0	14	2	42	24	20	0	22	2	26	6	4	
2hnp	0	0	0	0	0	0	0	17	0	32	18	6	0	0	0	5	0	1	0	31	4	60	31	13	0	17	2	27	21	6	0	7	0	15	4	3	
2kau	0	0	0	0	0	0	0	23	0	77	41	4	0	2	0	5	2	0	0	65	8	168	105	27	0	50	1	95	46	8	0	4	0	28	8	3	
2mas	0	0	0	0	0	0	0	16	8	112	80	20	0	4	0	12	0	0	0	128	8	220	176	24	0	64	0	188	116	12	0	20	0	28	8	8	
2mnr	0	0	0	0	0	0	0	13	0	18	20	6	0	0	0	1	0	1	0	24	1	75	59	10	0	16	1	61	21	6	0	5	0	14	4	0	
2nac	0	0	0	0	0	0	0	14	6	70	34	14	0	6	0	0	6	2	0	74	2	188	92	30	0	36	4	92	42	10	0	8	2	36	10	6	
2ohx	0	0	0	0	0	0	0	22	2	44	32	8	0	4	2	14	6	2	0	48	18	174	96	32	0	24	6	108	52	4	0	10	0	30	8	0	
2olb	0	0	0	0	0	0	0	26	0	54	28	14	0	0	0	0	1	1	0	54	2	90	54	23	0	34	0	48	21	11	0	8	0	31	10	8	
2pia	0	0	0	0	0	0	0	11	2	37	6	7	0	0	1	3	3	1	0	34	4	78	36	9	0	15	1	29	13	5	0	3	0	15	4	3	
2reb	0	0	0	0	0	0	0	11	1	43	22	1	0	0	0	1	2	0	0	42	2	65	42	11	0	20	0	48	18	3	0	5	0	6	5	3	
2rn2	0	0	0	0	0	0	0	5	2	16	8	3	0	0	0	3	0	0	0	15	0	36	15	7	0	10	1	11	6	3	0	4	0	7	2	0	
2rsl	0	0	0	0	0	0	0	15	0	51	24	3	0	0	0	0	0	0	0	54	0	72	54	9	0	21	0	60	33	3	0	3	0	6	9	0	
2tmd	0	0	0	0	0	0	0	40	2	160	64	30	0	6	0	6	6	6	0	136	14	336	154	58	0	82	8	134	58	24	0	32	0	64	22	14	
2trc	0	0	0	0	0	0	0	38	4	64	25	13	0	3	2	11	4	1	0	56	10	114	69	23	0	35	4	58	27	11	0	12	1	23	12	2	
2trx	0	0	0	0	0	0	0	10	0	22	10	4	0	0	0	2	0	2	0	16	4	38	28	6	0	12	0	26	16	2	0	8	0	4	2	2	
2xis	0	0	0	0	0	0	0	17	0	36	22	10	0	0	0	1	0	0	0	40	0	87	37	22	0	22	1	38	10	5	0	7	0	23	7	1	
2yhx	0	0	0	0	0	0	0	5	3	23	9	1	0	0	1	0	3	1	0	24	0	88	36	19	0	13	0	33	23	5	0	2	0	19	6	1	
3chy	0	0	0	0	0	0	0	6	0	11	9	3	0	0	0	0	0	0	0	13	0	21	15	3	0	8	0	15	11	3	0	2	0	6	1	0	
3cla	0	0	0	0	0	0	0	11	2	14	14	7	0	0	0	2	2	0	0	17	2	22	23	14	0	10	0	26	10	6	0	10	0	13	4	3	
3pga	0	0	0	0	0	0	0	52	0	136	72	16	0	0	0	0	0	0	0	120	0	316	168	24	0	92	0	144	92	12	0	12	0	36	8	16	
3pgm	0	0	0	0	0	0	0	20	0	44	30	10	0	0	0	0	0	0	0	54	0	118	44	16	0	26	0	46	32	8	0	4	0	24	6	4	
3pmg	0	0	0	0	0	0	0	40	2	102	48	28	0	2	0	2	6	0	0	112	4	232	126	48	0	40	4	142	68	14	0	26	0	42	22	10	
3rub	0	0	0	0	0	0	0	23	2	57	24	9	0	2	0	8	0	2	0	51	5	108	72	35	0	27	4	64	22	16	0	12	1	33	17	4	
5p21	0	0	0	0	0	0	0	12	1	16	11	2	0	0	0	2	1	0	0	16	0	27	16	7	0	9	2	13	12	4	0	5	0	7	1	1	
