id	A	C	D	E	F	G	H	I	K	L	M	N	P	Q	R	S	T	V	W	Y	
1aco	59	12	47	43	23	72	24	56	52	64	10	34	42	27	36	38	45	41	9	20	
1ad3	68	14	50	58	26	60	24	58	60	74	26	36	48	42	40	60	46	74	10	30	
1add	23	5	20	35	13	22	11	16	28	31	9	14	18	8	15	15	18	29	4	15	
1ak5	36	8	34	27	18	43	10	39	35	33	11	20	16	21	22	36	27	43	5	19	
1amp	32	2	18	13	10	20	7	14	9	17	7	14	12	18	5	32	27	16	5	13	
1art	46	5	20	27	20	30	6	17	18	38	8	23	15	16	22	21	22	26	5	11	
1asu	18	1	5	8	4	13	5	8	9	14	4	6	8	7	13	9	15	9	5	1	
1ayl	45	5	38	30	28	47	9	27	34	46	11	27	27	15	23	26	45	32	9	17	
1bam	8	3	9	24	9	11	2	18	25	21	5	14	10	4	5	12	12	9	3	9	
1bco	30	5	20	20	16	30	7	11	22	24	9	15	14	9	22	8	17	28	8	12	
1ble	13	0	11	9	6	6	4	15	11	12	6	6	5	6	11	14	8	18	1	1	
1bmt	38	2	22	44	12	40	6	32	32	34	16	20	16	26	26	20	32	58	4	12	
1bnc	90	16	42	70	28	86	24	86	50	56	28	36	42	28	58	36	30	60	2	30	
1bro	70	0	40	32	36	46	14	22	10	50	2	20	26	14	26	30	46	36	8	26	
1brs	48	0	39	42	18	45	9	42	42	57	0	27	15	30	27	42	39	27	18	30	
1byb	32	6	33	29	21	38	11	27	30	47	11	30	30	21	19	25	18	32	11	24	
1cbg	36	5	31	24	31	37	13	23	32	44	9	28	26	9	26	30	20	21	12	33	
1cdg	65	3	40	18	32	65	12	37	29	38	13	62	28	26	20	47	56	49	13	33	
1cfr	16	3	19	15	15	13	6	33	17	26	5	18	5	3	12	35	18	13	3	10	
1chd	25	2	6	10	4	21	8	15	8	16	8	7	12	10	10	15	6	16	1	3	
1chm	80	10	56	54	26	56	30	58	24	64	24	40	30	26	58	30	40	50	10	36	
1coy	43	1	28	19	21	59	4	25	31	32	14	29	23	19	21	30	39	40	9	20	
1cse	42	0	11	10	9	40	8	10	11	21	5	24	15	9	8	35	24	42	1	19	
1ctt	47	5	17	13	11	20	9	13	10	39	6	11	16	13	11	19	14	8	3	9	
1cus	28	4	12	6	6	25	1	13	6	18	1	10	9	5	13	13	14	9	1	6	
1dea	44	8	24	36	24	34	22	28	30	48	20	32	26	14	24	22	34	42	4	16	
1dfj	44	38	28	40	3	40	11	12	24	100	6	27	20	32	26	53	33	28	5	10	
1dik	85	13	49	87	40	74	16	47	62	59	39	28	36	28	39	33	52	59	5	23	
1din	33	2	10	13	10	24	7	7	9	21	4	5	14	14	10	12	7	19	3	12	
1djx	74	26	78	90	52	84	34	58	68	124	28	52	60	68	72	102	54	68	16	40	
1dnp	100	14	40	66	38	56	30	38	34	86	16	40	52	56	68	46	44	60	30	28	
1dor	50	6	26	48	40	54	10	50	44	64	18	36	34	22	10	32	32	24	0	22	
1dos	64	8	42	44	26	62	26	42	50	54	14	36	28	30	12	50	34	60	8	26	
1dra	26	4	26	26	12	20	10	24	12	22	10	10	20	8	18	18	12	22	10	8	
1dsb	34	4	24	24	22	26	6	10	34	24	12	14	14	28	6	16	18	42	4	16	
1dts	29	2	7	12	5	18	4	9	8	25	5	6	13	10	8	12	20	16	5	7	
1e2b	14	0	3	8	2	7	1	7	10	13	4	3	6	4	2	6	2	10	0	4	
1ebh	110	2	62	50	32	74	22	44	74	80	10	38	30	18	28	62	40	68	10	18	
1ede	30	4	26	18	23	18	5	14	12	28	11	10	23	13	15	13	16	14	6	11	
1erj	60	21	105	45	30	87	24	54	69	105	9	66	48	33	57	138	63	99	18	48	
1esc	33	6	31	17	13	32	3	12	17	31	1	9	21	19	12	8	16	15	4	6	
1exn	36	4	48	48	32	36	14	42	42	56	10	24	12	18	32	32	32	32	6	24	
1fnb	21	5	18	27	13	26	5	16	34	24	13	11	17	7	9	16	15	19	6	12	
1fua	23	4	6	18	4	13	11	15	9	24	5	10	9	6	10	10	14	15	2	7	
1fui	384	72	192	240	102	318	96	204	150	246	138	144	138	126	192	210	198	210	84	102	
1gar	50	2	30	24	16	32	20	30	14	38	8	16	20	16	22	22	18	30	4	12	
1gdl	21	0	6	14	7	7	5	9	14	14	1	6	5	4	1	9	8	17	3	2	
1ges	84	12	50	62	32	92	26	66	46	54	26	46	42	18	32	32	64	78	6	32	
1gky	15	1	11	15	11	13	1	11	19	12	2	8	7	4	7	19	10	13	1	6	
1gla	53	5	40	57	22	59	11	53	39	48	16	24	21	21	35	31	48	55	13	18	
1gnd	23	10	33	32	19	31	5	30	29	36	14	20	21	16	21	26	23	32	1	25	
1gpb	63	9	49	65	38	48	22	51	48	78	21	46	36	30	63	29	36	62	12	36	
1gpl	21	13	22	22	24	36	13	24	28	29	7	28	24	16	13	36	27	29	5	15	
1gpm	160	28	136	172	92	172	60	124	96	184	60	60	92	56	128	96	84	212	32	56	
1grl	518	21	245	322	49	420	7	224	280	287	161	133	98	112	147	119	231	413	0	49	
1gym	12	0	19	20	12	16	6	23	24	20	7	24	14	11	9	23	18	14	7	19	
1hjr	84	8	28	20	16	48	12	52	28	52	12	16	24	56	32	32	28	64	0	20	
1hmy	16	6	17	22	20	28	6	23	25	25	7	20	13	14	15	16	16	22	1	15	
1hpl	48	28	56	46	56	80	18	46	38	58	10	58	42	32	42	76	52	68	14	30	
1hpm	37	2	29	24	18	29	6	26	29	25	7	18	11	12	22	22	27	31	1	10	
1hrd	129	6	72	102	57	144	18	60	81	81	51	60	60	48	54	60	51	135	15	63	
1htt	164	20	88	136	48	164	32	60	64	196	32	68	56	76	128	64	80	132	24	60	
1hvq	20	6	14	4	9	32	2	20	14	23	2	21	14	11	7	25	13	12	7	17	
1idm	43	0	14	33	14	37	6	10	15	37	6	5	24	3	22	17	13	36	3	5	
1kfd	62	1	35	54	16	33	16	39	38	69	14	23	27	25	36	27	29	35	5	21	
1kif	136	40	104	176	120	256	72	160	96	288	40	152	176	112	168	104	176	208	80	112	
1lam	52	7	24	37	20	42	8	29	33	39	11	22	23	14	21	28	25	33	7	9	
1lct	31	12	17	18	19	27	4	12	21	24	1	12	22	15	27	23	12	21	5	10	
1lfa	24	2	32	24	30	18	8	30	42	34	8	10	8	14	8	22	26	22	0	12	
1luc	59	14	46	50	40	43	23	31	35	52	18	39	20	27	26	39	36	47	8	26	
1mek	20	2	7	12	4	8	3	3	11	10	0	3	6	2	6	4	5	6	2	6	
1mio	134	32	116	156	74	188	54	164	156	118	64	80	92	40	56	102	120	144	12	80	
1mla	54	5	11	21	8	24	4	9	14	26	11	9	17	16	8	14	16	31	4	7	
1mmd	55	7	47	53	45	42	15	52	56	68	10	50	26	40	38	47	33	46	4	28	
1nal	96	16	64	68	40	112	20	68	64	132	28	32	44	88	48	60	56	96	4	52	
1nba	108	8	76	76	44	72	16	76	28	52	12	56	76	32	64	48	84	80	16	32	
1nfp	18	2	15	15	13	6	9	13	16	21	7	20	5	10	6	14	11	15	2	10	
1noy	32	8	64	58	38	44	12	68	66	48	36	34	32	20	38	54	25	44	10	48	
1nul	22	2	26	16	8	26	8	26	14	22	10	2	18	10	20	14	12	32	8	8	
1nzy	108	15	43	60	27	57	33	51	30	57	33	17	33	18	60	27	36	69	18	15	
1obr	17	4	20	18	13	24	6	17	16	15	8	25	15	9	13	30	26	18	4	28	
1orb	24	4	15	22	15	26	8	7	16	25	5	7	18	6	20	21	13	25	8	11	
1ord	126	12	106	98	84	100	36	88	88	104	26	88	74	56	62	62	64	94	14	78	
1pau	12	8	19	17	15	15	7	16	19	19	8	12	6	4	14	21	15	13	2	10	
1pbn	20	4	10	21	15	31	8	10	9	25	12	14	14	14	17	13	16	25	3	8	
1pdo	16	0	8	13	5	12	2	8	8	14	3	5	5	3	3	3	9	13	3	2	
1pfk	54	12	46	42	20	76	14	56	28	50	24	16	16	10	44	28	30	50	2	22	
1php	49	1	31	33	15	35	8	21	32	38	9	13	15	2	20	11	13	38	2	8	
1phr	10	8	13	8	6	6	2	9	9	11	1	11	5	8	12	10	6	15	2	5	
1pii	59	7	29	23	16	31	11	25	18	49	5	18	14	29	23	25	14	37	3	16	
1pky	164	24	108	140	48	160	32	132	136	160	76	96	48	44	84	96	136	176	0	20	
1pta	38	2	18	16	15	26	7	25	8	33	5	6	14	10	25	24	24	22	4	5	
1pud	38	5	24	24	20	33	10	22	14	27	17	8	17	17	32	30	18	18	4	8	
1pvd	100	8	56	58	46	84	24	74	70	108	24	58	52	42	30	64	84	80	14	34	
1pvu	14	0	22	20	8	22	16	32	26	32	4	18	16	12	10	8	10	14	8	20	
1pxt	86	16	36	48	28	72	6	64	46	70	12	54	38	28	34	38	30	56	0	18	
1qap	66	6	50	40	20	46	14	24	16	70	6	24	18	24	46	14	40	56	6	6	
1qba	81	6	69	44	38	72	16	33	60	63	16	31	45	48	45	46	35	59	19	32	
1qrd	44	2	20	40	32	40	10	26	44	56	10	20	28	26	20	36	18	40	12	22	
1raa	88	10	60	48	34	42	30	54	52	106	20	52	38	40	46	62	50	68	4	22	
1req	324	12	188	202	100	206	40	130	136	234	62	72	136	90	172	142	174	202	40	66	
1rla	51	9	54	60	33	99	27	60	78	84	15	30	72	15	33	57	72	87	6	27	
1rlr	60	11	52	44	29	47	20	51	42	76	16	36	31	33	40	50	39	38	5	41	
1rpa	12	6	17	25	15	19	10	13	19	45	10	13	24	16	17	24	20	13	7	17	
1rva	28	4	28	32	20	32	10	52	48	28	0	40	18	12	22	30	38	20	8	40	
1rvv	600	60	240	270	180	480	60	480	270	240	90	300	90	90	150	120	390	390	30	90	
1scu	152	20	64	92	38	168	22	106	92	104	28	40	58	48	44	38	82	124	6	26	
1sfe	25	6	9	11	4	12	3	9	5	19	3	6	7	13	16	8	7	12	2	3	
1sft	80	8	44	48	32	52	32	48	26	78	20	18	46	20	58	34	38	56	10	28	
1tah	144	8	68	20	32	136	36	40	24	124	4	60	40	68	44	104	140	128	12	40	
1tfr	16	3	23	20	12	12	6	26	36	23	9	17	8	4	11	24	11	19	6	19	
1tht	42	8	42	44	30	36	26	32	24	70	12	38	16	14	24	40	42	46	8	16	
1tml	43	4	15	9	6	24	8	19	6	12	8	18	20	13	12	26	12	14	8	9	
1tpf	68	6	16	26	16	38	10	38	34	34	6	20	14	26	18	36	24	50	10	10	
1tpl	82	12	50	72	42	74	28	58	54	64	40	36	26	34	52	36	40	64	2	46	
1tpt	56	2	33	24	16	39	6	27	22	37	19	12	15	11	24	23	29	34	2	9	
1trk	136	4	68	70	56	116	34	72	86	126	22	62	76	46	44	114	74	84	18	52	
1ucw	78	6	42	50	14	34	4	52	44	66	10	22	20	30	32	32	34	32	8	24	
1udg	22	6	11	10	9	15	10	8	5	24	4	9	22	5	23	14	14	21	7	5	
1v39	11	2	18	16	16	20	9	22	22	35	10	17	17	10	16	23	15	21	3	19	
1vhr	30	8	22	16	14	26	6	18	20	40	8	26	14	22	20	30	12	22	0	14	
1vid	16	4	18	10	4	15	2	9	14	27	9	6	11	13	9	13	11	15	2	13	
1wht	38	6	27	16	16	35	14	15	9	33	7	16	24	12	22	27	24	28	11	29	
1xel	26	3	24	14	9	30	13	18	14	27	9	20	21	12	16	19	15	29	5	14	
1xva	48	14	44	24	20	52	18	22	34	54	8	16	26	16	34	36	30	48	10	30	
1xyz	44	12	42	32	32	48	10	50	30	38	26	68	44	30	28	36	36	36	14	38	
1yas	18	5	14	24	13	17	8	17	23	30	3	6	12	7	4	8	17	14	5	12	
1yve	180	24	124	120	96	184	36	128	108	176	52	68	88	72	96	208	84	164	20	68	
1zym	60	0	40	56	10	30	8	48	40	58	10	14	8	22	20	28	24	34	0	6	
2acr	19	7	15	23	11	16	9	18	25	34	5	15	20	13	11	17	15	25	6	11	
2anh	128	8	54	46	16	90	22	32	56	78	16	40	40	44	26	44	78	46	6	22	
2bgu	21	0	22	21	22	13	5	35	36	25	11	28	12	10	13	22	14	22	5	14	
2cmd	34	3	12	19	10	36	2	17	21	33	4	11	13	15	9	17	18	34	0	4	
2ctb	20	2	16	14	16	23	8	21	15	24	3	13	10	12	11	32	26	15	7	19	
2dkb	50	5	27	24	15	47	8	25	11	52	14	9	19	8	33	23	22	27	2	12	
2dln	31	2	15	23	9	31	3	12	14	41	11	4	13	14	11	25	13	22	5	7	
2dri	37	0	21	11	7	24	3	13	24	25	4	16	9	17	6	9	13	29	0	3	
2fx2	18	4	17	13	6	18	1	9	4	12	0	2	2	3	7	8	7	9	2	5	
2glt	22	4	20	27	11	25	4	26	18	33	10	12	17	11	19	10	19	15	4	9	
2gst	22	6	30	30	24	18	8	26	38	50	16	18	24	14	26	24	14	10	8	28	
2hnp	13	6	18	30	14	14	11	18	23	29	11	11	22	14	19	24	13	16	6	9	
2kau	88	9	45	49	23	73	28	54	25	58	23	25	41	26	40	29	49	68	7	13	
2mas	136	16	80	76	28	84	44	100	56	108	44	48	72	32	52	24	92	128	8	28	
2mnr	47	2	17	19	8	30	9	21	14	42	11	7	19	15	15	16	19	31	6	9	
2nac	76	14	54	46	16	64	32	32	32	76	14	24	48	14	46	38	52	62	12	34	
2ohx	56	28	34	42	36	76	14	48	60	50	18	16	40	16	24	52	48	78	4	8	
2olb	40	2	39	29	16	22	11	23	46	44	3	36	31	18	17	28	30	44	13	28	
2pia	24	8	24	21	16	23	7	13	13	24	6	11	17	7	26	30	22	20	4	5	
2reb	38	3	20	30	10	35	2	27	27	31	9	15	10	13	14	20	17	22	2	7	
2rn2	14	3	7	12	2	14	5	7	11	12	4	7	5	8	10	4	10	9	6	5	
2rsl	36	0	39	24	15	36	0	30	30	36	18	6	0	24	39	30	18	36	0	3	
2tmd	124	24	92	106	38	130	48	92	82	94	32	48	78	50	86	72	80	88	32	62	
2trc	40	21	51	45	24	44	11	32	36	55	17	25	17	24	38	48	38	33	9	17	
2trx	24	4	22	10	8	18	2	18	20	26	2	8	10	6	2	6	12	10	4	4	
2xis	47	1	37	28	23	37	10	11	11	39	7	10	19	11	35	11	16	19	6	9	
2yhx	58	5	19	7	19	34	5	32	17	26	8	13	15	14	10	48	14	23	4	8	
3chy	16	0	8	11	6	10	0	6	11	15	6	8	3	2	4	4	5	10	1	2	
3cla	11	4	16	10	17	4	7	11	12	20	6	12	9	10	9	15	11	16	3	10	
3pga	148	0	88	60	24	108	20	76	84	116	28	76	36	52	52	96	88	120	16	32	
3pgm	48	0	30	32	12	32	8	22	46	54	2	24	30	18	24	30	16	34	10	16	
3pmg	98	10	70	60	62	100	20	90	76	82	22	52	48	38	50	70	60	76	8	30	
3rub	51	12	31	44	26	52	15	27	34	51	12	20	29	20	34	22	34	45	13	28	
5p21	11	3	14	13	5	11	3	11	8	11	4	4	3	11	11	8	11	15	0	9	
