id	volume	surface_area	spherecity
1aco	106888.375	23067.7	0.4721719093800007
1ad3	129642.5	28753.4	0.4308173484023316
1add	50625.625	11617	0.5696879942431518
1ak5	46357.875	12419.8	0.5024797168455751
1amp	39680.125	8918.18	0.6308458425580395
1art	56281.75	15219.8	0.4666453123961628
1asu	22902.625	8007.99	0.48702446415892076
1ayl	77356.375	18171.6	0.48315709666058865
1bam	29553.625	8120.35	0.5692677072663771
1bco	42967.125	11819.2	0.5019420419600339
1ble	23665.125	7260.07	0.5490550010539565
1bmt	69629.125	20569.7	0.39790872177572717
1bnc	123244.5	31042.7	0.3858066136462236
1bro	77292.75	18701.8	0.46920203732076116
1brs	83788.5	22968.6	0.403155458051302
1byb	71543.125	16451.9	0.5065783996172449
1cbg	74129.375	17477.8	0.48826723813935813
1cdg	95352.875	20244.9	0.49856794220994166
1cfr	41771.25	11711.2	0.49712740830162583
1chd	26939.625	7202.86	0.6033558320717458
1chm	116509.75	24856.3	0.4641116707897733
1coy	69301.5	15800.6	0.516383435173091
1cse	44188.5	10493.5	0.5760187194740168
1ctt	40166.375	10173.8	0.5574971964771439
1cus	26433.375	7029.88	0.610432935539354
1dea	76807.875	20086.3	0.4350321427001737
1dfj	81903	20636.8	0.4419518699366017
1dik	121075.25	29791.2	0.3972827518572223
1din	32432.25	8334.69	0.5900824876759604
1djx	152791.25	39939.6	0.3460557497424101
1dnp	137788.875	35130	0.3672389561766414
1dor	89058.5	20415.6	0.47239529188907187
1dos	101976.375	25608.8	0.4121873027673559
1dra	45504.25	13309.3	0.46312356958213224
1dsb	53998.875	15092.7	0.4577626201242503
1dts	30527.875	8589.63	0.5499299645828237
1e2b	24757.875	6190.72	0.6635676522000934
1ebh	121243.375	26405.1	0.4486437817520978
1ede	45337.75	10415.4	0.5903571306887765
1erj	146919	36196.3	0.3719962723376918
1esc	41790.75	10924.9	0.5330730959855877
1exn	77998.125	23886.1	0.36959690030892633
1fnb	43195.375	11957	0.49791291864278686
1fua	29375.75	8404.02	0.5478433020295244
1fui	512193.875	101770	0.30419630690476207
1gar	55063.375	15019	0.46603477592905046
1gdl	21683.25	6704.44	0.5608816100796582
1ges	125505.25	30696.9	0.39490945689230533
1gky	26507.625	8596.25	0.5001369783502433
1gla	91324.375	21558.4	0.45490991718809287
1gnd	64365.875	16817.2	0.4618499353223835
1gpb	123457.25	29518.8	0.40619055927913456
1gpl	60977.25	14851.3	0.504465584275559
1gpm	290112	72552.8	0.2921059537733095
1grl	458163.25	131189	0.21907872436092193
1gym	43887.75	10293.4	0.5845488616423894
1hjr	88190.125	26341	0.3637462335081945
1hmy	49483.875	13402.1	0.48635539518857207
1hpl	126979.375	31007.1	0.3940141010918202
1hpm	53088.75	14309.5	0.4773768254760969
1hrd	189894	44006.8	0.363054505063363
1htt	209246.875	50605.7	0.33681441884928576
1hvq	37928.125	9420.35	0.5795060864205878
1idm	47367.25	12555.8	0.504225938600668
1kfd	81211.875	22106	0.41025478065980997
1kif	400986.875	95486.6	0.2753986455543839
1lam	68177.25	16842.5	0.4791857430333222
1lct	44866.75	12209.4	0.5001184504927305
1lfa	53912.625	15018.5	0.4595342485838679
1luc	91765.5	21860.7	0.45006269566374446
1mek	33531.5	7164.9	0.7018473195562557
1mio	281057.875	57713.8	0.3595298553480738
1mla	41364.375	10167.2	0.5688971206345713
1mmd	107914.375	29587.2	0.37048144085196943
1nal	165170	36067.5	0.4036350423387123
1nba	142276.75	28158.2	0.46806035682892955
1nfp	33800.125	10207.2	0.4952863636896023
1noy	108941	28879.8	0.3819596747982715
1nul	39568.25	11285.1	0.49759568780463975
1nzy	115375	25286.4	0.45325047050637735
1obr	45767.5	10462.6	0.5914017828658183
1orb	42098.75	11583.9	0.5052140953565386
1ord	213779.875	44850.7	0.38550153483565636
1pau	35085.25	9493.04	0.5459613060820243
1pbn	41478	10807.9	0.5361521003922879
1pdo	18005.125	5644.49	0.5885592330925966
1pfk	91990.25	22140.3	0.4451043336876398
1php	56131.5	14500.7	0.48891450527259894
1phr	22317.75	6492.17	0.5904654807241666
1pii	63832.5	16155.2	0.47811571831122535
1pky	250653.25	61083.6	0.31473259803570225
1pta	45072.875	12470.3	0.491153673771645
1pud	52654.625	13019.1	0.5218281593146004
1pvd	154484.125	34144.9	0.4077689795308408
1pvu	45878	13051.9	0.47483935340215894
1pxt	95257	21171.6	0.4764255503087981
1qap	82433.375	21183.8	0.43239664060134925
1qba	125925.625	27113.9	0.4480930534148347
1qrd	82145.625	23871.1	0.3828259050879219
1raa	134638.375	35801.5	0.3548369267639144
1req	377832.375	84996.4	0.29736033569037984
1rla	134250.75	30237	0.41933061562759866
1rlr	108246.875	25257	0.4348898503046765
1rpa	50360	13543.6	0.48693817097964753
1rva	81993.5	20581.2	0.44347218101017544
1rvv	640310.5	139422	0.2576795174859774
1scu	181394.25	45278.5	0.34224814620647537
1sfe	22953.5	7056.78	0.5534904829493856
1sft	113052.5	24932.2	0.45349966398218794
1tah	168475.5	41592.4	0.3546728783064571
1tfr	42140.25	11902.7	0.4920055956948853
1tht	84744.75	21996.1	0.4241768614538775
1tml	38760	9811.77	0.5644939316247963
1tpf	69771	16603.6	0.49362653145607216
1tpl	123840.25	30227.3	0.39748979353207853
1tpt	24755.75	18478.1	0.2223024267328407
1trk	192385.625	38654.6	0.4169314794311307
1ucw	90893.375	23034.1	0.42442507078147346
1udg	33586.375	9209.08	0.5466507739122511
1v39	43955.875	11812.9	0.5098849775968741
1vhr	50903	14354.7	0.4627206943829975
1vid	31000	8085.86	0.5901997703580811
1wht	56900.625	13483.3	0.5305984188712523
1xel	47218	12465.1	0.5068273968199557
1xva	84545.25	23227.3	0.40106202023202825
1xyz	94542.75	21410.9	0.46874288487805843
1yas	37817.25	9009.09	0.6047787115856026
1yve	290556	63120.1	0.33610090229551653
1zym	69682.75	20873.9	0.39231120618241666
2acr	46407.125	11691.7	0.5341495957537565
2anh	120063.625	24048.9	0.4893991482266208
2bgu	49701.5	13358.6	0.48936868604231415
2cmd	43249	11049.8	0.5392379147773568
2ctb	43968.625	10236.1	0.5885429939377517
2dkb	60082	16509.4	0.4493475952746422
2dln	42592.5	11428.2	0.5160934894394387
2dri	37289.25	9732.72	0.5545903743098292
2fx2	19962.5	5647.09	0.6301868956068474
2glt	44081.375	11776.4	0.5124383975647282
2gst	67343.25	17129.8	0.4672986718479983
2hnp	40837.75	10652.6	0.5383561874882492
2kau	106326.625	25160.8	0.43137439662502924
2mas	179936.25	39640.8	0.3888249793109446
2mnr	50129.75	12084.7	0.5440580953558511
2nac	106971.75	24152.4	0.45120083953387924
2ohx	103928.875	24281.2	0.4402555057328123
2olb	75727.375	17056.9	0.507480419012909
2pia	45460.625	13227.2	0.46570025143240446
2reb	42068.5	12610	0.4638815034182124
2rn2	22570	7212.03	0.5355265078447248
2rsl	50456.75	14450.6	0.4569595525658781
2tmd	210831.5	42770.5	0.4005254616620958
2trc	87354.5	24447.6	0.38943778058247475
2trx	30903	9121.69	0.5220866366629472
2xis	55663.5	16493.4	0.4274522490473718
2yhx	60507.75	15931.2	0.4678532356230148
3chy	18398.25	5340.31	0.631105551330741
3cla	31433.875	9193.12	0.5239459367132072
3pga	194803	38618	0.4208152212465532
3pgm	65855.375	19413.8	0.40622600775619144
3pmg	160700.375	37559.3	0.380578773119236
3rub	81322.375	19824.4	0.4578860808170643
5p21	24293.25	6922.09	0.5860085636004534
