id	AA	BA	CA	DA	EA	FA	AB	BB	CB	DB	EB	FB	AC	BC	CC	DC	EC	FC	AD	BD	CD	DD	ED	FD	AE	BE	CE	DE	EE	FE	AF	BF	CF	DF	EF	FF	id	A	C	D	E	F	G	H	I	K	L	M	N	P	Q	R	S	T	V	W	Y	id	skewness	kurtosis	id	volume	surface_area	spherecity
1aco	0	0	0	0	0	0	0	24	2	75	33	16	0	0	0	10	2	0	0	70	7	172	96	23	0	41	3	80	37	10	0	16	0	30	3	3	1aco	59	12	47	43	23	72	24	56	52	64	10	34	42	27	36	38	45	41	9	20	1aco	0.005746003240346909	-0.5296853372098534	1aco	106888.375	23067.7	0.4721719093800007
1ad3	0	0	0	0	0	0	0	58	4	60	48	16	0	2	0	8	4	0	0	70	2	202	104	28	0	38	6	104	64	18	0	18	2	30	12	4	1ad3	68	14	50	58	26	60	24	58	60	74	26	36	48	42	40	60	46	74	10	30	1ad3	0.007325348420029826	-0.6132050965429098	1ad3	129642.5	28753.4	0.4308173484023316
1add	0	0	0	0	0	0	0	17	0	27	22	11	0	0	1	1	3	0	0	33	3	62	38	13	0	20	1	42	16	6	0	6	0	18	6	2	1add	23	5	20	35	13	22	11	16	28	31	9	14	18	8	15	15	18	29	4	15	1add	-0.02252563585837682	-0.8724145472983214	1add	50625.625	11617	0.5696879942431518
1ak5	0	0	0	0	0	0	0	16	1	52	21	12	0	2	0	1	5	0	0	55	4	87	64	15	0	17	3	63	31	11	0	12	0	21	5	4	1ak5	36	8	34	27	18	43	10	39	35	33	11	20	16	21	22	36	27	43	5	19	1ak5	0.022298892339070637	-0.242430746863743	1ak5	46357.875	12419.8	0.5024797168455751
1amp	0	0	0	0	0	0	0	16	0	33	7	7	0	0	0	2	0	0	0	23	2	69	37	13	0	13	0	24	9	7	0	11	0	15	1	1	1amp	32	2	18	13	10	20	7	14	9	17	7	14	12	18	5	32	27	16	5	13	1amp	-0.12099544207255046	-0.8755856389604116	1amp	39680.125	8918.18	0.6308458425580395
1art	0	0	0	0	0	0	0	22	1	37	17	9	0	0	1	3	1	0	0	37	3	81	40	19	0	15	0	49	17	7	0	12	0	10	13	1	1art	46	5	20	27	20	30	6	17	18	38	8	23	15	16	22	21	22	26	5	11	1art	0.17410285025835037	-0.7002904496248524	1art	56281.75	15219.8	0.4666453123961628
1asu	0	0	0	0	0	0	0	2	0	17	5	2	0	0	0	1	0	0	0	19	0	45	20	5	0	3	0	22	7	3	0	2	1	5	2	0	1asu	18	1	5	8	4	13	5	8	9	14	4	6	8	7	13	9	15	9	5	1	1asu	-0.2809314678112666	-0.27486418694231407	1asu	22902.625	8007.99	0.48702446415892076
1ayl	0	0	0	0	0	0	0	25	0	49	20	16	0	0	0	4	0	1	0	54	3	119	60	20	0	21	0	58	23	13	0	10	2	25	13	4	1ayl	45	5	38	30	28	47	9	27	34	46	11	27	27	15	23	26	45	32	9	17	1ayl	0.0009680607666571935	-0.9674318303474717	1ayl	77356.375	18171.6	0.48315709666058865
1bam	0	0	0	0	0	0	0	8	1	21	14	7	0	1	0	0	2	0	0	23	1	32	23	6	0	14	0	22	11	5	0	5	1	9	3	3	1bam	8	3	9	24	9	11	2	18	25	21	5	14	10	4	5	12	12	9	3	9	1bam	0.00786015639702479	-0.8735917503652072	1bam	29553.625	8120.35	0.5692677072663771
1bco	0	0	0	0	0	0	0	14	2	26	14	8	0	1	0	1	2	1	0	29	1	71	35	13	0	13	1	35	14	9	0	7	1	17	7	4	1bco	30	5	20	20	16	30	7	11	22	24	9	15	14	9	22	8	17	28	8	12	1bco	0.042172769705454506	-0.9230832542393781	1bco	42967.125	11819.2	0.5019420419600339
1ble	0	0	0	0	0	0	0	9	0	13	6	4	0	0	0	0	0	0	0	9	0	32	30	1	0	13	0	20	14	3	0	1	0	6	1	0	1ble	13	0	11	9	6	6	4	15	11	12	6	6	5	6	11	14	8	18	1	1	1ble	-0.04844534791967211	-0.823679380952	1ble	23665.125	7260.07	0.5490550010539565
1bmt	0	0	0	0	0	0	0	22	2	44	36	6	0	2	0	0	0	0	0	44	0	102	54	10	0	30	0	54	44	12	0	14	0	8	6	0	1bmt	38	2	22	44	12	40	6	32	32	34	16	20	16	26	26	20	32	58	4	12	1bmt	-0.15540707732240358	-0.6295650538342383	1bmt	69629.125	20569.7	0.39790872177572717
1bnc	0	0	0	0	0	0	0	36	0	80	50	10	0	4	0	8	4	0	0	78	8	186	124	20	0	50	6	106	42	24	0	8	2	34	10	6	1bnc	90	16	42	70	28	86	24	86	50	56	28	36	42	28	58	36	30	60	2	30	1bnc	0.07981127128005028	-0.7463201667550488	1bnc	123244.5	31042.7	0.3858066136462236
1bro	0	0	0	0	0	0	0	26	0	36	26	18	0	0	0	0	0	0	0	50	0	140	50	26	0	20	0	50	28	12	0	10	0	40	6	14	1bro	70	0	40	32	36	46	14	22	10	50	2	20	26	14	26	30	46	36	8	26	1bro	0.021626542322337634	-0.7206912251484472	1bro	77292.75	18701.8	0.46920203732076116
1brs	0	0	0	0	0	0	0	15	0	87	24	12	0	0	0	0	0	0	0	63	0	102	60	36	0	36	0	48	27	15	0	24	0	24	15	3	1brs	48	0	39	42	18	45	9	42	42	57	0	27	15	30	27	42	39	27	18	30	1brs	-0.03478819162895282	-0.8515513364963381	1brs	83788.5	22968.6	0.403155458051302
1byb	0	0	0	0	0	0	0	24	0	47	29	13	0	3	0	2	0	1	0	40	4	85	52	21	0	32	1	44	27	13	0	14	1	24	9	8	1byb	32	6	33	29	21	38	11	27	30	47	11	30	30	21	19	25	18	32	11	24	1byb	0.07931748280922572	-0.7756441983874359	1byb	71543.125	16451.9	0.5065783996172449
1cbg	0	0	0	0	0	0	0	19	0	33	24	16	0	1	0	2	2	0	0	40	2	100	44	34	0	16	1	47	17	16	0	16	2	37	10	10	1cbg	36	5	31	24	31	37	13	23	32	44	9	28	26	9	26	30	20	21	12	33	1cbg	0.08020458867152531	-0.8308048259230075	1cbg	74129.375	17477.8	0.48826723813935813
1cdg	0	0	0	0	0	0	0	35	1	60	29	21	0	0	0	2	0	1	0	56	2	159	66	38	0	34	0	71	20	12	0	21	0	29	22	6	1cdg	65	3	40	18	32	65	12	37	29	38	13	62	28	26	20	47	56	49	13	33	1cdg	0.03702450543642044	-0.7168744405053437	1cdg	95352.875	20244.9	0.49856794220994166
1cfr	0	0	0	0	0	0	0	6	1	24	20	4	0	0	0	3	0	0	0	21	0	49	39	13	0	18	2	35	13	8	0	10	0	10	5	3	1cfr	16	3	19	15	15	13	6	33	17	26	5	18	5	3	12	35	18	13	3	10	1cfr	-0.0962200661500295	-0.47935114469453016	1cfr	41771.25	11711.2	0.49712740830162583
1chd	0	0	0	0	0	0	0	5	1	18	7	2	0	0	0	1	1	0	0	18	0	52	30	5	0	9	1	30	13	1	0	1	0	4	3	0	1chd	25	2	6	10	4	21	8	15	8	16	8	7	12	10	10	15	6	16	1	3	1chd	0.09577720550199349	-0.7411134935153642	1chd	26939.625	7202.86	0.6033558320717458
1chm	0	0	0	0	0	0	0	34	0	80	50	10	0	2	0	6	0	2	0	72	6	142	84	44	0	54	2	84	50	6	0	14	2	34	12	10	1chm	80	10	56	54	26	56	30	58	24	64	24	40	30	26	58	30	40	50	10	36	1chm	-0.021606196959813435	-0.7222362141172152	1chm	116509.75	24856.3	0.4641116707897733
1coy	0	0	0	0	0	0	0	16	0	46	22	11	0	0	0	0	0	1	0	48	1	123	55	22	0	20	0	62	19	10	0	10	0	19	15	6	1coy	43	1	28	19	21	59	4	25	31	32	14	29	23	19	21	30	39	40	9	20	1coy	0.018308947483698528	-0.8474252906521301	1coy	69301.5	15800.6	0.516383435173091
1cse	0	0	0	0	0	0	0	3	0	28	18	5	0	0	0	0	0	0	0	31	0	95	39	16	0	15	0	43	17	3	0	4	0	16	4	5	1cse	42	0	11	10	9	40	8	10	11	21	5	24	15	9	8	35	24	42	1	19	1cse	0.12087558582425117	-0.829637366949624	1cse	44188.5	10493.5	0.5760187194740168
1ctt	0	0	0	0	0	0	0	11	0	21	17	5	0	1	0	4	0	0	0	24	5	70	36	11	0	11	0	38	12	4	0	7	0	12	1	3	1ctt	47	5	17	13	11	20	9	13	10	39	6	11	16	13	11	19	14	8	3	9	1ctt	-0.11372868220011394	-0.8235691510964592	1ctt	40166.375	10173.8	0.5574971964771439
1cus	0	0	0	0	0	0	0	5	1	19	7	1	0	0	0	2	1	1	0	18	3	62	18	8	0	8	0	20	9	3	0	2	0	5	6	0	1cus	28	4	12	6	6	25	1	13	6	18	1	10	9	5	13	13	14	9	1	6	1cus	0.009671640892823538	-0.8272530537517095	1cus	26433.375	7029.88	0.610432935539354
1dea	0	0	0	0	0	0	0	26	2	34	32	12	0	2	0	4	2	0	0	42	2	106	70	16	0	30	4	66	28	8	0	6	0	26	4	8	1dea	44	8	24	36	24	34	22	28	30	48	20	32	26	14	24	22	34	42	4	16	1dea	-0.05145681121697028	-0.8189237693180753	1dea	76807.875	20086.3	0.4350321427001737
1dfj	0	0	0	0	0	0	0	19	12	59	31	6	0	11	1	15	9	2	0	60	21	92	72	5	0	34	3	75	29	4	0	3	1	9	4	1	1dfj	44	38	28	40	3	40	11	12	24	100	6	27	20	32	26	53	33	28	5	10	1dfj	-0.07513728737831116	-0.8500386824908788	1dfj	81903	20636.8	0.4419518699366017
1dik	0	0	0	0	0	0	0	42	2	84	50	14	0	1	1	8	2	1	0	84	8	173	97	35	0	51	1	99	40	12	0	14	1	32	15	6	1dik	85	13	49	87	40	74	16	47	62	59	39	28	36	28	39	33	52	59	5	23	1dik	-0.11962280422449112	-0.8367437428414993	1dik	121075.25	29791.2	0.3972827518572223
1din	0	0	0	0	0	0	0	8	0	18	12	4	0	0	0	0	1	1	0	25	1	55	24	11	0	8	1	24	10	7	0	1	0	18	4	2	1din	33	2	10	13	10	24	7	7	9	21	4	5	14	14	10	12	7	19	3	12	1din	0.060097778836886086	-0.8551177750236637	1din	32432.25	8334.69	0.5900824876759604
1djx	0	0	0	0	0	0	0	70	6	116	66	30	0	4	0	16	2	4	0	136	10	238	124	38	0	58	6	118	66	30	0	18	4	60	20	6	1djx	74	26	78	90	52	84	34	58	68	124	28	52	60	68	72	102	54	68	16	40	1djx	-0.23221387589971224	-0.5229489895190559	1djx	152791.25	39939.6	0.3460557497424101
1dnp	0	0	0	0	0	0	0	28	4	100	46	24	0	4	0	2	6	2	0	96	6	196	90	40	0	44	4	92	40	20	0	30	0	38	18	10	1dnp	100	14	40	66	38	56	30	38	34	86	16	40	52	56	68	46	44	60	30	28	1dnp	0.0593391532699267	-0.5305782289275364	1dnp	137788.875	35130	0.3672389561766414
1dor	0	0	0	0	0	0	0	22	0	54	40	16	0	0	0	4	2	0	0	58	4	108	76	20	0	40	2	68	28	16	0	12	0	32	8	10	1dor	50	6	26	48	40	54	10	50	44	64	18	36	34	22	10	32	32	24	0	22	1dor	-0.060340018942952156	-0.63704327060311	1dor	89058.5	20415.6	0.47239529188907187
1dos	0	0	0	0	0	0	0	32	0	62	48	10	0	2	0	4	2	0	0	64	6	154	70	30	0	38	2	80	34	16	0	16	0	26	14	4	1dos	64	8	42	44	26	62	26	42	50	54	14	36	28	30	12	50	34	60	8	26	1dos	-0.2225118726491928	-0.30679274477077895	1dos	101976.375	25608.8	0.4121873027673559
1dra	0	0	0	0	0	0	0	12	0	32	14	12	0	0	0	2	0	2	0	36	2	54	36	8	0	14	0	34	22	6	0	8	2	12	6	2	1dra	26	4	26	26	12	20	10	24	12	22	10	10	20	8	18	18	12	22	10	8	1dra	0.026183941556761663	-0.8238566789085405	1dra	45504.25	13309.3	0.46312356958213224
1dsb	0	0	0	0	0	0	0	16	0	36	24	14	0	0	0	2	0	2	0	36	2	56	48	10	0	24	0	44	8	12	0	14	2	14	8	4	1dsb	34	4	24	24	22	26	6	10	34	24	12	14	14	28	6	16	18	42	4	16	1dsb	-0.0015103289236625024	-0.9453832317181095	1dsb	53998.875	15092.7	0.4577626201242503
1dts	0	0	0	0	0	0	0	6	0	18	11	0	0	0	0	2	0	0	0	18	1	57	28	8	0	7	1	24	15	7	0	4	0	11	0	2	1dts	29	2	7	12	5	18	4	9	8	25	5	6	13	10	8	12	20	16	5	7	1dts	-0.22731003413597742	-0.7062353292673874	1dts	30527.875	8589.63	0.5499299645828237
1e2b	0	0	0	0	0	0	0	1	0	10	6	1	0	0	0	0	0	0	0	11	0	21	13	3	0	5	0	14	12	2	0	0	0	3	3	0	1e2b	14	0	3	8	2	7	1	7	10	13	4	3	6	4	2	6	2	10	0	4	1e2b	-0.015387664494269034	-0.7982568331663302	1e2b	24757.875	6190.72	0.6635676522000934
1ebh	0	0	0	0	0	0	0	36	0	84	42	6	0	2	0	0	0	0	0	68	2	230	104	34	0	50	0	96	40	16	0	12	0	30	14	4	1ebh	110	2	62	50	32	74	22	44	74	80	10	38	30	18	28	62	40	68	10	18	1ebh	0.028323616832494732	-0.7470273862802277	1ebh	121243.375	26405.1	0.4486437817520978
1ede	0	0	0	0	0	0	0	15	0	33	14	5	0	0	0	3	1	0	0	30	1	46	32	23	0	11	3	26	16	10	0	10	0	24	4	2	1ede	30	4	26	18	23	18	5	14	12	28	11	10	23	13	15	13	16	14	6	11	1ede	-0.004659262485802174	-0.8688722279899547	1ede	45337.75	10415.4	0.5903571306887765
1erj	0	0	0	0	0	0	0	51	6	117	51	24	0	6	3	6	6	0	0	132	6	270	108	30	0	39	3	126	63	33	0	18	3	27	39	9	1erj	60	21	105	45	30	87	24	54	69	105	9	66	48	33	57	138	63	99	18	48	1erj	-0.006967093097046018	-0.8247114351762123	1erj	146919	36196.3	0.3719962723376918
1esc	0	0	0	0	0	0	0	19	1	37	15	4	0	1	0	4	0	1	0	33	3	63	31	11	0	17	1	28	11	2	0	6	1	9	2	5	1esc	33	6	31	17	13	32	3	12	17	31	1	9	21	19	12	8	16	15	4	6	1esc	-0.10727130062878132	-0.7313806026715225	1esc	41790.75	10924.9	0.5330730959855877
1exn	0	0	0	0	0	0	0	36	0	56	34	12	0	0	0	0	2	2	0	44	2	100	56	32	0	42	2	44	38	14	0	14	0	36	10	2	1exn	36	4	48	48	32	36	14	42	42	56	10	24	12	18	32	32	32	32	6	24	1exn	-0.11572956293821335	-0.6882346833280178	1exn	77998.125	23886.1	0.36959690030892633
1fnb	0	0	0	0	0	0	0	12	1	31	13	5	0	0	0	1	4	0	0	29	2	66	31	15	0	12	2	36	13	9	0	10	0	9	11	1	1fnb	21	5	18	27	13	26	5	16	34	24	13	11	17	7	9	16	15	19	6	12	1fnb	-0.18573871751626334	-0.49861255875729915	1fnb	43195.375	11957	0.49791291864278686
1fua	0	0	0	0	0	0	0	6	1	18	12	3	0	0	0	4	0	0	0	22	2	38	31	6	0	10	1	30	13	4	0	1	0	9	3	0	1fua	23	4	6	18	4	13	11	15	9	24	5	10	9	6	10	10	14	15	2	7	1fua	0.12279440959294637	-0.5917915001339334	1fua	29375.75	8404.02	0.5478433020295244
1fui	0	0	0	0	0	0	0	138	12	330	168	54	0	6	0	42	12	12	0	354	18	708	444	162	0	138	30	462	126	36	0	66	12	138	48	24	1fui	384	72	192	240	102	318	96	204	150	246	138	144	138	126	192	210	198	210	84	102	1fui	-0.0791356417402211	-0.6780533628098485	1fui	512193.875	101770	0.30419630690476207
1gar	0	0	0	0	0	0	0	18	0	42	22	4	0	0	0	2	0	0	0	48	2	88	42	18	0	18	0	44	34	8	0	0	0	22	8	2	1gar	50	2	30	24	16	32	20	30	14	38	8	16	20	16	22	22	18	30	4	12	1gar	-0.021544888770828642	-0.681000200101469	1gar	55063.375	15019	0.46603477592905046
1gdl	0	0	0	0	0	0	0	6	0	14	6	4	0	0	0	0	0	0	0	11	0	33	20	5	0	12	0	15	12	2	0	1	0	7	3	1	1gdl	21	0	6	14	7	7	5	9	14	14	1	6	5	4	1	9	8	17	3	2	1gdl	-0.17373219629128775	-0.7836656259453926	1gdl	21683.25	6704.44	0.5608816100796582
1ges	0	0	0	0	0	0	0	34	0	68	52	22	0	2	0	8	2	0	0	84	4	188	108	34	0	40	8	122	40	12	0	16	0	30	22	2	1ges	84	12	50	62	32	92	26	66	46	54	26	46	42	18	32	32	64	78	6	32	1ges	-0.08924492945273717	-0.8693780456600542	1ges	125505.25	30696.9	0.39490945689230533
1gky	0	0	0	0	0	0	0	7	0	18	12	1	0	0	0	1	0	0	0	13	0	50	16	11	0	9	1	16	7	5	0	9	0	5	3	1	1gky	15	1	11	15	11	13	1	11	19	12	2	8	7	4	7	19	10	13	1	6	1gky	0.18191717565059662	-0.5754054304555126	1gky	26507.625	8596.25	0.5001369783502433
1gla	0	0	0	0	0	0	0	23	1	62	41	15	0	1	0	2	2	0	0	70	2	128	73	22	0	35	1	85	39	12	0	12	1	19	17	4	1gla	53	5	40	57	22	59	11	53	39	48	16	24	21	21	35	31	48	55	13	18	1gla	-0.1360507582624753	-0.6213377062768102	1gla	91324.375	21558.4	0.45490991718809287
1gnd	0	0	0	0	0	0	0	22	3	41	23	12	0	1	0	5	3	1	0	42	3	74	41	19	0	28	4	39	28	12	0	7	0	20	17	1	1gnd	23	10	33	32	19	31	5	30	29	36	14	20	21	16	21	26	23	32	1	25	1gnd	-0.24872572844227156	-0.7149619901382893	1gnd	64365.875	16817.2	0.4618499353223835
1gpb	0	0	0	0	0	0	0	43	3	73	49	22	0	1	0	5	3	0	0	73	3	131	104	33	0	50	2	99	42	19	0	23	1	36	14	12	1gpb	63	9	49	65	38	48	22	51	48	78	21	46	36	30	63	29	36	62	12	36	1gpb	0.18508156140645346	-0.669227034387911	1gpb	123457.25	29518.8	0.40619055927913456
1gpl	0	0	0	0	0	0	0	18	1	39	20	10	0	1	0	8	3	1	0	33	6	96	42	20	0	23	2	37	19	8	0	13	3	18	5	5	1gpl	21	13	22	22	24	36	13	24	28	29	7	28	24	16	13	36	27	29	5	15	1gpl	-0.03346222514907519	-0.6437883143229648	1gpl	60977.25	14851.3	0.504465584275559
1gpm	0	0	0	0	0	0	0	92	16	168	108	40	0	4	0	8	8	8	0	148	4	384	276	76	0	128	4	272	120	52	0	48	4	56	68	4	1gpm	160	28	136	172	92	172	60	124	96	184	60	60	92	56	128	96	84	212	32	56	1gpm	0.058081919948259994	-0.7467945499540328	1gpm	290112	72552.8	0.2921059537733095
1grl	0	0	0	0	0	0	0	189	0	336	259	28	0	14	0	7	0	0	0	350	14	847	567	42	0	224	7	574	252	21	0	35	0	56	0	7	1grl	518	21	245	322	49	420	7	224	280	287	161	133	98	112	147	119	231	413	0	49	1grl	-0.02382578430253835	-0.8928422629258895	1grl	458163.25	131189	0.21907872436092193
1gym	0	0	0	0	0	0	0	24	0	25	16	9	0	0	0	0	0	0	0	29	0	50	30	12	0	10	0	31	11	12	0	10	0	16	7	5	1gym	12	0	19	20	12	16	6	23	24	20	7	24	14	11	9	23	18	14	7	19	1gym	-0.010203522940476736	-0.7681992483186283	1gym	43887.75	10293.4	0.5845488616423894
1hjr	0	0	0	0	0	0	0	20	0	68	24	8	0	0	0	8	0	0	0	52	4	104	108	16	0	32	4	100	36	8	0	12	0	8	12	4	1hjr	84	8	28	20	16	48	12	52	28	52	12	16	24	56	32	32	28	64	0	20	1hjr	-0.01982544735074044	-0.7380931237649433	1hjr	88190.125	26341	0.3637462335081945
1hmy	0	0	0	0	0	0	0	12	1	32	21	7	0	2	0	2	2	0	0	28	3	56	27	21	0	21	1	29	19	6	0	10	1	16	8	1	1hmy	16	6	17	22	20	28	6	23	25	25	7	20	13	14	15	16	16	22	1	15	1hmy	0.26777590811252594	-0.49353145073509647	1hmy	49483.875	13402.1	0.48635539518857207
1hpl	0	0	0	0	0	0	0	30	6	90	42	22	0	2	0	18	6	2	0	88	8	170	80	50	0	48	4	74	38	18	0	24	8	44	16	8	1hpl	48	28	56	46	56	80	18	46	38	58	10	58	42	32	42	76	52	68	14	30	1hpl	0.09869355460007986	-0.7223225094442332	1hpl	126979.375	31007.1	0.3940141010918202
1hpm	0	0	0	0	0	0	0	15	1	32	24	11	0	0	0	2	0	0	0	43	0	91	39	10	0	19	1	44	20	4	0	5	0	14	6	4	1hpm	37	2	29	24	18	29	6	26	29	25	7	18	11	12	22	22	27	31	1	10	1hpm	0.04936102374146382	-0.5841479166342841	1hpm	53088.75	14309.5	0.4773768254760969
1hrd	0	0	0	0	0	0	0	57	3	123	69	30	0	0	0	3	0	3	0	120	3	249	165	57	0	78	0	138	81	30	0	27	0	84	12	12	1hrd	129	6	72	102	57	144	18	60	81	81	51	60	60	48	54	60	51	135	15	63	1hrd	0.1290921303961012	-0.683023941333832	1hrd	189894	44006.8	0.363054505063363
1htt	0	0	0	0	0	0	0	68	4	172	100	24	0	4	0	8	8	0	0	192	12	296	176	72	0	68	4	228	96	24	0	36	0	44	40	12	1htt	164	20	88	136	48	164	32	60	64	196	32	68	56	76	128	64	80	132	24	60	1htt	0.0029100831598043303	-0.8119904399273438	1htt	209246.875	50605.7	0.33681441884928576
1hvq	0	0	0	0	0	0	0	7	3	20	13	7	0	1	0	5	0	0	0	25	3	63	24	11	0	11	0	24	11	11	0	6	0	15	8	4	1hvq	20	6	14	4	9	32	2	20	14	23	2	21	14	11	7	25	13	12	7	17	1hvq	0.0472204132626454	-0.9347322411772602	1hvq	37928.125	9420.35	0.5795060864205878
1idm	0	0	0	0	0	0	0	7	0	28	15	5	0	0	0	0	0	0	0	27	0	90	46	14	0	19	0	46	22	1	0	2	0	12	6	2	1idm	43	0	14	33	14	37	6	10	15	37	6	5	24	3	22	17	13	36	3	5	1idm	0.07463615636030833	-0.7440570912714991	1idm	47367.25	12555.8	0.504225938600668
1kfd	0	0	0	0	0	0	0	30	0	52	43	12	0	1	0	0	0	0	0	53	1	124	74	16	0	42	0	70	31	13	0	11	0	21	9	1	1kfd	62	1	35	54	16	33	16	39	38	69	14	23	27	25	36	27	29	35	5	21	1kfd	0.12164683267474174	-0.5138486672006364	1kfd	81211.875	22106	0.41025478065980997
1kif	0	0	0	0	0	0	0	72	0	248	144	80	0	8	8	16	8	0	0	248	24	456	304	152	0	152	8	304	168	56	0	64	0	160	64	24	1kif	136	40	104	176	120	256	72	160	96	288	40	152	176	112	168	104	176	208	80	112	1kif	0.020420267091443144	-0.7329300845618429	1kif	400986.875	95486.6	0.2753986455543839
1lam	0	0	0	0	0	0	0	27	2	37	22	9	0	1	0	3	3	0	0	31	4	130	50	16	0	30	0	47	25	10	0	7	1	15	12	1	1lam	52	7	24	37	20	42	8	29	33	39	11	22	23	14	21	28	25	33	7	9	1lam	-0.14647705604632696	-0.7127013985029453	1lam	68177.25	16842.5	0.4791857430333222
1lct	0	0	0	0	0	0	0	11	0	30	12	9	0	2	0	6	3	1	0	31	7	81	31	16	0	13	4	32	5	4	0	5	1	17	7	4	1lct	31	12	17	18	19	27	4	12	21	24	1	12	22	15	27	23	12	21	5	10	1lct	-0.03024273117383321	-0.9383661874186037	1lct	44866.75	12209.4	0.5001184504927305
1lfa	0	0	0	0	0	0	0	6	0	44	18	12	0	0	0	0	0	0	0	38	0	66	36	16	0	18	2	30	30	14	0	18	0	14	10	0	1lfa	24	2	32	24	30	18	8	30	42	34	8	10	8	14	8	22	26	22	0	12	1lfa	0.12533669685944915	-0.672721150375361	1lfa	53912.625	15018.5	0.4595342485838679
1luc	0	0	0	0	0	0	0	34	1	67	38	22	0	5	2	3	3	1	0	70	7	118	58	28	0	35	3	54	36	18	0	17	1	38	13	5	1luc	59	14	46	50	40	43	23	31	35	52	18	39	20	27	26	39	36	47	8	26	1luc	0.018495601291457817	-0.9550973301659536	1luc	91765.5	21860.7	0.45006269566374446
1mek	0	0	0	0	0	0	0	6	0	14	3	0	0	0	0	1	0	1	0	9	2	35	10	7	0	3	0	8	6	2	0	6	0	4	0	2	1mek	20	2	7	12	4	8	3	3	11	10	0	3	6	2	6	4	5	6	2	6	1mek	0.09453737653578477	-0.673002285330793	1mek	33531.5	7164.9	0.7018473195562557
1mio	0	0	0	0	0	0	0	72	6	176	106	32	0	6	2	24	0	0	0	162	16	408	230	84	0	118	6	198	126	40	0	34	2	92	28	10	1mio	134	32	116	156	74	188	54	164	156	118	64	80	92	40	56	102	120	144	12	80	1mio	-0.0737916249781847	-0.5076326694468501	1mio	281057.875	57713.8	0.3595298553480738
1mla	0	0	0	0	0	0	0	10	2	21	17	7	0	0	0	4	1	0	0	29	3	74	36	9	0	12	0	45	16	3	0	6	0	7	6	0	1mla	54	5	11	21	8	24	4	9	14	26	11	9	17	16	8	14	16	31	4	7	1mla	0.23765127547085285	-0.8739269384311755	1mla	41364.375	10167.2	0.5688971206345713
1mmd	0	0	0	0	0	0	0	51	1	76	47	15	0	1	0	3	3	0	0	82	2	127	64	37	0	38	3	75	40	19	0	17	1	31	22	6	1mmd	55	7	47	53	45	42	15	52	56	68	10	50	26	40	38	47	33	46	4	28	1mmd	0.062012369434038796	-0.810483411756834	1mmd	107914.375	29587.2	0.37048144085196943
1nal	0	0	0	0	0	0	0	56	8	76	68	44	0	4	0	8	4	0	0	116	4	204	144	32	0	72	4	148	84	12	0	4	0	60	24	8	1nal	96	16	64	68	40	112	20	68	64	132	28	32	44	88	48	60	56	96	4	52	1nal	0.03816153171161811	-0.7249454081671574	1nal	165170	36067.5	0.4036350423387123
1nba	0	0	0	0	0	0	0	40	0	108	68	24	0	0	0	8	0	0	0	136	4	224	84	48	0	52	4	112	40	8	0	12	0	40	28	12	1nba	108	8	76	76	44	72	16	76	28	52	12	56	76	32	64	48	84	80	16	32	1nba	0.004288106768702473	0.17207927575592935	1nba	142276.75	28158.2	0.46806035682892955
1nfp	0	0	0	0	0	0	0	16	0	18	17	9	0	0	0	1	0	1	0	25	0	32	21	7	0	11	1	25	12	6	0	7	1	9	6	2	1nfp	18	2	15	15	13	6	9	13	16	21	7	20	5	10	6	14	11	15	2	10	1nfp	-0.058090592424074806	-0.6197897514095078	1nfp	33800.125	10207.2	0.4952863636896023
1noy	0	0	0	0	0	0	0	30	4	58	58	26	0	6	0	2	0	0	0	82	4	102	78	36	0	44	0	88	36	26	0	14	0	52	24	6	1noy	32	8	64	58	38	44	12	68	66	48	36	34	32	20	38	54	25	44	10	48	1noy	nan	nan	1noy	108941	28879.8	0.3819596747982715
1nul	0	0	0	0	0	0	0	14	0	20	14	6	0	0	0	0	2	0	0	20	0	66	42	6	0	16	2	32	26	12	0	4	0	14	6	0	1nul	22	2	26	16	8	26	8	26	14	22	10	2	18	10	20	14	12	32	8	8	1nul	0.017397068440914154	-0.18464113363831774	1nul	39568.25	11285.1	0.49759568780463975
1nzy	0	0	0	0	0	0	0	33	0	63	36	6	0	3	0	3	6	3	0	54	12	168	120	30	0	39	3	117	33	15	0	9	0	33	12	6	1nzy	108	15	43	60	27	57	33	51	30	57	33	17	33	18	60	27	36	69	18	15	1nzy	0.00217967521813181	-0.6382292205622456	1nzy	115375	25286.4	0.45325047050637735
1obr	0	0	0	0	0	0	0	12	0	41	9	9	0	1	1	2	0	0	0	28	3	61	25	30	0	22	0	19	12	5	0	9	0	23	12	1	1obr	17	4	20	18	13	24	6	17	16	15	8	25	15	9	13	30	26	18	4	28	1obr	-0.05547620728611946	-0.9039028855886486	1obr	45767.5	10462.6	0.5914017828658183
1orb	0	0	0	0	0	0	0	7	0	22	12	9	0	1	0	2	1	0	0	26	4	78	29	9	0	11	0	28	12	10	0	5	0	15	8	6	1orb	24	4	15	22	15	26	8	7	16	25	5	7	18	6	20	21	13	25	8	11	1orb	-0.12683972467978796	-0.7852622469180085	1orb	42098.75	11583.9	0.5052140953565386
1ord	0	0	0	0	0	0	0	72	8	148	68	52	0	2	0	0	6	4	0	166	2	254	124	64	0	62	2	142	76	30	0	44	0	68	38	26	1ord	126	12	106	98	84	100	36	88	88	104	26	88	74	56	62	62	64	94	14	78	1ord	-0.18742450202504796	-0.5045549392703794	1ord	213779.875	44850.7	0.38550153483565636
1pau	0	0	0	0	0	0	0	9	0	25	14	3	0	1	0	4	3	0	0	19	5	47	22	14	0	15	3	21	12	5	0	7	0	11	4	5	1pau	12	8	19	17	15	15	7	16	19	19	8	12	6	4	14	21	15	13	2	10	1pau	0.15955906423429647	-0.5527703276891677	1pau	35085.25	9493.04	0.5459613060820243
1pbn	0	0	0	0	0	0	0	10	0	32	10	7	0	1	0	2	1	0	0	31	3	46	33	15	0	11	1	32	24	3	0	6	0	15	4	1	1pbn	20	4	10	21	15	31	8	10	9	25	12	14	14	14	17	13	16	25	3	8	1pbn	0.0355224241502583	-0.688755023402653	1pbn	41478	10807.9	0.5361521003922879
1pdo	0	0	0	0	0	0	0	8	0	9	8	4	0	0	0	0	0	0	0	13	0	27	14	3	0	7	0	13	15	3	0	1	0	8	1	0	1pdo	16	0	8	13	5	12	2	8	8	14	3	5	5	3	3	3	9	13	3	2	1pdo	0.1856465426584085	-0.25084451686367787	1pdo	18005.125	5644.49	0.5885592330925966
1pfk	0	0	0	0	0	0	0	26	4	36	42	6	0	2	0	6	2	2	0	40	4	140	86	20	0	36	4	82	44	12	0	10	0	26	6	2	1pfk	54	12	46	42	20	76	14	56	28	50	24	16	16	10	44	28	30	50	2	22	1pfk	-0.054562528928120926	-0.820997111598176	1pfk	91990.25	22140.3	0.4451043336876398
1php	0	0	0	0	0	0	0	16	0	30	30	3	0	0	0	0	0	1	0	37	1	87	47	11	0	23	0	50	24	8	0	3	0	15	5	2	1php	49	1	31	33	15	35	8	21	32	38	9	13	15	2	20	11	13	38	2	8	1php	0.0009905211627483368	-0.776212929126312	1php	56131.5	14500.7	0.48891450527259894
1phr	0	0	0	0	0	0	0	10	0	18	7	5	0	2	1	2	3	0	0	13	3	25	16	2	0	10	4	10	7	5	0	5	0	4	3	1	1phr	10	8	13	8	6	6	2	9	9	11	1	11	5	8	12	10	6	15	2	5	1phr	0.13716200242439905	-0.7928978827917718	1phr	22317.75	6492.17	0.5904654807241666
1pii	0	0	0	0	0	0	0	25	0	38	24	12	0	2	0	3	2	0	0	43	4	86	53	9	0	21	3	53	28	10	0	8	0	15	9	3	1pii	59	7	29	23	16	31	11	25	18	49	5	18	14	29	23	25	14	37	3	16	1pii	0.14610646416743597	-0.7398858707877921	1pii	63832.5	16155.2	0.47811571831122535
1pky	0	0	0	0	0	0	0	80	8	180	108	12	0	0	0	8	16	0	0	184	12	400	220	40	0	100	4	240	188	8	0	24	0	28	8	8	1pky	164	24	108	140	48	160	32	132	136	160	76	96	48	44	84	96	136	176	0	20	1pky	0.0007526476401835715	-0.7795302410489854	1pky	250653.25	61083.6	0.31473259803570225
1pta	0	0	0	0	0	0	0	12	0	22	11	5	0	0	0	0	2	0	0	22	1	84	52	6	0	12	1	46	16	10	0	4	0	14	3	3	1pta	38	2	18	16	15	26	7	25	8	33	5	6	14	10	25	24	24	22	4	5	1pta	-0.012011498212814331	-0.8168267423074896	1pta	45072.875	12470.3	0.491153673771645
1pud	0	0	0	0	0	0	0	15	1	35	13	9	0	3	0	1	1	0	0	37	3	91	44	17	0	15	1	41	22	4	0	3	0	23	4	2	1pud	38	5	24	24	20	33	10	22	14	27	17	8	17	17	32	30	18	18	4	8	1pud	-0.11324459376434486	-0.6715294016331135	1pud	52654.625	13019.1	0.5218281593146004
1pvd	0	0	0	0	0	0	0	34	0	106	52	22	0	0	2	6	0	0	0	96	2	214	144	50	0	64	4	128	68	22	0	20	0	52	22	0	1pvd	100	8	56	58	46	84	24	74	70	108	24	58	52	42	30	64	84	80	14	34	1pvd	0.14171793622275194	-0.5868919418425325	1pvd	154484.125	34144.9	0.4077689795308408
1pvu	0	0	0	0	0	0	0	18	0	16	28	10	0	0	0	0	0	0	0	26	0	56	24	14	0	22	0	38	18	4	0	6	0	12	12	6	1pvu	14	0	22	20	8	22	16	32	26	32	4	18	16	12	10	8	10	14	8	20	1pvu	-0.19899608815709752	-0.2592789789642501	1pvu	45878	13051.9	0.47483935340215894
1pxt	0	0	0	0	0	0	0	38	2	72	44	10	0	2	0	8	4	2	0	56	6	158	110	20	0	54	8	90	34	14	0	14	0	22	10	0	1pxt	86	16	36	48	28	72	6	64	46	70	12	54	38	28	34	38	30	56	0	18	1pxt	0.04170908763383826	-0.7060429674254654	1pxt	95257	21171.6	0.4764255503087981
1qap	0	0	0	0	0	0	0	28	0	60	44	6	0	0	0	0	2	4	0	58	4	112	78	6	0	44	0	72	26	14	0	8	0	16	6	2	1qap	66	6	50	40	20	46	14	24	16	70	6	24	18	24	46	14	40	56	6	6	1qap	0.11782255272070566	-0.8204707236432419	1qap	82433.375	21183.8	0.43239664060134925
1qba	0	0	0	0	0	0	0	36	2	95	45	13	0	1	0	4	1	0	0	88	2	176	82	52	0	45	2	81	30	13	0	22	0	44	12	11	1qba	81	6	69	44	38	72	16	33	60	63	16	31	45	48	45	46	35	59	19	32	1qba	0.0631256898244222	-0.8383276691303111	1qba	125925.625	27113.9	0.4480930534148347
1qrd	0	0	0	0	0	0	0	20	0	34	28	24	0	0	0	0	0	2	0	48	2	112	46	30	0	26	0	66	38	2	0	12	0	26	20	8	1qrd	44	2	20	40	32	40	10	26	44	56	10	20	28	26	20	36	18	40	12	22	1qrd	-0.008641615509986877	-0.6198862713088708	1qrd	82145.625	23871.1	0.3828259050879219
1raa	0	0	0	0	0	0	0	38	2	98	50	12	0	2	0	4	2	2	0	88	4	170	120	24	0	58	2	112	62	12	0	12	2	24	12	10	1raa	88	10	60	48	34	42	30	54	52	106	20	52	38	40	46	62	50	68	4	22	1raa	0.020869942614808686	-0.7086966072986365	1raa	134638.375	35801.5	0.3548369267639144
1req	0	0	0	0	0	0	0	108	2	256	144	42	0	2	0	6	4	0	0	258	2	614	332	120	0	142	8	348	96	34	0	42	0	102	52	10	1req	324	12	188	202	100	206	40	130	136	234	62	72	136	90	172	142	174	202	40	66	1req	-0.10423978697508574	-0.46842712825188093	1req	377832.375	84996.4	0.29736033569037984
1rla	0	0	0	0	0	0	0	18	0	87	45	9	0	0	0	6	3	0	0	78	0	246	138	27	0	57	6	108	45	27	0	6	3	39	15	3	1rla	51	9	54	60	33	99	27	60	78	84	15	30	72	15	33	57	72	87	6	27	1rla	-0.05117609186304941	-0.5610140940519578	1rla	134250.75	30237	0.41933061562759866
1rlr	0	0	0	0	0	0	0	36	2	57	46	24	0	1	0	8	2	0	0	68	5	145	82	29	0	39	4	89	35	13	0	21	0	30	15	9	1rlr	60	11	52	44	29	47	20	51	42	76	16	36	31	33	40	50	39	38	5	41	1rlr	-0.013404453794161478	-0.594151849188543	1rlr	108246.875	25257	0.4348898503046765
1rpa	0	0	0	0	0	0	0	17	1	31	13	9	0	2	0	3	0	1	0	31	4	50	39	20	0	18	1	40	14	8	0	3	0	20	15	1	1rpa	12	6	17	25	15	19	10	13	19	45	10	13	24	16	17	24	20	13	7	17	1rpa	-0.04416834811369578	-0.5844049075402631	1rpa	50360	13543.6	0.48693817097964753
1rva	0	0	0	0	0	0	0	34	0	44	18	16	0	0	0	2	2	0	0	38	4	106	44	30	0	24	0	40	16	20	0	16	0	30	20	2	1rva	28	4	28	32	20	32	10	52	48	28	0	40	18	12	22	30	38	20	8	40	1rva	nan	nan	1rva	81993.5	20581.2	0.44347218101017544
1rvv	0	0	0	0	0	0	0	180	30	270	270	150	0	30	0	0	30	0	0	360	30	1140	570	60	0	240	0	540	300	90	0	60	0	210	30	0	1rvv	600	60	240	270	180	480	60	480	270	240	90	300	90	90	150	120	390	390	30	90	1rvv	-0.0412593169796714	-0.4576972683240166	1rvv	640310.5	139422	0.2576795174859774
1scu	0	0	0	0	0	0	0	34	6	124	66	14	0	4	0	10	4	2	0	130	8	304	182	30	0	60	6	180	90	24	0	16	0	34	20	0	1scu	152	20	64	92	38	168	22	106	92	104	28	40	58	48	44	38	82	124	6	26	1scu	0.10255754304428896	-0.7691370978216774	1scu	181394.25	45278.5	0.34224814620647537
1sfe	0	0	0	0	0	0	0	13	1	18	3	4	0	1	0	4	1	0	0	14	4	34	26	5	0	10	1	21	10	0	0	1	0	5	3	0	1sfe	25	6	9	11	4	12	3	9	5	19	3	6	7	13	16	8	7	12	2	3	1sfe	-0.13129241888721785	-0.8361316042448034	1sfe	22953.5	7056.78	0.5534904829493856
1sft	0	0	0	0	0	0	0	30	0	48	44	8	0	2	0	4	2	0	0	60	4	156	102	44	0	24	4	116	42	14	0	14	0	40	12	4	1sft	80	8	44	48	32	52	32	48	26	78	20	18	46	20	58	34	38	56	10	28	1sft	-0.015431726972262083	-0.7485496658619778	1sft	113052.5	24932.2	0.45349966398218794
1tah	0	0	0	0	0	0	0	40	4	104	52	12	0	0	0	8	0	0	0	104	4	372	144	44	0	56	0	140	80	20	0	16	0	44	16	8	1tah	144	8	68	20	32	136	36	40	24	124	4	60	40	68	44	104	140	128	12	40	1tah	-0.025664080555240307	-0.7205992839748375	1tah	168475.5	41592.4	0.3546728783064571
1tfr	0	0	0	0	0	0	0	12	0	26	18	8	0	1	0	0	2	0	0	24	0	54	31	15	0	14	3	29	25	5	0	13	0	15	1	8	1tfr	16	3	23	20	12	12	6	26	36	23	9	17	8	4	11	24	11	19	6	19	1tfr	0.1556538095076879	-0.7154140344351102	1tfr	42140.25	11902.7	0.4920055956948853
1tht	0	0	0	0	0	0	0	38	0	42	38	20	0	4	0	2	2	0	0	42	6	102	82	18	0	38	0	80	26	14	0	16	2	22	12	2	1tht	42	8	42	44	30	36	26	32	24	70	12	38	16	14	24	40	42	46	8	16	1tht	0.08480512474973996	-0.7360571220885831	1tht	84744.75	21996.1	0.4241768614538775
1tml	0	0	0	0	0	0	0	9	1	31	10	3	0	1	0	2	0	1	0	31	1	84	27	8	0	9	2	21	13	8	0	5	0	12	3	3	1tml	43	4	15	9	6	24	8	19	6	12	8	18	20	13	12	26	12	14	8	9	1tml	-0.007331761221090953	-0.9027624014030944	1tml	38760	9811.77	0.5644939316247963
1tpf	0	0	0	0	0	0	0	14	2	50	16	6	0	2	0	4	0	0	0	40	0	120	68	14	0	20	4	52	36	14	0	10	0	16	8	2	1tpf	68	6	16	26	16	38	10	38	34	34	6	20	14	26	18	36	24	50	10	10	1tpf	-0.018496836225191757	-0.6256173826924469	1tpf	69771	16603.6	0.49362653145607216
1tpl	0	0	0	0	0	0	0	44	2	80	50	16	0	2	0	4	4	2	0	80	2	166	108	36	0	50	8	104	36	26	0	16	0	38	26	10	1tpl	82	12	50	72	42	74	28	58	54	64	40	36	26	34	52	36	40	64	2	46	1tpl	-0.08070140991670391	-0.7125960657457416	1tpl	123840.25	30227.3	0.39748979353207853
1tpt	0	0	0	0	0	0	0	15	0	42	19	4	0	0	0	1	1	0	0	37	1	97	67	12	0	20	1	64	23	8	0	7	0	10	7	3	1tpt	56	2	33	24	16	39	6	27	22	37	19	12	15	11	24	23	29	34	2	9	1tpt	-0.002622311313947042	-0.7838178132132795	1tpt	24755.75	18478.1	0.2223024267328407
1trk	0	0	0	0	0	0	0	40	0	126	48	32	0	0	0	4	0	0	0	110	0	320	186	64	0	70	2	160	48	22	0	26	2	70	22	6	1trk	136	4	68	70	56	116	34	72	86	126	22	62	76	46	44	114	74	84	18	52	1trk	0.15921588335186243	-0.6994449770617259	1trk	192385.625	38654.6	0.4169314794311307
1ucw	0	0	0	0	0	0	0	26	4	72	28	14	0	2	0	4	0	0	0	74	2	102	78	22	0	30	0	82	40	6	0	12	0	18	12	4	1ucw	78	6	42	50	14	34	4	52	44	66	10	22	20	30	32	32	34	32	8	24	1ucw	-0.01773877007265886	-0.7079320890659033	1ucw	90893.375	23034.1	0.42442507078147346
1udg	0	0	0	0	0	0	0	6	2	17	8	2	0	1	0	4	0	1	0	18	1	65	28	13	0	7	2	26	16	5	0	3	1	13	4	0	1udg	22	6	11	10	9	15	10	8	5	24	4	9	22	5	23	14	14	21	7	5	1udg	-0.09029481187462807	-1.0092398196706178	1udg	33586.375	9209.08	0.5466507739122511
1v39	0	0	0	0	0	0	0	13	1	22	18	7	0	0	0	1	0	1	0	22	1	64	35	10	0	15	0	34	26	13	0	10	0	12	9	7	1v39	11	2	18	16	16	20	9	22	22	35	10	17	17	10	16	23	15	21	3	19	1v39	0.07682472467422485	-0.9281042891421434	1v39	43955.875	11812.9	0.5098849775968741
1vhr	0	0	0	0	0	0	0	20	4	40	16	6	0	0	0	6	2	0	0	40	2	58	50	6	0	20	0	38	18	12	0	6	2	14	2	4	1vhr	30	8	22	16	14	26	6	18	20	40	8	26	14	22	20	30	12	22	0	14	1vhr	-0.005951885133981705	-0.8419455497195907	1vhr	50903	14354.7	0.4627206943829975
1vid	0	0	0	0	0	0	0	7	0	18	19	3	0	1	0	1	0	2	0	23	4	38	19	7	0	10	0	22	20	7	0	6	0	11	2	0	1vid	16	4	18	10	4	15	2	9	14	27	9	6	11	13	9	13	11	15	2	13	1vid	0.07001147046685219	-0.898764078126736	1vid	31000	8085.86	0.5901997703580811
1wht	0	0	0	0	0	0	0	12	2	35	13	9	0	0	0	5	1	0	0	32	3	91	39	26	0	18	1	35	17	12	0	8	0	27	12	9	1wht	38	6	27	16	16	35	14	15	9	33	7	16	24	12	22	27	24	28	11	29	1wht	0.19341778506835303	-0.7204904929432974	1wht	56900.625	13483.3	0.5305984188712523
1xel	0	0	0	0	0	0	0	13	1	33	19	4	0	0	0	2	1	0	0	31	1	69	38	15	0	18	1	36	21	6	0	7	0	14	4	3	1xel	26	3	24	14	9	30	13	18	14	27	9	20	21	12	16	19	15	29	5	14	1xel	0.019770392682403326	-0.9315786223389181	1xel	47218	12465.1	0.5068273968199557
1xva	0	0	0	0	0	0	0	12	2	52	24	10	0	0	0	12	2	0	0	56	6	126	60	30	0	18	4	56	38	14	0	14	2	30	8	6	1xva	48	14	44	24	20	52	18	22	34	54	8	16	26	16	34	36	30	48	10	30	1xva	0.14083571980396908	-0.09015749812816276	1xva	84545.25	23227.3	0.40106202023202825
1xyz	0	0	0	0	0	0	0	32	4	80	28	28	0	6	0	2	4	0	0	78	2	88	68	38	0	32	6	64	36	12	0	24	0	42	14	4	1xyz	44	12	42	32	32	48	10	50	30	38	26	68	44	30	28	36	36	36	14	38	1xyz	-0.1798607235153516	-0.7274829910596501	1xyz	94542.75	21410.9	0.46874288487805843
1yas	0	0	0	0	0	0	0	10	1	22	12	6	0	0	0	2	2	1	0	19	4	43	26	15	0	16	0	27	14	6	0	5	0	13	10	2	1yas	18	5	14	24	13	17	8	17	23	30	3	6	12	7	4	8	17	14	5	12	1yas	-0.03609086386859417	-0.8390657675114577	1yas	37817.25	9009.09	0.6047787115856026
1yve	0	0	0	0	0	0	0	76	0	188	80	40	0	16	0	0	8	0	0	164	12	448	260	100	0	92	8	256	124	36	0	36	4	88	48	8	1yve	180	24	124	120	96	184	36	128	108	176	52	68	88	72	96	208	84	164	20	68	1yve	-0.0385031431602935	-0.8088452827267751	1yve	290556	63120.1	0.33610090229551653
1zym	0	0	0	0	0	0	0	46	0	48	36	2	0	0	0	0	0	0	0	36	0	116	62	4	0	44	0	46	48	10	0	4	0	8	4	0	1zym	60	0	40	56	10	30	8	48	40	58	10	14	8	22	20	28	24	34	0	6	1zym	-0.07185266896946511	-0.46337055143398	1zym	69682.75	20873.9	0.39231120618241666
2acr	0	0	0	0	0	0	0	18	2	23	18	5	0	2	0	2	1	2	0	20	5	57	34	15	0	17	0	37	24	4	0	9	0	13	5	1	2acr	19	7	15	23	11	16	9	18	25	34	5	15	20	13	11	17	15	25	6	11	2acr	0.03867299032087127	-0.8621647397395806	2acr	46407.125	11691.7	0.5341495957537565
2anh	0	0	0	0	0	0	0	28	0	112	38	6	0	0	0	8	0	0	0	104	6	256	92	26	0	42	0	84	38	6	0	10	2	22	4	6	2anh	128	8	54	46	16	90	22	32	56	78	16	40	40	44	26	44	78	46	6	22	2anh	-0.054255681190018855	-0.6666168200213982	2anh	120063.625	24048.9	0.4893991482266208
2bgu	0	0	0	0	0	0	0	16	0	29	27	9	0	0	0	0	0	0	0	27	0	59	30	20	0	24	0	36	25	7	0	14	0	12	10	5	2bgu	21	0	22	21	22	13	5	35	36	25	11	28	12	10	13	22	14	22	5	14	2bgu	-0.08046829347343494	-0.8877369764235254	2bgu	49701.5	13358.6	0.48936868604231415
2cmd	0	0	0	0	0	0	0	10	0	26	17	4	0	1	0	2	0	0	0	25	2	70	47	6	0	19	1	44	20	3	0	2	0	7	4	1	2cmd	34	3	12	19	10	36	2	17	21	33	4	11	13	15	9	17	18	34	0	4	2cmd	-0.0443936021377643	-0.8090201605882187	2cmd	43249	11049.8	0.5392379147773568
2ctb	0	0	0	0	0	0	0	8	0	25	15	7	0	0	0	1	1	0	0	24	1	70	24	25	0	14	1	25	14	9	0	8	0	24	9	1	2ctb	20	2	16	14	16	23	8	21	15	24	3	13	10	12	11	32	26	15	7	19	2ctb	0.09697348376115163	-0.8123840390187919	2ctb	43968.625	10236.1	0.5885429939377517
2dkb	0	0	0	0	0	0	0	7	2	31	21	7	0	2	0	3	0	0	0	33	1	106	58	15	0	22	2	55	33	5	0	4	0	18	5	2	2dkb	50	5	27	24	15	47	8	25	11	52	14	9	19	8	33	23	22	27	2	12	2dkb	0.13616449385881424	-0.8056288613465611	2dkb	60082	16509.4	0.4493475952746422
2dln	0	0	0	0	0	0	0	8	0	26	16	6	0	0	0	1	0	1	0	29	2	59	45	6	0	13	0	44	23	5	0	5	0	11	2	3	2dln	31	2	15	23	9	31	3	12	14	41	11	4	13	14	11	25	13	22	5	7	2dln	-0.033412584414084755	-0.6240942764910811	2dln	42592.5	11428.2	0.5160934894394387
2dri	0	0	0	0	0	0	0	13	0	32	15	5	0	0	0	0	0	0	0	32	0	56	34	2	0	17	0	31	21	2	0	2	0	6	1	1	2dri	37	0	21	11	7	24	3	13	24	25	4	16	9	17	6	9	13	29	0	3	2dri	0.06881830530862014	-0.8485804322231049	2dri	37289.25	9732.72	0.5545903743098292
2fx2	0	0	0	0	0	0	0	7	0	14	9	5	0	0	0	3	0	1	0	17	3	29	10	5	0	8	0	14	7	1	0	3	1	5	3	1	2fx2	18	4	17	13	6	18	1	9	4	12	0	2	2	3	7	8	7	9	2	5	2fx2	-0.06345942243933678	-0.8682097037149802	2fx2	19962.5	5647.09	0.6301868956068474
2glt	0	0	0	0	0	0	0	9	1	39	17	4	0	1	0	1	0	2	0	34	0	53	39	8	0	19	3	31	23	7	0	6	0	10	5	3	2glt	22	4	20	27	11	25	4	26	18	33	10	12	17	11	19	10	19	15	4	9	2glt	0.31002641717592877	-0.6204935805522155	2glt	44081.375	11776.4	0.5124383975647282
2gst	0	0	0	0	0	0	0	16	0	40	20	16	0	0	0	2	4	0	0	40	2	62	48	20	0	14	2	42	24	20	0	22	2	26	6	4	2gst	22	6	30	30	24	18	8	26	38	50	16	18	24	14	26	24	14	10	8	28	2gst	0.12833782499607577	-0.7727707160393182	2gst	67343.25	17129.8	0.4672986718479983
2hnp	0	0	0	0	0	0	0	17	0	32	18	6	0	0	0	5	0	1	0	31	4	60	31	13	0	17	2	27	21	6	0	7	0	15	4	3	2hnp	13	6	18	30	14	14	11	18	23	29	11	11	22	14	19	24	13	16	6	9	2hnp	0.00820595771074295	-0.6963771895373969	2hnp	40837.75	10652.6	0.5383561874882492
2kau	0	0	0	0	0	0	0	23	0	77	41	4	0	2	0	5	2	0	0	65	8	168	105	27	0	50	1	95	46	8	0	4	0	28	8	3	2kau	88	9	45	49	23	73	28	54	25	58	23	25	41	26	40	29	49	68	7	13	2kau	0.14565980571529105	-0.6166437684049232	2kau	106326.625	25160.8	0.43137439662502924
2mas	0	0	0	0	0	0	0	16	8	112	80	20	0	4	0	12	0	0	0	128	8	220	176	24	0	64	0	188	116	12	0	20	0	28	8	8	2mas	136	16	80	76	28	84	44	100	56	108	44	48	72	32	52	24	92	128	8	28	2mas	0.003646806813776493	-0.8213292821979133	2mas	179936.25	39640.8	0.3888249793109446
2mnr	0	0	0	0	0	0	0	13	0	18	20	6	0	0	0	1	0	1	0	24	1	75	59	10	0	16	1	61	21	6	0	5	0	14	4	0	2mnr	47	2	17	19	8	30	9	21	14	42	11	7	19	15	15	16	19	31	6	9	2mnr	0.06550504888097446	-0.7775329746906108	2mnr	50129.75	12084.7	0.5440580953558511
2nac	0	0	0	0	0	0	0	14	6	70	34	14	0	6	0	0	6	2	0	74	2	188	92	30	0	36	4	92	42	10	0	8	2	36	10	6	2nac	76	14	54	46	16	64	32	32	32	76	14	24	48	14	46	38	52	62	12	34	2nac	-0.0009217721720536504	-0.6859210344143473	2nac	106971.75	24152.4	0.45120083953387924
2ohx	0	0	0	0	0	0	0	22	2	44	32	8	0	4	2	14	6	2	0	48	18	174	96	32	0	24	6	108	52	4	0	10	0	30	8	0	2ohx	56	28	34	42	36	76	14	48	60	50	18	16	40	16	24	52	48	78	4	8	2ohx	0.02324912883341312	-0.7738369493483956	2ohx	103928.875	24281.2	0.4402555057328123
2olb	0	0	0	0	0	0	0	26	0	54	28	14	0	0	0	0	1	1	0	54	2	90	54	23	0	34	0	48	21	11	0	8	0	31	10	8	2olb	40	2	39	29	16	22	11	23	46	44	3	36	31	18	17	28	30	44	13	28	2olb	-0.16845105091730753	-1.194183222904189	2olb	75727.375	17056.9	0.507480419012909
2pia	0	0	0	0	0	0	0	11	2	37	6	7	0	0	1	3	3	1	0	34	4	78	36	9	0	15	1	29	13	5	0	3	0	15	4	3	2pia	24	8	24	21	16	23	7	13	13	24	6	11	17	7	26	30	22	20	4	5	2pia	-0.01681653286019961	-0.7327323608124185	2pia	45460.625	13227.2	0.46570025143240446
2reb	0	0	0	0	0	0	0	11	1	43	22	1	0	0	0	1	2	0	0	42	2	65	42	11	0	20	0	48	18	3	0	5	0	6	5	3	2reb	38	3	20	30	10	35	2	27	27	31	9	15	10	13	14	20	17	22	2	7	2reb	0.005947158982356389	-0.6967482272737969	2reb	42068.5	12610	0.4638815034182124
2rn2	0	0	0	0	0	0	0	5	2	16	8	3	0	0	0	3	0	0	0	15	0	36	15	7	0	10	1	11	6	3	0	4	0	7	2	0	2rn2	14	3	7	12	2	14	5	7	11	12	4	7	5	8	10	4	10	9	6	5	2rn2	0.10478469418982665	-0.6028287692330719	2rn2	22570	7212.03	0.5355265078447248
2rsl	0	0	0	0	0	0	0	15	0	51	24	3	0	0	0	0	0	0	0	54	0	72	54	9	0	21	0	60	33	3	0	3	0	6	9	0	2rsl	36	0	39	24	15	36	0	30	30	36	18	6	0	24	39	30	18	36	0	3	2rsl	-0.029401725365055937	-0.7920962559636053	2rsl	50456.75	14450.6	0.4569595525658781
2tmd	0	0	0	0	0	0	0	40	2	160	64	30	0	6	0	6	6	6	0	136	14	336	154	58	0	82	8	134	58	24	0	32	0	64	22	14	2tmd	124	24	92	106	38	130	48	92	82	94	32	48	78	50	86	72	80	88	32	62	2tmd	-0.10193956426034372	-0.4222121679161709	2tmd	210831.5	42770.5	0.4005254616620958
2trc	0	0	0	0	0	0	0	38	4	64	25	13	0	3	2	11	4	1	0	56	10	114	69	23	0	35	4	58	27	11	0	12	1	23	12	2	2trc	40	21	51	45	24	44	11	32	36	55	17	25	17	24	38	48	38	33	9	17	2trc	0.06102764440907372	-0.8288751158414414	2trc	87354.5	24447.6	0.38943778058247475
2trx	0	0	0	0	0	0	0	10	0	22	10	4	0	0	0	2	0	2	0	16	4	38	28	6	0	12	0	26	16	2	0	8	0	4	2	2	2trx	24	4	22	10	8	18	2	18	20	26	2	8	10	6	2	6	12	10	4	4	2trx	0.020650635162989296	-0.9375434929739764	2trx	30903	9121.69	0.5220866366629472
2xis	0	0	0	0	0	0	0	17	0	36	22	10	0	0	0	1	0	0	0	40	0	87	37	22	0	22	1	38	10	5	0	7	0	23	7	1	2xis	47	1	37	28	23	37	10	11	11	39	7	10	19	11	35	11	16	19	6	9	2xis	0.36701522519191104	-0.3074128318886277	2xis	55663.5	16493.4	0.4274522490473718
2yhx	0	0	0	0	0	0	0	5	3	23	9	1	0	0	1	0	3	1	0	24	0	88	36	19	0	13	0	33	23	5	0	2	0	19	6	1	2yhx	58	5	19	7	19	34	5	32	17	26	8	13	15	14	10	48	14	23	4	8	2yhx	-0.3536740193764369	-0.5720786853377217	2yhx	60507.75	15931.2	0.4678532356230148
3chy	0	0	0	0	0	0	0	6	0	11	9	3	0	0	0	0	0	0	0	13	0	21	15	3	0	8	0	15	11	3	0	2	0	6	1	0	3chy	16	0	8	11	6	10	0	6	11	15	6	8	3	2	4	4	5	10	1	2	3chy	-0.06049252487719059	-0.5278876961803253	3chy	18398.25	5340.31	0.631105551330741
3cla	0	0	0	0	0	0	0	11	2	14	14	7	0	0	0	2	2	0	0	17	2	22	23	14	0	10	0	26	10	6	0	10	0	13	4	3	3cla	11	4	16	10	17	4	7	11	12	20	6	12	9	10	9	15	11	16	3	10	3cla	0.06397655854622523	-0.7149505067121212	3cla	31433.875	9193.12	0.5239459367132072
3pga	0	0	0	0	0	0	0	52	0	136	72	16	0	0	0	0	0	0	0	120	0	316	168	24	0	92	0	144	92	12	0	12	0	36	8	16	3pga	148	0	88	60	24	108	20	76	84	116	28	76	36	52	52	96	88	120	16	32	3pga	-0.003782988603537283	-0.8300626143711838	3pga	194803	38618	0.4208152212465532
3pgm	0	0	0	0	0	0	0	20	0	44	30	10	0	0	0	0	0	0	0	54	0	118	44	16	0	26	0	46	32	8	0	4	0	24	6	4	3pgm	48	0	30	32	12	32	8	22	46	54	2	24	30	18	24	30	16	34	10	16	3pgm	0.006785176694393158	-0.7957464153479675	3pgm	65855.375	19413.8	0.40622600775619144
3pmg	0	0	0	0	0	0	0	40	2	102	48	28	0	2	0	2	6	0	0	112	4	232	126	48	0	40	4	142	68	14	0	26	0	42	22	10	3pmg	98	10	70	60	62	100	20	90	76	82	22	52	48	38	50	70	60	76	8	30	3pmg	-0.010293247178196909	-0.7783825666697893	3pmg	160700.375	37559.3	0.380578773119236
3rub	0	0	0	0	0	0	0	23	2	57	24	9	0	2	0	8	0	2	0	51	5	108	72	35	0	27	4	64	22	16	0	12	1	33	17	4	3rub	51	12	31	44	26	52	15	27	34	51	12	20	29	20	34	22	34	45	13	28	3rub	0.036290320567786694	-0.3806824455036446	3rub	81322.375	19824.4	0.4578860808170643
5p21	0	0	0	0	0	0	0	12	1	16	11	2	0	0	0	2	1	0	0	16	0	27	16	7	0	9	2	13	12	4	0	5	0	7	1	1	5p21	11	3	14	13	5	11	3	11	8	11	4	4	3	11	11	8	11	15	0	9	5p21	-0.11428449799617131	-0.6607107238998798	5p21	24293.25	6922.09	0.5860085636004534
