id	A	C	D	E	F	G	H	I	K	L	M	N	P	Q	R	S	T	V	W	X	Y	label
1ab3A	3	0	3	8	2	6	5	5	7	12	2	1	3	5	12	3	4	5	0	0	2	1
1abvA	17	1	4	13	6	4	2	4	2	11	3	5	3	6	5	5	4	8	1	0	1	1
1acaA	9	0	7	10	3	5	2	4	15	5	3	2	2	2	1	3	4	3	2	0	4	1
1acpA	7	0	6	14	2	4	1	7	4	5	1	3	1	4	1	3	6	7	0	0	1	1
1adtA	31	13	14	16	18	12	14	8	18	32	10	16	15	14	11	19	12	18	5	0	5	1
1aepA	27	0	4	13	2	3	6	6	8	17	0	14	3	18	1	10	12	7	2	0	0	1
1agrE	7	4	5	17	8	1	1	8	16	11	2	7	3	3	5	13	6	4	2	0	5	1
1ak4C	12	0	3	11	2	11	5	12	5	10	8	7	12	10	6	6	9	10	4	0	2	1
1an2A	9	0	8	5	1	1	6	4	8	8	1	3	1	8	11	6	2	2	0	0	2	1
1aorA	51	6	32	52	16	67	11	38	47	58	15	27	32	4	26	22	30	32	8	0	31	1
1aoyA	8	1	1	8	4	4	0	2	8	7	4	3	2	5	4	6	4	6	0	0	1	1
1aruA	33	8	20	14	18	32	4	17	4	28	7	13	28	13	15	38	20	19	2	0	3	1
1beoA	11	6	3	0	2	3	0	3	6	10	3	7	4	4	0	12	14	5	0	0	5	1
1bfmA	11	0	5	7	1	4	1	10	7	5	2	0	2	0	8	2	2	2	0	0	0	1
1bgcA	17	5	5	8	6	11	5	4	3	33	3	2	8	14	9	11	6	4	1	0	3	1
1bipA	10	10	3	7	2	12	3	5	2	12	3	2	9	6	10	7	7	9	1	0	2	1
1bmfG	18	1	3	7	1	2	1	12	14	10	6	5	1	4	8	11	10	4	0	0	4	1
1bmtA	19	1	11	22	6	20	3	16	16	17	8	10	8	13	13	10	16	29	2	0	6	1
1bucA	42	3	25	27	18	41	5	24	31	30	12	10	9	17	9	14	28	23	1	0	14	1
1c5aA	9	6	4	7	1	2	0	4	10	2	2	2	1	3	4	1	1	2	0	0	5	1
1cemA	35	5	27	13	12	36	7	13	19	23	5	26	11	11	13	25	23	20	10	0	29	1
1cmbA	8	1	5	14	2	4	3	7	8	9	2	4	6	3	7	6	6	4	2	0	3	1
1cooA	6	1	6	7	1	4	1	5	5	14	1	3	5	1	5	5	4	5	1	0	1	1
1cpcA	24	2	8	6	6	13	1	8	8	13	2	7	6	5	6	16	12	8	1	0	10	1
1cpoA	29	3	20	17	18	18	9	12	5	25	3	22	25	6	9	27	18	16	5	0	11	1
1crkA	19	8	28	25	13	29	11	17	26	35	9	16	22	10	31	18	18	29	5	0	11	1
1csgA	6	4	4	12	5	3	3	5	6	14	4	4	10	7	5	9	11	4	2	0	2	1
1cshA	38	3	19	22	14	36	12	17	22	54	13	19	24	17	19	32	22	25	9	0	18	1
1csmA	11	2	14	26	14	7	4	28	23	20	3	12	16	5	15	16	10	15	1	0	10	1
1dipA	6	0	1	15	1	2	1	2	5	10	2	3	7	4	4	5	3	5	0	0	1	1
1dnpA	50	7	20	33	19	27	15	19	16	43	8	20	26	28	34	23	22	30	15	0	14	1
1dprA	8	1	10	13	1	7	3	6	4	15	5	2	6	3	15	7	11	14	1	0	2	1
1dsbA	17	2	12	12	11	13	3	5	16	12	6	7	7	14	3	8	9	21	2	0	8	1
1dvhA	13	2	5	5	0	11	1	1	12	5	5	1	1	1	1	6	1	2	0	0	6	1
1eciA	2	3	1	3	0	3	0	4	6	1	0	0	3	0	1	1	3	3	2	0	1	1
1ecmA	9	0	6	8	1	2	5	6	5	21	0	1	2	5	9	3	3	4	0	0	1	1
1enhA	4	0	0	6	3	1	0	3	4	6	0	4	1	5	9	4	2	0	1	0	1	1
1ercA	4	6	2	5	0	2	0	2	0	1	1	1	2	2	1	3	2	2	0	0	4	1
1etdA	4	2	9	6	4	6	2	4	11	13	2	3	4	4	7	6	4	4	4	0	7	1
1etpA	23	4	14	8	5	29	4	5	13	17	5	7	10	11	6	9	7	8	0	0	5	1
1ezmA	26	4	22	9	16	33	7	9	11	13	9	20	10	7	15	24	18	19	4	0	22	1
1fapB	6	1	3	11	4	6	4	2	5	9	6	3	2	4	8	4	3	5	4	0	5	1
1fc2C	4	0	2	5	3	1	1	2	2	6	0	6	2	5	1	3	0	0	0	0	1	1
1fipA	6	0	4	3	1	5	0	1	6	11	5	6	1	6	5	1	3	5	0	0	4	1
1fowA	11	0	3	7	1	5	0	7	7	4	5	3	4	0	5	4	5	5	0	0	0	1
1fpsA	26	8	19	32	15	22	5	14	24	38	6	7	12	22	21	16	10	28	3	0	20	1
1gabA	9	0	3	5	2	1	1	5	8	5	0	5	0	1	0	1	3	2	1	0	1	1
1glmA	48	7	34	18	18	37	5	19	8	37	1	21	17	15	15	66	38	30	15	0	21	1
1glnA	43	1	19	54	17	32	7	16	24	58	7	8	31	9	47	15	20	29	10	0	21	1
1grjA	14	1	11	19	5	9	2	14	9	11	2	7	4	6	10	5	5	14	0	0	3	1
1grlA	68	3	32	46	7	51	1	32	38	39	17	18	13	16	21	17	33	59	0	0	7	1
1hcrA	3	0	0	3	2	4	2	6	4	4	1	2	3	4	6	4	1	1	0	0	2	1
1hdjA	7	1	6	10	2	8	1	3	8	5	1	1	3	2	8	3	1	1	0	0	6	1
1hmeA	10	1	5	6	4	4	1	3	14	4	1	3	7	1	3	3	1	1	1	0	4	1
1hstA	9	0	1	2	1	7	3	6	8	6	1	1	1	4	6	10	2	3	0	0	3	1
1hvdA	25	1	23	27	13	22	3	18	22	38	7	6	5	11	19	21	23	16	1	0	12	1
1hypA	4	8	4	1	0	8	0	8	0	14	0	6	4	2	4	6	3	2	0	0	1	1
1ifjA	10	0	3	2	3	4	0	4	5	2	1	0	1	1	0	4	3	4	1	0	2	1
1ignA	11	0	16	14	12	7	7	11	14	13	1	8	9	3	18	10	13	9	1	0	12	1
1ihfB	7	0	3	10	3	8	4	5	8	7	3	2	5	3	8	5	6	4	0	0	3	1
1ilkA	8	4	8	12	10	5	3	7	13	19	7	12	5	8	9	7	4	5	0	0	5	1
1imqA	4	1	6	10	3	6	3	4	6	6	2	3	3	3	1	9	7	5	1	0	3	1
1jvrA	9	2	3	3	5	6	5	9	5	14	1	4	28	7	5	8	10	7	2	0	4	1
1lbdA	22	4	12	20	10	11	8	12	13	33	8	9	14	6	12	14	10	14	2	0	4	1
1lbuA	30	6	11	4	8	31	7	7	5	11	4	11	8	11	10	15	13	10	4	0	7	1
1leaA	9	0	2	7	2	5	2	6	3	7	2	1	3	5	8	4	3	3	0	0	0	1
1lisA	9	0	7	5	6	7	3	8	12	11	7	6	6	3	11	1	5	11	3	0	10	1
1llaA	33	9	48	41	32	33	42	33	36	51	13	28	31	11	30	34	22	37	8	0	28	1
1lliA	11	0	2	10	2	6	0	6	9	12	2	5	2	4	3	7	1	3	0	0	4	1
1lpeA	15	1	7	17	1	7	1	0	7	24	4	0	1	14	16	7	6	9	3	0	4	1
1lreA	7	0	7	10	1	5	2	3	10	15	1	3	2	3	7	0	0	2	2	0	1	1
1lrvA	22	4	20	20	7	8	3	8	2	30	5	2	16	8	34	9	7	21	2	0	5	1
1mhlA	7	2	7	6	6	7	1	2	2	9	3	5	10	5	9	5	7	5	3	0	3	1
1mmoB	39	2	29	24	25	27	5	14	18	30	6	15	16	16	28	14	22	21	17	0	16	1
1mmoG	15	0	11	14	7	7	6	6	14	15	5	10	5	4	12	3	8	11	3	0	6	1
1mngA	19	0	9	14	9	17	11	7	14	23	3	10	13	9	6	3	7	13	6	0	10	1
1mseC	5	1	3	8	0	6	5	8	14	7	2	6	4	4	11	3	5	5	6	0	2	1
1mykA	1	0	1	6	2	3	0	2	4	4	2	3	1	2	6	3	0	5	1	0	1	1
1ngrA	10	2	5	8	1	5	3	3	2	14	0	2	3	3	6	7	4	3	2	0	2	1
1nklA	3	6	5	4	2	4	0	9	10	6	2	1	3	5	5	4	3	4	1	0	1	1
1occE	8	1	9	11	3	6	3	7	7	11	1	4	7	1	7	4	5	8	2	0	4	1
1occH	4	4	5	3	4	4	1	2	4	2	1	4	4	4	7	5	5	4	4	0	4	1
1octC	6	2	5	14	8	5	0	8	15	14	4	9	3	7	10	6	8	4	2	0	1	1
1olgA	3	0	2	7	3	4	0	1	5	5	1	1	2	2	4	0	1	0	0	0	1	1
1opcA	6	0	5	9	5	6	2	4	4	10	5	2	7	2	11	6	3	8	1	0	3	1
1paxA	21	2	22	20	10	24	8	26	34	39	9	18	15	16	10	21	17	20	1	0	17	1
1pdnC	5	3	2	9	2	12	1	14	5	7	2	6	8	4	15	12	3	10	1	0	2	1
1phbA	30	8	22	32	18	25	13	25	12	42	10	12	30	22	26	23	17	24	5	0	9	1
1pnbA	2	2	0	2	2	1	1	1	1	2	0	0	2	10	3	1	0	0	1	0	0	1
1pnrA	36	4	15	28	11	23	8	21	15	25	15	14	16	10	24	17	16	24	4	0	12	1
1poaA	11	14	10	3	4	10	1	4	5	5	1	10	4	4	5	6	5	4	3	0	9	1
1pocA	4	10	11	5	5	11	7	4	12	9	3	5	5	1	6	10	11	5	2	0	8	1
1pprM	58	0	24	10	8	21	4	16	27	19	11	13	15	10	3	22	10	29	3	0	9	1
1prcC	33	9	9	19	9	19	7	6	15	28	9	15	27	13	24	16	31	24	5	0	15	1
1rgpA	9	0	6	13	12	6	6	8	5	28	2	13	16	17	8	5	13	16	1	0	5	1
1rlrA	59	9	50	43	29	45	20	49	40	74	15	34	30	31	40	48	38	37	5	0	41	1
1rnlA	17	0	13	17	2	11	6	12	14	31	9	5	9	6	10	11	9	16	1	0	1	1
1rpoA	8	2	7	6	2	1	2	2	3	9	2	2	0	3	4	3	4	0	0	0	1	1
1rroA	9	1	15	9	8	6	1	6	7	8	3	2	2	9	2	11	5	2	0	0	2	1
1rytA	27	4	6	22	14	15	8	12	11	11	1	7	5	5	14	7	7	6	2	0	6	1
1setA	46	2	15	47	12	28	8	10	18	58	9	9	28	16	40	14	12	27	6	0	16	1
1sfeA	24	6	9	8	3	10	2	9	4	19	2	5	7	12	14	8	6	12	2	0	3	1
1sigA	26	3	17	32	11	11	4	23	22	26	10	11	6	18	22	13	18	19	4	0	9	1
1slyA	69	2	32	38	17	35	3	24	26	54	22	31	28	42	47	35	36	29	19	0	29	1
1sraA	6	4	15	14	7	5	6	8	11	20	3	7	9	5	8	2	7	6	3	0	5	1
1tadA	19	7	23	21	16	16	8	28	20	26	11	13	5	13	16	20	20	19	2	0	13	1
1tafA	5	0	7	5	2	0	1	4	5	8	1	3	2	3	4	2	5	8	0	0	3	1
1tnsA	9	0	0	7	1	8	0	3	7	9	1	4	4	3	3	4	3	5	2	0	3	1
1tptA	56	2	33	24	16	39	6	27	22	37	19	12	15	11	24	23	29	34	2	0	9	1
1utgA	2	2	4	6	2	3	1	4	7	8	5	2	5	2	2	5	6	3	0	0	1	1
1vdfA	4	2	3	5	1	1	0	1	2	7	3	2	1	5	3	0	3	3	0	0	0	1
1viiA	3	0	2	2	4	2	0	0	5	5	2	2	1	2	1	2	1	1	1	0	0	1
1vinA	19	3	10	17	8	8	8	10	18	38	7	8	13	14	7	13	16	18	2	0	15	1
1vncA	55	2	43	33	31	43	12	29	16	40	11	34	54	15	34	24	35	34	10	0	21	1
1volA	25	6	12	9	9	7	1	16	15	16	6	7	10	9	16	12	12	11	0	0	5	1
1vtmP	17	1	7	5	8	5	0	8	1	11	2	15	10	11	8	10	19	12	2	0	6	1
1xgsA	30	0	12	29	8	22	6	29	26	26	9	9	14	5	14	6	13	24	1	0	12	1
1ytfB	3	0	3	7	1	1	0	4	3	3	0	4	0	3	2	3	2	5	1	0	1	1
1yveI	44	6	30	30	24	46	9	31	27	44	12	17	20	18	24	49	20	40	5	0	17	1
256bA	17	0	12	8	2	3	2	3	13	10	3	6	4	6	4	2	5	4	0	0	2	1
2abkA	19	7	6	18	6	10	6	14	16	22	2	13	11	4	11	6	15	18	2	0	5	1
2bctA	54	11	15	29	5	31	18	28	20	71	15	25	18	24	29	23	32	43	3	0	8	1
2ccyA	28	2	5	10	4	10	1	2	15	12	3	2	7	7	2	5	6	3	3	0	0	1
2endA	12	1	8	9	8	7	4	13	10	11	1	3	5	6	12	5	7	7	1	0	7	1
2gstA	11	3	15	15	12	9	4	13	19	25	8	9	12	7	13	12	7	5	4	0	14	1
2hmqA	7	2	12	4	7	6	7	8	9	10	1	6	3	5	4	3	7	3	3	0	6	1
2hmxA	10	2	5	12	1	10	3	6	13	14	1	6	3	11	8	10	5	7	2	0	4	1
2htsA	4	0	3	7	7	3	4	2	7	3	2	8	3	3	6	10	1	9	4	0	2	1
2ligA	22	1	7	7	6	7	2	3	4	18	9	12	3	18	7	12	9	3	1	0	6	1
2pgdA	43	9	31	23	23	52	12	35	35	46	13	17	15	17	20	22	17	23	8	0	12	1
2scpA	13	0	18	13	15	13	1	8	12	12	10	11	5	1	5	11	10	11	3	0	2	1
2spcA	13	1	10	10	2	5	4	5	8	13	2	7	0	7	7	4	1	4	2	0	2	1
2tctA	21	0	11	15	7	12	7	8	6	33	3	7	5	11	15	10	11	9	2	0	5	1
2wrpR	9	0	4	12	1	5	2	3	4	19	3	5	4	5	9	6	4	5	2	0	2	1
2ztaA	1	0	1	5	0	1	1	0	5	6	1	2	0	1	2	1	0	3	0	0	1	1
3sdhA	18	1	12	3	6	10	2	8	15	13	3	10	2	6	4	7	6	13	2	0	4	1
4icbA	2	0	4	13	5	5	0	2	10	12	1	2	4	4	0	6	2	3	0	0	1	1
5easA	37	8	32	42	21	16	12	41	30	56	10	21	14	21	24	36	31	29	8	0	25	1
