A	C	D	E	F	G	H	I	K	L	M	N	P	Q	R	S	T	V	W	Y	AA	BA	CA	DA	EA	FA	AB	BB	CB	DB	EB	FB	AC	BC	CC	DC	EC	FC	AD	BD	CD	DD	ED	FD	AE	BE	CE	DE	EE	FE	AF	BF	CF	DF	EF	FF	label
22	1	3	4	6	11	2	3	2	8	2	8	2	8	3	3	12	14	1	1	0	0	0	0	0	0	0	3	0	14	4	2	0	0	0	0	1	0	0	11	1	24	17	3	0	7	0	16	3	1	0	2	0	3	1	2	1
17	0	7	14	6	10	12	9	19	18	2	1	4	4	4	6	5	8	2	3	0	0	0	0	0	0	0	2	0	17	5	2	0	0	0	0	0	0	0	12	0	39	20	6	0	9	0	16	9	2	0	3	0	5	3	0	1
11	3	11	16	8	4	7	4	14	12	3	6	6	5	9	3	10	5	3	7	0	0	0	0	0	0	0	10	0	17	7	4	0	0	0	1	2	0	0	16	2	28	7	10	0	7	1	11	4	1	0	5	0	6	4	3	1
12	1	11	6	10	8	2	3	11	12	6	6	2	7	7	12	7	8	1	5	0	0	0	0	0	0	0	5	0	17	4	4	0	1	0	0	0	0	0	13	0	24	17	6	0	8	1	10	5	5	0	3	0	9	3	1	1
27	2	7	8	4	12	1	10	7	12	5	7	5	8	6	10	13	6	1	11	0	0	0	0	0	0	0	2	0	15	11	2	0	0	0	1	0	1	0	21	1	37	17	5	0	4	1	17	4	6	0	3	0	10	1	2	1
15	11	10	9	6	10	6	11	16	17	5	12	11	6	6	13	9	5	1	3	0	0	0	0	0	0	0	7	3	18	8	1	0	1	0	8	2	0	0	16	4	37	21	7	0	10	3	20	4	1	0	3	1	2	3	1	1
9	0	4	2	4	3	3	1	1	12	2	1	3	11	5	5	4	1	1	4	0	0	0	0	0	0	0	4	0	6	5	3	0	0	0	0	0	0	0	8	0	13	8	4	0	3	0	9	2	1	0	3	0	4	1	1	1
6	2	9	15	5	8	3	2	11	9	7	5	5	3	3	6	5	1	5	4	0	0	0	0	0	0	0	12	0	11	5	4	0	0	0	1	0	1	0	10	2	19	9	6	0	6	0	9	3	1	0	4	0	6	2	2	1
9	0	4	4	0	4	0	6	7	11	3	4	2	10	5	4	5	2	0	1	0	0	0	0	0	0	0	6	0	8	8	0	0	0	0	0	0	0	0	8	0	17	9	1	0	8	0	9	5	0	0	0	0	1	0	0	1
9	0	6	8	0	0	0	1	16	6	4	2	0	5	4	3	3	5	0	0	0	0	0	0	0	0	0	5	0	7	8	0	0	0	0	0	0	0	0	11	0	20	4	0	0	5	0	7	4	0	0	0	0	0	0	0	1
5	0	3	12	4	4	5	3	8	8	2	7	4	5	2	3	2	5	0	7	0	0	0	0	0	0	0	10	0	9	5	3	0	0	0	0	0	0	0	8	0	11	9	5	0	5	0	7	3	2	0	4	0	5	1	1	1
9	0	8	16	3	2	2	5	8	9	2	4	4	5	11	4	4	5	1	2	0	0	0	0	0	0	0	13	0	10	9	1	0	0	0	0	0	0	0	12	0	18	9	4	0	4	0	13	3	1	0	3	0	3	0	0	1
5	0	9	9	5	1	3	10	9	9	0	7	1	5	2	9	9	6	0	5	0	0	0	0	0	0	0	5	0	13	9	3	0	0	0	0	0	0	0	17	0	8	8	5	0	6	0	13	4	2	0	2	0	4	4	0	1
6	0	5	3	0	2	0	2	5	9	0	4	2	5	1	4	5	3	0	3	0	0	0	0	0	0	0	1	0	11	3	1	0	0	0	0	0	0	0	11	0	5	7	2	0	3	0	9	2	0	0	2	0	0	1	0	1
1	0	3	4	1	2	1	2	2	5	0	2	2	1	7	2	5	2	0	4	0	0	0	0	0	0	0	1	0	4	0	4	0	0	0	0	0	0	0	4	0	12	5	1	0	3	0	4	2	0	0	2	0	1	2	0	1
6	1	1	4	1	4	3	1	7	11	4	1	1	3	6	4	1	4	0	2	0	0	0	0	0	0	0	0	0	7	2	0	0	0	0	1	0	0	0	2	1	16	11	2	0	7	0	6	6	0	0	0	0	2	1	0	1
2	0	2	6	4	3	1	2	8	5	3	2	1	3	3	5	2	1	0	1	0	0	0	0	0	0	0	2	0	8	1	2	0	0	0	0	0	0	0	4	0	12	7	2	0	4	0	2	3	1	0	3	0	2	0	0	1
0	0	6	8	1	6	3	2	1	5	2	3	1	3	1	9	4	3	2	4	0	0	0	0	0	0	0	7	0	3	4	6	0	0	0	0	0	0	0	5	0	14	4	1	0	5	0	4	3	0	0	3	0	3	1	0	1
12	2	5	2	0	8	1	3	13	5	2	2	4	5	1	3	1	6	2	3	0	0	0	0	0	0	0	3	0	9	1	0	0	0	0	2	0	0	0	4	1	22	13	3	0	5	1	7	1	2	0	2	0	2	1	0	1
13	4	8	1	0	14	1	1	7	9	2	3	3	1	2	6	3	3	1	1	0	0	0	0	0	0	0	3	1	6	3	0	0	1	0	2	0	1	0	7	3	29	8	1	0	2	0	10	3	0	0	0	0	2	0	0	1
19	2	11	7	3	10	2	2	4	14	2	6	10	5	5	6	8	4	1	6	0	0	0	0	0	0	0	7	0	12	5	4	0	0	0	2	0	0	0	11	2	37	12	2	0	7	0	8	4	3	0	4	0	4	1	1	1
13	2	8	9	4	6	3	1	9	10	3	0	3	5	4	4	3	1	1	5	0	0	0	0	0	0	0	5	1	11	4	1	0	0	0	1	0	1	0	11	1	18	8	6	0	1	0	11	2	1	0	4	0	4	1	1	1
9	2	10	11	8	15	2	4	12	12	3	12	12	7	6	7	10	9	1	6	0	0	0	0	0	0	0	9	0	15	10	6	0	1	0	1	0	0	0	19	1	33	13	6	0	8	1	15	2	2	0	2	0	9	3	1	1
6	2	0	10	4	4	1	2	5	4	0	5	3	7	9	5	2	5	2	2	0	0	0	0	0	0	0	4	1	12	2	3	0	2	0	0	0	0	0	12	0	14	4	4	0	3	1	4	3	0	0	1	0	4	2	1	1
4	1	3	4	4	8	1	4	7	7	0	1	3	7	6	8	3	0	3	2	0	0	0	0	0	0	0	4	1	6	3	1	0	1	0	0	0	0	0	3	0	26	6	4	0	4	0	4	2	1	0	3	0	3	0	3	1
2	0	2	2	4	3	4	2	5	4	1	3	1	1	4	2	2	3	2	2	0	0	0	0	0	0	0	1	0	3	2	2	0	0	0	0	0	0	0	3	0	11	3	5	0	2	0	5	2	1	0	2	0	4	2	0	1
6	1	2	2	0	1	0	4	4	4	0	4	1	1	9	6	2	3	0	0	0	0	0	0	0	0	0	2	0	5	2	0	0	0	0	1	0	0	0	2	1	19	6	0	0	5	0	3	3	0	0	0	0	0	0	0	1
6	0	4	2	1	3	2	2	5	6	1	2	1	2	4	7	4	3	2	2	0	0	0	0	0	0	0	2	0	6	1	1	0	0	0	0	0	0	0	7	0	13	9	2	0	1	0	8	1	2	0	0	0	4	1	0	1
3	1	3	5	1	5	1	1	5	4	2	0	4	2	3	5	7	5	2	0	0	0	0	0	0	0	0	2	0	7	0	1	0	0	0	1	0	0	0	2	1	18	9	2	0	5	0	5	2	0	0	1	0	2	0	0	1
6	0	3	3	2	1	4	1	9	9	1	3	2	2	4	2	3	8	1	0	0	0	0	0	0	0	0	1	0	4	6	0	0	0	0	0	0	0	0	6	0	13	9	2	0	4	0	11	3	1	0	0	0	2	1	0	1
15	0	11	11	9	6	4	7	9	6	3	9	12	4	15	6	10	3	1	8	0	0	0	0	0	0	0	8	0	21	3	3	0	0	0	0	0	0	0	17	0	36	13	10	0	4	0	11	2	2	0	6	0	8	1	3	1
6	0	3	5	3	4	3	4	4	7	0	2	6	5	3	2	2	2	3	2	0	0	0	0	0	0	0	4	0	5	3	3	0	0	0	0	0	0	0	7	0	13	5	4	0	1	0	8	3	1	0	3	0	3	2	0	1
6	0	2	5	3	4	1	5	6	7	0	2	1	3	2	4	3	3	0	4	0	0	0	0	0	0	0	3	0	5	2	2	0	0	0	0	0	0	0	4	0	10	9	3	0	2	0	10	3	0	0	3	0	1	1	2	1
5	0	2	7	2	7	4	5	5	7	1	2	2	5	2	7	4	3	0	3	0	0	0	0	0	0	0	4	0	6	6	0	0	0	0	0	0	0	0	9	0	17	5	4	0	3	0	9	4	0	0	0	0	3	1	1	1
15	0	3	6	3	4	1	6	5	5	1	2	1	1	5	2	1	4	0	3	0	0	0	0	0	0	0	0	0	6	4	1	0	0	0	0	0	0	0	7	0	17	6	4	0	3	0	10	3	0	0	1	0	1	3	1	1
2	0	0	5	0	4	1	4	9	5	4	2	3	2	5	7	2	4	0	4	0	0	0	0	0	0	0	1	0	5	2	1	0	0	0	0	0	0	0	5	0	14	10	3	0	1	0	12	4	0	0	2	0	1	1	0	1
7	2	2	7	1	7	1	5	9	13	0	5	4	3	7	4	4	4	0	4	0	0	0	0	0	0	0	2	1	7	6	1	0	1	0	0	1	0	0	8	1	23	9	1	0	4	0	10	5	3	0	2	0	2	1	0	1
3	1	2	7	4	4	1	10	8	10	5	6	3	12	7	6	3	3	1	6	0	0	0	0	0	0	0	6	0	11	6	3	0	1	0	0	0	0	0	10	1	11	10	3	0	7	0	11	7	3	0	3	0	2	4	2	1
3	0	5	5	2	3	1	6	6	6	3	4	3	6	8	4	3	5	0	2	0	0	0	0	0	0	0	4	0	10	4	2	0	0	0	0	0	0	0	9	0	7	12	2	0	7	0	9	4	0	0	0	0	4	0	0	1
6	1	4	6	3	5	1	6	4	12	2	4	0	1	8	7	7	3	0	1	0	0	0	0	0	0	0	4	1	6	3	1	0	1	0	0	0	0	0	7	0	15	14	1	0	2	0	14	5	2	0	1	0	2	1	0	1
12	2	4	6	2	3	5	3	1	18	0	3	2	9	8	8	0	8	0	4	0	0	0	0	0	0	0	3	0	12	4	2	0	1	0	0	1	0	0	10	0	10	17	2	0	7	1	16	5	0	0	1	0	1	2	2	1
10	1	6	15	3	7	1	16	12	12	2	7	2	8	12	8	5	10	1	6	0	0	0	0	0	0	0	10	1	17	7	1	0	0	0	0	1	0	0	10	0	22	20	4	0	11	0	16	8	5	0	5	0	1	4	0	1
19	1	7	12	2	9	3	2	1	23	2	4	5	8	21	9	7	8	1	1	0	0	0	0	0	0	0	6	0	19	5	1	0	0	0	1	0	0	0	12	0	39	20	2	0	9	1	15	9	1	0	3	0	0	1	0	1
5	1	7	15	8	10	0	11	15	14	2	2	6	3	13	5	7	11	0	4	0	0	0	0	0	0	0	2	0	14	8	3	0	0	0	0	1	0	0	14	0	30	15	1	0	6	0	14	13	5	0	5	1	3	1	2	1
13	0	4	6	2	11	1	4	8	8	3	2	6	1	7	6	6	9	0	3	0	0	0	0	0	0	0	0	0	11	2	0	0	0	0	0	0	0	0	8	0	29	16	5	0	3	0	14	6	0	0	1	0	4	0	0	1
15	0	4	6	3	6	3	1	0	18	1	3	3	4	11	4	2	3	1	1	0	0	0	0	0	0	0	3	0	8	5	1	0	0	0	0	0	0	0	8	0	21	11	3	0	5	0	13	4	1	0	1	0	1	3	0	1
11	1	9	15	5	9	7	4	9	13	6	3	1	4	9	4	4	17	0	3	0	0	0	0	0	0	0	4	0	14	9	4	0	0	0	0	1	0	0	14	0	25	13	2	0	10	1	13	13	2	0	3	0	1	4	0	1
3	1	3	15	2	8	3	11	7	15	0	2	4	2	9	7	8	7	1	4	0	0	0	0	0	0	0	6	1	11	4	0	0	0	0	0	1	0	0	11	0	17	17	4	0	4	0	16	9	3	0	1	0	4	2	0	1
3	0	2	5	2	6	2	6	6	12	2	4	2	3	3	3	5	2	1	5	0	0	0	0	0	0	0	2	0	4	5	3	0	0	0	0	0	0	0	7	0	7	14	1	0	4	0	12	2	4	0	1	0	7	0	0	1
1	0	4	8	4	2	2	1	6	9	0	2	3	2	4	5	1	5	2	3	0	0	0	0	0	0	0	4	0	6	4	2	0	0	0	0	0	0	0	6	0	8	6	4	0	5	0	4	5	1	0	1	0	5	0	2	1
3	0	6	8	4	6	1	14	10	13	1	5	3	4	6	1	5	6	1	3	0	0	0	0	0	0	0	6	0	6	8	3	0	0	0	0	0	0	0	5	0	17	13	0	0	10	0	10	10	3	0	2	0	2	2	2	1
9	0	8	3	0	9	3	0	2	21	2	2	5	3	8	1	8	8	0	0	0	0	0	0	0	0	0	2	0	10	4	0	0	0	0	0	0	0	0	10	0	18	17	0	0	4	0	16	10	0	0	0	0	0	0	0	1
2	0	4	4	2	4	1	2	10	9	3	3	3	4	5	4	7	5	0	1	0	0	0	0	0	0	0	3	0	7	4	1	0	0	0	0	0	0	0	6	0	17	11	1	0	5	0	9	4	1	0	0	0	3	0	0	1
6	2	8	6	5	7	1	4	7	11	3	8	3	3	2	7	3	4	1	4	0	0	0	0	0	0	0	5	0	11	7	1	0	1	0	1	0	0	0	14	0	13	8	1	0	4	1	8	5	4	0	1	1	3	2	3	1
1	1	3	3	0	4	0	3	8	7	0	2	4	5	2	4	2	6	1	1	0	0	0	0	0	0	0	4	1	4	3	0	0	0	0	1	0	0	0	4	0	11	8	2	0	5	0	7	4	0	0	0	0	1	1	0	1
4	0	3	7	7	3	4	2	7	4	3	9	3	3	6	11	1	9	4	2	0	0	0	0	0	0	0	8	0	7	5	2	0	0	0	0	0	0	0	8	0	18	6	6	0	4	0	5	5	4	0	2	0	8	2	1	1
4	0	3	7	0	2	1	5	5	6	4	0	2	2	2	4	3	5	0	6	0	0	0	0	0	0	0	3	0	3	5	1	0	0	0	0	0	0	0	5	0	10	5	2	0	3	0	8	6	3	0	1	0	2	3	0	1
8	0	3	8	3	10	2	9	3	7	2	4	2	2	3	12	3	2	0	1	0	0	0	0	0	0	0	3	0	5	6	3	0	0	0	0	0	0	0	8	0	27	7	0	0	6	0	7	6	1	0	0	0	3	1	0	1
4	0	4	13	5	8	1	7	11	14	3	1	3	0	11	10	1	9	1	3	0	0	0	0	0	0	0	0	0	12	6	0	0	0	0	0	0	0	0	10	0	17	16	5	0	7	0	14	8	4	0	1	0	5	3	0	1
3	2	7	6	4	5	2	9	6	5	3	1	1	4	2	12	2	6	3	2	0	0	0	0	0	0	0	4	0	8	3	3	0	0	0	0	2	0	0	8	2	9	11	2	0	5	0	9	5	4	0	1	0	6	2	0	1
0	1	7	4	1	5	0	5	6	12	1	6	2	3	1	8	2	5	2	4	0	0	0	0	0	0	0	4	0	9	5	1	0	1	0	0	0	0	0	7	0	7	7	3	0	7	1	5	10	0	0	1	0	2	1	3	1
4	0	4	5	3	6	3	7	7	11	2	4	1	3	7	8	2	4	2	6	0	0	0	0	0	0	0	2	0	7	3	3	0	0	0	0	0	0	0	5	0	16	12	5	0	6	0	10	5	3	0	3	0	4	4	0	1
8	0	3	10	5	3	2	4	1	12	1	2	3	8	7	5	6	3	0	2	0	0	0	0	0	0	0	6	0	9	7	1	0	0	0	0	0	0	0	8	0	14	8	5	0	7	0	7	4	1	0	2	0	4	1	0	1
8	4	2	6	0	5	0	4	3	10	5	2	4	7	6	6	2	2	2	0	0	0	0	0	0	0	0	3	0	7	7	0	0	0	0	4	0	0	0	9	2	12	10	1	0	4	2	10	4	0	0	1	0	0	0	1	1
7	0	2	10	2	6	1	9	7	12	3	5	0	1	4	10	2	8	0	2	0	0	0	0	0	0	0	4	0	3	10	1	0	0	0	0	0	0	0	9	0	14	13	1	0	5	0	16	8	2	0	0	0	3	1	0	1
3	2	3	10	4	7	0	14	12	11	3	2	7	3	7	4	2	4	1	3	0	0	0	0	0	0	0	5	0	6	6	1	0	1	0	0	1	0	0	3	2	17	13	6	0	7	0	15	9	1	0	2	0	4	2	0	1
10	0	4	2	1	10	1	5	2	13	2	3	10	2	8	6	4	8	2	2	0	0	0	0	0	0	0	1	0	3	6	1	0	0	0	0	0	0	0	6	0	29	12	3	0	2	0	16	9	1	0	2	0	2	1	0	1
9	0	4	12	1	5	2	4	4	19	3	5	3	5	9	5	4	4	2	1	0	0	0	0	0	0	0	8	0	12	5	1	0	0	0	0	0	0	0	6	0	17	17	0	0	9	0	10	8	3	0	2	0	2	0	0	1
14	0	5	11	1	4	0	4	7	10	0	0	2	2	9	4	2	6	0	2	0	0	0	0	0	0	0	3	0	10	3	2	0	0	0	0	0	0	0	10	0	19	12	1	0	4	0	12	4	0	0	1	0	1	0	0	1
5	0	1	9	0	3	1	5	3	5	2	1	4	4	5	3	3	4	1	1	0	0	0	0	0	0	0	5	0	4	4	2	0	0	0	0	0	0	0	7	0	10	10	0	0	3	0	11	1	0	0	0	0	2	0	0	1
2	0	9	12	5	1	1	5	6	15	2	6	1	10	8	5	4	4	0	10	0	0	0	0	0	0	0	8	0	11	9	8	0	0	0	0	0	0	0	11	0	7	9	1	0	12	0	7	3	4	0	5	0	3	5	2	1
5	1	4	10	5	0	3	4	7	4	3	0	3	2	5	3	1	3	1	0	0	0	0	0	0	0	0	2	1	7	4	2	0	1	0	0	0	0	0	9	0	10	6	2	0	3	0	6	2	2	0	1	0	3	2	0	1
5	1	11	6	2	2	1	4	3	8	1	1	3	2	2	2	3	2	3	2	0	0	0	0	0	0	0	5	1	8	4	2	0	0	0	0	1	0	0	9	0	4	4	3	0	4	0	5	4	2	0	2	0	3	2	0	1
4	0	0	6	0	2	1	1	0	4	3	2	1	0	4	3	3	3	0	4	0	0	0	0	0	0	0	1	0	3	1	3	0	0	0	0	0	0	0	4	0	7	6	0	0	1	0	5	4	1	0	2	0	2	0	0	1
8	0	2	5	2	7	1	3	4	8	1	6	3	11	1	9	6	3	0	0	0	0	0	0	0	0	0	9	0	9	6	0	0	0	0	0	0	0	0	9	0	22	7	0	0	6	0	5	2	2	0	0	0	2	0	0	1
6	1	2	0	2	5	2	1	2	5	1	1	2	4	6	5	3	2	1	0	0	0	0	0	0	0	0	1	1	3	2	0	0	0	0	1	0	0	0	4	0	20	4	2	0	1	0	5	2	1	0	1	0	1	1	0	1
7	1	2	3	3	3	0	2	3	5	2	4	1	4	1	3	2	2	0	2	0	0	0	0	0	0	0	0	0	7	5	1	0	1	0	0	0	0	0	8	0	6	4	2	0	3	1	4	1	1	0	1	0	3	1	0	1
8	0	4	7	4	4	0	1	0	4	1	0	0	2	4	2	1	2	1	1	0	0	0	0	0	0	0	5	0	4	2	2	0	0	0	0	0	0	0	5	0	8	6	0	0	2	0	3	0	2	0	1	0	3	0	2	1
7	0	4	3	1	3	3	3	3	8	2	1	0	1	3	2	1	4	0	2	0	0	0	0	0	0	0	2	0	2	4	1	0	0	0	0	0	0	0	0	0	14	7	1	0	7	0	3	6	1	0	0	0	2	0	0	1
13	2	9	6	1	3	6	8	11	8	2	10	7	2	4	7	5	5	0	5	0	0	0	0	0	0	0	5	2	15	4	1	0	1	0	1	0	0	0	13	0	27	11	4	0	7	0	10	5	1	0	1	0	2	3	0	1
14	1	3	10	0	11	1	7	13	9	1	5	5	1	20	0	9	10	1	4	0	0	0	0	0	0	0	1	0	11	7	0	0	0	0	1	0	0	0	9	0	43	17	3	0	8	0	15	2	2	0	1	1	2	1	0	1
2	0	5	10	4	3	1	7	11	8	0	5	3	1	3	1	6	5	0	3	0	0	0	0	0	0	0	6	0	8	5	2	0	0	0	0	0	0	0	6	0	11	10	3	0	5	0	8	5	1	0	4	0	3	0	0	1
5	8	5	8	4	7	2	7	3	14	3	3	4	4	6	9	6	6	0	2	0	0	0	0	0	0	0	3	3	9	5	0	0	0	0	4	3	1	0	11	3	14	10	3	0	5	1	13	9	2	0	1	1	1	3	0	1
6	1	2	5	0	8	2	3	7	2	4	1	3	3	3	5	3	7	2	2	0	0	0	0	0	0	0	2	0	6	2	1	0	0	0	0	0	1	0	4	1	19	10	2	0	4	0	9	3	0	0	1	0	2	1	0	1
6	0	8	25	4	6	6	5	14	18	4	2	3	11	11	9	10	8	2	4	0	0	0	0	0	0	0	11	0	16	15	4	0	0	0	0	0	0	0	22	0	29	9	5	0	12	0	12	9	1	0	1	0	7	2	0	1
9	0	5	11	2	4	5	13	5	10	3	11	1	10	7	2	8	3	2	3	0	0	0	0	0	0	0	10	0	12	12	3	0	0	0	0	0	0	0	12	0	15	10	3	0	10	0	12	6	1	0	4	0	2	1	0	1
17	1	13	23	2	12	4	9	20	18	6	13	11	4	14	5	5	10	2	9	0	0	0	0	0	0	0	14	0	21	16	2	0	0	0	0	1	0	0	20	0	39	19	9	0	14	1	22	4	2	0	4	0	6	3	0	1
4	1	3	14	2	5	1	5	12	11	1	0	3	5	2	4	4	7	1	2	0	0	0	0	0	0	0	5	0	6	11	0	0	0	0	0	1	0	0	10	1	17	5	1	0	4	0	11	6	3	0	3	0	1	0	1	1
7	1	6	18	0	2	0	7	12	10	4	2	2	7	11	2	1	7	0	4	0	0	0	0	0	0	0	10	1	12	8	2	0	1	0	0	0	0	0	15	0	11	9	1	0	5	0	13	9	1	0	2	0	1	1	0	1
17	3	11	31	8	7	2	15	19	27	11	10	7	4	9	11	4	21	1	7	0	0	0	0	0	0	0	14	0	17	22	2	0	0	0	2	1	0	0	16	2	27	22	9	0	24	0	24	22	4	0	2	1	5	7	1	1
5	0	4	13	5	5	2	7	7	15	2	7	1	6	9	9	0	3	1	4	0	0	0	0	0	0	0	11	0	10	6	3	0	0	0	0	0	0	0	11	0	13	10	3	0	5	0	11	8	3	0	2	0	4	3	1	1
12	0	3	3	1	3	1	2	5	6	1	11	1	6	1	3	7	3	0	1	0	0	0	0	0	0	0	8	0	7	7	1	0	0	0	0	0	0	0	12	0	17	3	0	0	2	0	8	1	1	0	1	0	1	0	0	1
8	1	6	7	3	4	6	3	4	8	7	1	3	7	10	10	5	7	3	8	0	0	0	0	0	0	0	6	1	4	6	3	0	0	0	1	0	0	0	9	0	25	8	8	0	3	0	13	8	1	0	3	0	6	3	2	1
3	0	10	19	3	5	3	8	21	14	3	6	1	5	5	9	10	6	1	13	0	0	0	0	0	0	0	12	0	15	9	4	0	0	0	0	0	0	0	13	0	21	14	9	0	4	0	16	7	3	0	10	0	5	1	1	1
18	0	11	14	1	7	0	6	14	20	13	14	4	22	4	16	12	5	1	5	0	0	0	0	0	0	0	14	0	28	15	4	0	0	0	0	0	0	0	24	0	28	20	2	0	21	0	15	7	1	0	2	0	3	2	0	1
4	0	3	2	1	5	0	3	4	3	1	1	1	1	5	1	1	5	0	1	0	0	0	0	0	0	0	1	0	3	3	0	0	0	0	0	0	0	0	4	0	9	6	1	0	2	0	6	3	1	0	0	0	2	0	0	1
3	6	3	2	0	1	0	4	1	3	0	1	4	2	0	3	2	1	1	0	0	0	0	0	0	0	0	2	4	1	0	0	0	2	0	1	3	0	0	1	2	5	5	1	0	3	0	5	0	0	0	0	0	1	0	0	1
6	3	7	7	8	6	4	5	13	9	3	6	5	8	5	6	1	6	0	6	0	0	0	0	0	0	0	5	2	11	8	2	0	2	0	1	0	0	0	9	1	22	11	3	0	8	0	6	2	6	0	4	0	6	2	2	1
9	0	5	16	3	5	8	4	10	12	0	2	1	4	10	6	3	4	1	2	0	0	0	0	0	0	0	3	0	14	6	4	0	0	0	0	0	0	0	14	0	24	11	2	0	9	0	9	2	0	0	1	0	4	1	0	1
2	0	8	7	2	13	0	5	2	12	1	3	0	1	3	5	2	1	0	0	0	0	0	0	0	0	0	4	0	7	6	1	0	0	0	0	0	0	0	9	0	10	7	1	0	6	0	8	5	0	0	0	0	1	1	0	1
9	0	3	4	1	3	0	2	6	7	2	2	0	1	1	7	1	3	0	2	0	0	0	0	0	0	0	2	0	5	2	1	0	0	0	0	0	0	0	4	0	13	7	2	0	3	0	7	4	0	0	1	0	1	1	0	1
4	2	8	6	9	9	2	2	14	10	9	6	5	5	15	5	4	13	1	8	0	0	0	0	0	0	0	6	0	9	8	2	0	0	0	1	0	1	0	7	1	25	15	10	0	8	1	12	8	5	0	3	0	11	3	0	1
10	0	5	8	1	4	0	2	11	4	2	3	3	0	6	5	1	3	3	2	0	0	0	0	0	0	0	2	0	10	1	3	0	0	0	0	0	0	0	9	0	22	7	1	0	2	0	6	1	2	0	3	0	1	2	0	1
14	0	2	6	1	9	2	6	8	16	0	6	5	4	10	3	3	8	0	3	0	0	0	0	0	0	0	4	0	8	6	0	0	0	0	0	0	0	0	6	0	30	15	2	0	5	0	15	8	2	0	3	0	0	1	0	1
19	1	12	18	3	12	1	8	12	13	4	2	3	3	11	6	7	10	0	6	0	0	0	0	0	0	0	7	0	15	9	3	0	0	0	0	1	0	0	17	1	36	13	4	0	7	0	19	7	2	0	4	0	1	4	0	1
2	0	1	4	1	2	3	4	3	7	1	1	2	5	3	3	3	4	0	1	0	0	0	0	0	0	0	2	0	4	5	0	0	0	0	0	0	0	0	5	0	10	6	0	0	4	0	5	4	2	0	0	0	1	1	0	1
14	2	10	13	4	4	6	12	14	20	4	6	10	10	8	9	2	15	2	7	0	0	0	0	0	0	0	7	1	15	14	2	0	0	0	0	2	0	0	16	1	24	20	6	0	12	0	21	13	4	0	4	0	6	2	1	1
19	1	12	11	3	2	1	6	10	15	2	6	5	3	12	6	10	7	1	5	0	0	0	0	0	0	0	7	0	15	7	3	0	0	0	0	1	0	0	14	1	29	17	3	0	6	0	18	3	3	0	4	0	3	2	0	1
4	2	6	8	3	4	1	6	5	10	3	4	0	6	6	5	4	3	0	2	0	0	0	0	0	0	0	8	0	9	6	1	0	1	0	0	1	0	0	8	1	8	8	4	0	6	1	8	6	0	0	0	0	4	1	0	1
17	0	12	8	2	3	2	3	13	10	3	6	4	6	4	2	5	4	0	2	0	0	0	0	0	0	0	9	0	15	7	1	0	0	0	0	0	0	0	14	0	22	10	3	0	8	0	9	3	0	0	1	0	3	0	0	1
6	1	3	11	4	6	4	2	5	9	6	3	2	4	7	4	3	5	4	5	0	0	0	0	0	0	0	3	0	11	4	3	0	0	0	0	0	1	0	10	1	12	8	6	0	7	0	9	4	1	0	1	0	4	6	2	1
13	1	12	12	3	5	2	8	5	10	4	5	4	3	8	6	6	14	0	3	0	0	0	0	0	0	0	9	0	9	12	2	0	0	0	1	0	0	0	15	0	21	11	2	0	5	1	17	10	2	0	3	0	1	2	0	1
12	1	8	8	2	6	3	9	5	12	4	2	8	7	6	8	9	13	0	2	0	0	0	0	0	0	0	5	0	12	8	0	0	0	0	1	0	0	0	11	1	26	17	2	0	8	0	15	12	2	0	1	0	2	1	0	1
11	0	6	7	3	2	1	6	13	14	0	5	6	6	5	11	5	5	1	5	0	0	0	0	0	0	0	6	0	9	8	1	0	0	0	0	0	0	0	9	0	29	13	3	0	8	0	11	3	3	0	1	0	4	1	2	1
6	1	8	10	4	6	3	7	8	14	7	6	1	1	3	6	7	5	0	2	0	0	0	0	0	0	0	6	0	6	13	0	0	0	0	0	1	0	0	9	1	16	10	3	0	8	0	15	7	3	0	2	0	2	2	0	1
15	1	10	18	2	8	2	11	27	18	2	9	2	0	0	15	13	8	0	1	0	0	0	0	0	0	0	9	0	22	5	1	0	0	0	1	0	0	0	15	1	39	25	1	0	12	0	18	8	1	0	1	0	1	1	0	1
2	0	6	14	5	6	0	5	10	15	1	1	0	2	3	1	5	4	0	1	0	0	0	0	0	0	0	5	0	7	10	1	0	0	0	0	0	0	0	10	0	10	6	1	0	5	0	9	8	2	0	3	0	1	1	1	1
15	3	9	12	6	5	7	6	6	11	3	3	6	4	9	9	1	4	2	5	0	0	0	0	0	0	0	4	1	12	8	3	0	0	0	2	0	1	0	14	0	26	10	7	0	7	1	11	4	1	0	3	1	7	1	1	1
8	2	6	10	5	3	0	7	7	10	4	5	2	0	7	4	1	4	0	2	0	0	0	0	0	0	0	3	0	8	8	2	0	1	0	0	1	0	0	9	1	10	9	3	0	6	1	12	3	2	0	2	0	2	3	0	1
9	1	14	22	5	10	1	11	12	28	3	7	2	3	14	11	9	10	0	1	0	0	0	0	0	0	0	7	0	20	17	1	0	0	0	0	0	1	0	17	0	25	23	3	0	19	1	20	10	1	0	3	0	1	2	0	1
8	0	7	6	5	2	1	8	6	16	1	7	1	2	5	4	6	4	1	4	0	0	0	0	0	0	0	3	0	9	6	4	0	0	0	0	0	0	0	9	0	9	13	2	0	6	0	12	8	3	0	4	0	3	1	1	1
8	2	12	20	2	10	7	14	13	27	5	5	2	7	3	5	2	2	2	6	0	0	0	0	0	0	0	10	2	14	17	1	0	1	0	0	0	1	0	15	0	16	16	3	0	12	0	19	12	4	0	6	0	1	2	1	1
18	1	10	17	9	13	6	2	9	26	3	8	5	11	13	8	6	8	1	5	0	0	0	0	0	0	0	10	1	19	12	4	0	0	0	0	1	0	0	21	0	32	20	4	0	10	0	21	4	4	0	5	0	5	2	3	1
47	7	26	40	24	33	14	20	29	39	11	29	21	21	27	22	25	31	21	25	0	0	0	0	0	0	0	28	2	49	21	16	0	4	0	2	0	1	0	48	3	88	50	28	0	19	1	52	14	15	0	17	1	27	16	9	1
27	3	27	27	14	19	9	20	20	28	11	8	19	16	24	14	21	19	7	12	0	0	0	0	0	0	0	18	0	36	16	8	0	0	0	1	2	0	0	35	2	68	35	13	0	18	0	33	15	11	0	7	1	15	9	1	1
30	4	22	25	11	14	10	16	6	29	3	7	8	9	20	4	15	19	7	8	0	0	0	0	0	0	0	13	1	30	15	3	0	0	0	3	0	1	0	23	2	39	32	11	0	19	1	24	16	7	0	8	0	10	4	4	1
10	0	7	12	5	9	2	14	8	16	4	8	3	2	13	12	5	14	2	3	0	0	0	0	0	0	0	6	0	10	12	1	0	0	0	0	0	0	0	9	0	30	19	3	0	13	0	19	11	5	0	1	0	3	6	0	1
19	0	3	6	2	1	1	3	2	5	1	0	4	3	7	2	8	8	0	2	0	0	0	0	0	0	0	1	0	8	3	0	0	0	0	0	0	0	0	6	0	24	10	3	0	3	0	9	4	1	0	2	0	2	0	0	1
13	6	6	5	6	9	5	6	11	19	4	15	9	10	7	9	10	16	0	6	0	0	0	0	0	0	0	4	2	18	10	1	0	0	0	3	3	0	0	17	4	26	19	7	0	14	0	18	11	2	0	1	0	8	2	1	1
11	5	10	11	6	15	5	5	8	27	4	6	11	12	19	10	9	5	1	4	0	0	0	0	0	0	0	7	0	16	15	1	0	0	0	4	0	1	0	20	3	43	17	4	0	11	2	17	7	4	0	1	0	8	2	0	1
6	4	4	12	5	3	3	5	6	14	4	4	10	7	6	9	11	4	2	2	0	0	0	0	0	0	0	4	0	10	8	5	0	1	0	3	0	0	0	13	2	25	10	3	0	8	1	10	7	1	0	1	1	5	2	0	1
6	6	6	8	6	4	2	5	5	18	2	4	7	13	9	11	8	9	3	2	0	0	0	0	0	0	0	8	1	10	10	2	0	2	0	3	1	0	0	10	3	18	16	4	0	7	2	14	6	5	0	4	0	6	1	0	1
8	4	2	7	5	7	3	6	7	14	4	6	5	5	5	10	5	8	1	1	0	0	0	0	0	0	0	3	1	8	7	1	0	0	0	1	1	2	0	7	3	23	14	3	0	7	0	16	7	1	0	2	0	2	3	0	1
3	0	10	9	10	4	0	13	15	11	3	8	3	11	3	10	0	5	1	2	0	0	0	0	0	0	0	10	0	12	12	3	0	0	0	0	0	0	0	10	0	14	9	5	0	14	0	9	8	1	0	4	0	2	3	4	1
15	4	23	23	11	6	9	16	14	30	5	18	6	11	15	15	14	24	3	11	0	0	0	0	0	0	0	17	2	23	24	9	0	0	0	3	1	0	0	27	1	35	25	6	0	21	0	26	19	9	0	10	1	7	5	1	1
7	0	6	14	2	4	1	7	4	5	1	3	1	4	1	3	6	7	0	1	0	0	0	0	0	0	0	10	0	8	8	1	0	0	0	0	0	0	0	10	0	7	9	0	0	5	0	10	3	2	0	2	0	1	0	0	1
5	1	6	8	3	5	3	4	6	6	1	3	3	3	1	9	7	5	1	3	0	0	0	0	0	0	0	4	1	13	2	0	0	0	0	0	1	0	0	8	0	19	7	5	0	4	0	5	5	1	0	3	0	2	1	1	1
7	1	7	11	6	2	3	7	9	8	4	11	6	4	4	4	3	4	1	9	0	0	0	0	0	0	0	7	0	10	10	6	0	1	0	0	0	0	0	14	1	11	7	4	0	6	0	11	3	3	0	4	0	6	3	3	1
24	6	6	8	7	16	3	5	7	19	3	4	6	9	11	8	17	17	3	10	0	0	0	0	0	0	0	4	0	17	5	1	0	1	0	2	2	1	0	10	5	44	22	10	0	8	1	19	8	8	0	4	0	9	7	0	1
11	3	10	14	13	8	6	12	11	17	7	9	9	9	7	9	10	10	3	7	0	0	0	0	0	0	0	11	0	12	15	4	0	0	0	2	0	1	0	14	3	29	16	9	0	10	0	19	9	7	0	7	0	8	6	2	1
11	1	4	10	4	5	3	6	4	15	2	1	3	6	9	6	3	6	0	2	0	0	0	0	0	0	0	5	0	8	8	0	0	1	0	0	0	0	0	7	0	24	11	1	0	7	1	7	10	4	0	1	0	4	0	1	1
1	0	5	5	0	1	1	6	5	11	3	3	0	2	5	5	3	5	0	1	0	0	0	0	0	0	0	3	0	3	8	1	0	0	0	0	0	0	0	4	0	6	10	0	0	8	0	10	7	0	0	0	0	1	0	0	1
2	0	4	9	2	2	3	6	8	9	2	1	0	4	2	3	1	4	0	2	0	0	0	0	0	0	0	2	0	7	6	3	0	0	0	0	0	0	0	6	0	6	8	0	0	10	0	6	5	0	0	0	0	1	2	1	1
2	0	2	4	2	2	0	1	0	6	0	0	4	3	4	0	3	4	0	2	0	0	0	0	0	0	0	1	0	4	4	0	0	0	0	0	0	0	0	3	0	5	4	3	0	3	0	4	3	0	0	2	0	1	0	1	1
4	0	5	4	1	3	0	3	2	7	1	1	0	0	4	4	4	4	0	3	0	0	0	0	0	0	0	0	0	4	4	2	0	0	0	0	0	0	0	8	0	5	6	1	0	1	0	10	4	0	0	0	0	2	1	1	1
4	0	0	3	0	2	0	1	2	8	2	0	0	3	0	4	1	1	0	0	0	0	0	0	0	0	0	0	0	3	3	0	0	0	0	0	0	0	0	4	0	4	5	0	0	2	0	5	4	0	0	0	0	0	0	0	1
8	0	2	8	1	2	5	1	8	9	2	4	4	11	5	4	7	8	2	3	0	0	0	0	0	0	0	7	0	11	7	0	0	0	0	0	0	0	0	12	0	19	8	3	0	5	0	9	4	2	0	1	0	3	1	1	1
7	0	3	3	2	4	1	5	6	3	2	3	2	3	3	3	4	3	1	3	0	0	0	0	0	0	0	2	0	6	3	1	0	0	0	0	0	0	0	6	0	13	7	4	0	2	0	9	0	1	0	1	0	2	3	0	1
10	0	2	7	1	9	2	2	2	10	1	2	3	2	3	3	8	3	1	0	0	0	0	0	0	0	0	2	0	9	1	1	0	0	0	0	0	0	0	6	0	20	12	1	0	4	0	9	3	0	0	0	0	2	0	0	1
11	2	7	10	5	3	1	15	4	8	5	8	3	6	11	6	6	2	3	4	0	0	0	0	0	0	0	6	0	11	9	5	0	1	0	0	1	0	0	14	1	13	12	4	0	8	0	17	3	2	0	2	0	4	5	1	1
6	1	1	4	1	3	3	4	2	7	3	2	4	0	7	4	8	2	3	2	0	0	0	0	0	0	0	1	0	5	0	1	0	0	0	1	0	0	0	3	0	20	12	2	0	2	1	8	2	2	0	1	0	2	2	1	1
5	0	8	4	3	9	0	6	12	8	14	5	3	8	8	5	1	5	0	0	0	0	0	0	0	0	0	6	0	8	9	2	0	0	0	0	0	0	0	6	0	19	17	0	0	11	0	14	7	1	0	2	0	1	0	0	1
3	0	4	6	0	2	6	2	10	14	1	2	2	5	9	7	4	2	0	0	0	0	0	0	0	0	0	4	0	7	6	0	0	0	0	0	0	0	0	9	0	22	11	0	0	4	0	13	2	0	0	0	0	0	0	0	1
6	2	11	5	6	6	3	6	12	7	4	5	3	3	3	9	5	1	0	3	0	0	0	0	0	0	0	4	1	15	3	1	0	0	0	2	0	0	0	10	1	22	8	5	0	3	0	7	5	3	0	6	0	1	2	0	1
4	0	3	6	2	3	0	4	2	3	0	2	0	0	2	1	1	0	0	1	0	0	0	0	0	0	0	3	0	5	2	1	0	0	0	0	0	0	0	4	0	4	3	1	0	4	0	1	1	1	0	0	0	2	1	0	1
11	1	11	25	14	10	3	12	25	18	2	8	7	8	5	14	13	6	3	5	0	0	0	0	0	0	0	12	0	26	9	5	0	1	0	0	0	0	0	25	1	34	16	11	0	8	0	20	7	3	0	6	0	8	5	3	1
13	4	12	8	11	13	4	8	7	14	6	6	2	9	10	9	12	8	2	7	0	0	0	0	0	0	0	8	0	14	10	3	0	0	1	3	0	0	0	18	1	24	16	10	0	4	2	21	5	4	0	5	0	8	4	3	1
8	1	4	5	8	2	2	6	5	8	1	3	3	2	5	8	6	4	4	1	0	0	0	0	0	0	0	1	1	6	2	4	0	0	0	1	0	0	0	6	0	14	11	7	0	3	0	13	2	1	0	4	0	5	3	1	1
7	1	6	6	6	1	3	5	4	6	2	5	2	3	9	4	7	3	1	2	0	0	0	0	0	0	0	6	1	7	2	4	0	0	0	0	1	0	0	6	0	16	10	4	0	3	0	10	2	1	0	5	0	3	1	0	1
10	6	11	4	4	7	0	3	7	10	5	10	5	3	6	8	7	9	0	4	0	0	0	0	0	0	0	6	1	13	6	1	0	4	0	2	0	0	0	12	2	18	11	7	0	3	3	13	8	0	0	3	0	3	2	0	1
13	3	7	7	4	10	6	5	2	11	1	9	9	2	4	8	6	7	0	6	0	0	0	0	0	0	0	4	1	12	5	2	0	1	0	1	1	0	0	16	2	23	14	3	0	2	0	13	4	5	0	2	0	8	0	0	1
34	5	32	34	20	32	10	36	27	61	10	36	22	15	28	28	26	34	7	8	0	0	0	0	0	0	0	29	1	43	34	10	0	3	0	1	1	0	0	45	3	87	59	13	0	27	1	65	38	9	0	13	0	11	8	3	1
7	1	8	10	5	16	0	3	10	12	6	6	9	7	6	12	4	15	3	4	0	0	0	0	0	0	0	6	0	15	7	3	0	1	0	0	0	0	0	11	1	32	15	4	0	8	0	15	9	4	0	5	0	1	5	1	1
1	1	4	4	3	4	2	4	9	13	3	2	3	4	4	4	5	8	0	7	0	0	0	0	0	0	0	3	0	9	0	1	0	0	0	0	0	1	0	6	1	10	10	5	0	4	0	11	11	2	0	1	0	2	6	1	1
3	0	0	5	0	2	0	2	6	6	4	2	0	1	2	5	2	2	0	1	0	0	0	0	0	0	0	2	0	3	3	0	0	0	0	0	0	0	0	2	0	8	9	1	0	2	0	9	2	0	0	1	0	0	0	0	1
8	1	5	14	2	4	3	7	8	9	2	4	6	3	7	6	6	4	2	3	0	0	0	0	0	0	0	5	1	17	2	1	0	0	0	0	1	0	0	10	0	19	15	3	0	8	0	8	4	2	0	3	0	4	0	0	1
16	0	5	5	1	1	0	4	6	12	2	4	2	4	3	5	4	7	0	0	0	0	0	0	0	0	0	3	0	6	9	0	0	0	0	0	0	0	0	11	0	16	9	0	0	3	0	14	7	1	0	0	0	1	0	0	1
11	0	9	9	8	7	2	7	11	10	4	2	8	2	6	5	12	8	2	6	0	0	0	0	0	0	0	1	0	13	7	1	0	0	0	0	0	0	0	13	0	28	16	4	0	6	0	9	6	8	0	2	0	12	0	2	1
17	0	9	8	8	6	2	4	10	8	2	5	5	5	6	2	7	8	1	10	0	0	0	0	0	0	0	5	0	11	6	5	0	0	0	0	0	0	0	14	0	24	11	5	0	5	0	12	2	3	0	3	0	8	3	5	1
17	0	9	9	8	6	4	9	6	11	6	5	6	6	10	8	7	13	5	6	0	0	0	0	0	0	0	5	0	13	8	3	0	0	0	0	0	0	0	13	0	24	17	10	0	9	0	18	8	3	0	2	0	9	5	3	1
17	1	7	11	5	13	0	12	8	13	2	6	6	2	9	9	11	10	5	2	0	0	0	0	0	0	0	6	0	10	8	2	0	0	0	0	0	1	0	13	1	36	17	6	0	5	0	20	8	3	0	2	0	6	4	0	1
6	1	9	9	8	1	2	8	6	13	3	2	1	2	10	9	5	7	0	4	0	0	0	0	0	0	0	4	1	6	10	1	0	0	0	0	1	0	0	6	0	18	9	6	0	9	0	12	9	1	0	3	0	3	2	4	1
6	1	7	19	5	3	2	9	13	7	3	5	2	5	12	12	5	6	0	2	0	0	0	0	0	0	0	12	0	13	9	2	0	0	0	1	0	0	0	12	1	28	12	1	0	9	0	10	3	3	0	3	0	3	0	1	1
6	0	4	13	2	3	0	4	7	7	5	2	5	6	9	5	3	5	0	3	0	0	0	0	0	0	0	6	0	11	6	1	0	0	0	0	0	0	0	7	0	16	11	4	0	10	0	8	3	0	0	2	0	2	1	0	1
14	1	18	11	5	7	5	10	6	23	3	3	1	13	10	12	7	7	4	3	0	0	0	0	0	0	0	12	1	16	12	3	0	0	0	1	0	0	0	16	0	21	18	7	0	14	0	19	8	2	0	3	0	5	4	0	1
4	1	4	5	2	0	2	7	9	8	6	5	0	6	5	7	5	4	0	1	0	0	0	0	0	0	0	3	0	6	10	1	0	0	0	1	0	0	0	9	0	11	9	2	0	8	1	12	4	0	0	0	0	2	1	0	1
7	0	5	14	7	3	0	4	9	8	0	2	10	8	7	3	5	6	0	4	0	0	0	0	0	0	0	10	0	11	6	2	0	0	0	0	0	0	0	12	0	19	7	5	0	5	0	10	3	0	0	2	0	3	2	4	1
4	6	5	5	5	5	0	7	4	5	2	7	1	1	8	2	2	5	2	2	0	0	0	0	0	0	0	5	1	7	4	1	0	1	0	2	3	0	0	7	3	7	5	3	0	3	1	8	4	3	0	1	1	2	3	2	1
10	8	2	1	1	6	2	2	2	5	0	1	4	6	3	6	3	2	0	3	0	0	0	0	0	0	0	1	2	7	0	0	0	1	1	4	1	1	0	4	3	19	7	2	0	2	0	5	1	1	0	2	1	1	0	0	1
3	0	1	6	3	2	0	1	1	4	1	1	0	2	4	0	1	0	0	1	0	0	0	0	0	0	0	1	0	4	3	1	0	0	0	0	0	0	0	4	0	3	2	2	0	4	0	2	0	0	0	1	0	1	1	1	1
5	0	2	6	1	2	0	4	4	4	2	1	0	2	5	6	2	6	0	3	0	0	0	0	0	0	0	1	0	4	5	1	0	0	0	0	0	0	0	6	0	10	5	2	0	4	0	7	4	1	0	0	0	2	2	0	1
9	0	2	5	1	3	2	3	1	12	3	0	3	4	5	4	1	2	0	1	0	0	0	0	0	0	0	2	0	4	5	0	0	0	0	0	0	0	0	6	0	13	6	2	0	3	0	9	8	0	0	0	0	1	1	0	1
7	1	8	11	6	3	2	6	3	11	4	3	3	5	5	5	1	4	1	2	0	0	0	0	0	0	0	9	1	9	6	2	0	0	0	0	1	0	0	6	0	5	12	5	0	10	0	11	3	1	0	1	0	4	3	1	1
5	1	4	13	7	5	1	9	12	13	5	7	4	5	3	5	3	7	2	0	0	0	0	0	0	0	0	6	0	10	11	2	0	1	0	0	0	0	0	6	0	15	14	2	0	14	1	7	7	5	0	2	0	5	2	0	1
10	0	10	14	3	8	10	9	12	19	3	3	8	8	10	14	12	8	6	7	0	0	0	0	0	0	0	8	0	18	7	1	0	0	0	0	0	0	0	15	0	34	24	11	0	10	0	20	6	3	0	2	0	11	2	1	1
3	0	2	5	3	0	2	2	3	6	2	1	0	8	2	4	2	4	1	2	0	0	0	0	0	0	0	6	0	5	3	2	0	0	0	0	0	0	0	2	0	6	6	2	0	5	0	3	4	1	0	3	0	2	1	0	1
5	0	4	4	4	4	1	5	4	4	6	4	1	7	2	6	4	6	1	2	0	0	0	0	0	0	0	3	0	7	7	2	0	0	0	0	0	0	0	7	0	7	8	4	0	6	0	8	6	1	0	3	0	4	0	0	1
1	5	10	5	1	2	0	6	4	10	1	3	2	4	3	4	3	4	2	0	0	0	0	0	0	0	0	6	3	7	6	0	0	1	0	0	3	1	0	7	0	2	7	2	0	7	2	7	5	0	0	1	0	2	0	0	1
15	4	7	25	3	14	5	6	12	30	4	3	7	2	21	6	3	10	1	3	0	0	0	0	0	0	0	5	0	17	14	1	0	1	0	2	1	0	0	18	4	33	21	6	0	13	0	25	12	0	0	0	0	5	2	0	1
8	0	0	8	2	4	2	6	4	8	1	0	2	1	7	3	4	7	0	1	0	0	0	0	0	0	0	0	0	5	4	0	0	0	0	0	0	0	0	6	0	13	12	2	0	2	0	14	5	1	0	0	0	2	1	0	1
10	0	5	11	3	2	1	4	3	9	1	1	2	1	2	1	6	4	0	2	0	0	0	0	0	0	0	5	0	4	9	0	0	0	0	0	0	0	0	7	0	10	6	3	0	4	0	9	3	2	0	1	0	4	0	0	1
7	3	6	9	3	5	0	8	7	10	2	6	3	3	4	9	5	3	0	2	0	0	0	0	0	0	0	8	1	9	5	1	0	0	0	3	0	0	0	10	0	14	12	3	0	3	2	12	5	1	0	2	0	2	1	0	1
7	1	8	13	7	5	2	9	10	10	0	5	3	1	7	1	4	8	0	4	0	0	0	0	0	0	0	5	1	9	10	2	0	0	0	0	1	0	0	9	0	13	12	5	0	5	0	15	3	3	0	8	0	1	1	1	1
10	1	7	16	1	5	0	12	11	13	2	2	2	3	5	3	2	5	0	7	0	0	0	0	0	0	0	8	0	11	7	2	0	0	0	1	0	0	0	9	1	12	14	2	0	10	0	10	8	3	0	1	0	4	2	1	1
7	0	5	6	1	2	1	6	4	12	2	8	6	4	9	3	5	9	2	4	0	0	0	0	0	0	0	4	0	16	0	3	0	0	0	0	0	0	0	8	0	10	15	3	0	8	0	8	12	1	0	2	0	3	2	0	1
15	0	11	20	3	7	3	12	10	13	2	1	0	5	7	4	4	5	0	1	0	0	0	0	0	0	0	13	0	13	9	1	0	0	0	0	0	0	0	12	0	26	11	1	0	11	0	9	10	2	0	1	0	2	1	0	1
8	0	6	13	0	3	1	7	15	10	0	1	3	4	4	3	2	6	4	1	0	0	0	0	0	0	0	5	0	10	8	1	0	0	0	0	0	0	0	14	0	13	9	3	0	4	0	12	5	1	0	1	0	3	1	0	1
3	2	7	7	7	5	1	4	11	7	1	2	4	6	5	2	5	7	3	5	0	0	0	0	0	0	0	4	0	11	3	4	0	1	0	1	0	0	0	8	1	9	13	5	0	6	0	7	3	2	0	2	1	8	0	4	1
8	0	2	1	5	4	1	3	5	13	2	2	2	1	8	5	7	3	1	0	0	0	0	0	0	0	0	0	0	2	4	0	0	0	0	0	0	0	0	5	0	20	11	4	0	1	0	12	6	1	0	0	0	5	0	1	1
22	4	9	30	7	10	2	6	20	19	11	8	4	5	8	9	4	18	1	3	0	0	0	0	0	0	0	8	1	20	17	5	0	0	0	2	1	1	0	21	2	30	21	5	0	20	0	22	12	0	0	3	1	4	3	0	1
13	0	16	21	14	6	4	18	14	32	2	12	4	7	7	22	15	15	3	7	0	0	0	0	0	0	0	15	0	15	17	8	0	0	0	0	0	0	0	21	0	30	31	3	0	14	0	26	17	10	0	6	0	14	2	2	1
9	1	2	10	0	9	2	1	2	19	2	1	5	3	14	1	1	5	4	3	0	0	0	0	0	0	0	3	0	6	5	2	0	0	0	1	0	0	0	7	1	21	12	2	0	4	0	12	9	1	0	2	0	2	1	2	1
1	6	5	11	2	1	1	4	7	11	2	2	2	1	0	9	3	8	0	2	0	0	0	0	0	0	0	5	3	5	4	1	0	1	0	0	4	1	0	5	3	8	7	1	0	7	0	8	9	1	0	1	0	2	1	0	1
9	0	4	5	1	3	2	5	8	10	1	3	2	4	2	2	6	5	0	1	0	0	0	0	0	0	0	6	0	4	5	1	0	0	0	0	0	0	0	6	0	18	9	0	0	4	0	9	7	1	0	0	0	2	0	0	1
16	0	5	11	6	9	2	7	10	15	3	2	2	10	6	8	7	8	0	4	0	0	0	0	0	0	0	5	0	16	5	2	0	0	0	0	0	0	0	11	0	22	21	5	0	8	0	16	6	3	0	4	0	5	1	0	1
17	0	7	8	5	3	1	7	6	8	4	3	5	2	4	5	4	4	0	2	0	0	0	0	0	0	0	4	0	3	11	2	0	0	0	0	0	0	0	10	0	23	8	3	0	4	0	14	3	2	0	2	0	4	1	0	1
12	1	5	3	3	3	3	7	8	16	3	8	4	2	5	11	3	6	0	4	0	0	0	0	0	0	0	4	0	5	7	1	0	0	0	0	1	0	0	8	1	24	13	3	0	6	0	16	9	1	0	0	0	4	2	1	1
16	1	6	4	3	6	5	4	4	16	3	4	13	18	6	10	4	5	3	3	0	0	0	0	0	0	0	8	0	13	7	4	0	0	0	0	1	0	0	13	1	32	15	2	0	7	0	14	4	3	0	4	0	4	1	0	1
9	2	3	6	4	5	5	4	8	20	2	5	9	9	2	9	8	5	1	8	0	0	0	0	0	0	0	3	0	13	7	0	0	1	0	1	0	0	0	14	1	17	16	6	0	3	1	16	5	6	0	2	0	8	2	1	1
13	4	11	7	6	5	3	4	6	18	4	5	2	7	10	8	10	11	2	5	0	0	0	0	0	0	0	9	0	11	8	2	0	1	0	0	2	1	0	11	3	22	17	4	0	7	1	17	6	6	0	2	0	6	4	0	1
13	2	4	8	3	3	1	7	7	13	1	3	3	1	13	4	3	6	0	3	0	0	0	0	0	0	0	3	0	6	6	0	0	0	0	2	0	0	0	5	1	22	15	4	0	8	1	14	3	1	0	0	0	3	3	0	1
15	2	7	27	12	11	3	8	16	19	5	7	1	5	7	8	2	8	0	6	0	0	0	0	0	0	0	14	1	17	9	5	0	0	0	0	2	0	0	17	1	27	12	5	0	10	0	14	10	6	0	5	0	5	7	1	1
17	0	6	12	1	6	2	7	1	21	9	3	9	4	11	2	5	6	1	3	0	0	0	0	0	0	0	5	0	8	10	2	0	0	0	0	0	0	0	10	0	20	20	2	0	9	0	22	12	0	0	1	0	2	1	1	1
7	0	3	12	4	6	1	7	10	17	3	4	3	4	6	1	1	5	0	1	0	0	0	0	0	0	0	4	0	12	5	2	0	0	0	0	0	0	0	6	0	13	13	2	0	9	0	9	13	1	0	4	0	0	1	0	1
5	4	5	7	4	2	3	12	8	14	1	5	2	0	4	8	5	7	1	2	0	0	0	0	0	0	0	1	0	6	8	2	0	1	1	1	1	0	0	8	1	14	10	3	0	4	2	14	12	2	0	2	0	2	3	0	1
15	3	8	8	12	12	8	5	7	18	4	8	13	5	12	9	9	13	4	10	0	0	0	0	0	0	0	4	1	12	5	7	0	2	0	0	0	1	0	10	0	45	20	9	0	8	2	14	10	6	0	5	0	13	5	3	1
3	0	6	11	7	4	3	7	6	12	4	1	1	3	7	4	2	1	0	0	0	0	0	0	0	0	0	4	0	7	6	4	0	0	0	0	0	0	0	8	0	13	7	2	0	6	0	7	9	1	0	3	0	2	2	0	1
11	1	6	8	10	5	7	10	5	9	3	4	3	4	3	8	4	6	1	5	0	0	0	0	0	0	0	4	0	10	6	2	0	0	0	1	0	0	0	6	1	21	11	7	0	8	0	8	5	6	0	4	0	6	5	1	1
1	0	7	8	2	5	3	8	10	7	0	2	0	3	5	4	1	4	1	3	0	0	0	0	0	0	0	7	0	3	7	3	0	0	0	0	0	0	0	7	0	14	6	1	0	4	0	10	4	1	0	2	0	1	2	1	1
17	1	16	28	7	13	5	11	23	26	9	6	7	18	13	13	7	13	0	4	0	0	0	0	0	0	0	12	1	28	24	3	0	1	0	0	0	0	0	26	0	39	26	6	0	22	0	27	8	2	0	7	0	3	1	0	1
2	0	6	2	3	0	3	3	2	7	0	3	1	7	1	5	2	4	0	0	0	0	0	0	0	0	0	6	0	5	5	1	0	0	0	0	0	0	0	7	0	3	4	2	0	4	0	6	4	0	0	1	0	1	1	0	1
3	0	1	7	2	2	1	1	2	6	1	3	0	5	3	2	2	7	0	2	0	0	0	0	0	0	0	2	0	4	8	1	0	0	0	0	0	0	0	7	0	5	2	1	0	6	0	6	3	0	0	1	0	0	2	1	1
0	1	2	12	0	2	4	9	7	17	2	6	2	6	7	5	2	5	0	6	0	0	0	0	0	0	0	6	0	7	10	2	0	0	0	0	1	0	0	5	1	11	9	3	0	10	0	10	12	1	0	5	0	0	1	0	1
13	3	11	10	6	8	0	8	10	17	4	7	8	7	8	12	5	8	2	3	0	0	0	0	0	0	0	11	0	9	14	1	0	0	0	3	0	0	0	10	1	35	10	8	0	9	1	14	10	2	0	4	1	3	3	0	1
6	1	10	16	3	2	2	12	13	15	2	4	7	3	6	11	9	3	1	4	0	0	0	0	0	0	0	12	0	12	8	1	0	0	0	1	0	0	0	7	1	28	16	4	0	12	0	10	7	2	0	2	0	4	1	1	1
5	4	9	6	2	5	3	6	9	11	3	3	2	3	5	4	3	6	0	0	0	0	0	0	0	0	0	10	1	4	6	0	0	1	1	1	1	0	0	5	1	19	10	0	0	5	1	10	8	2	0	0	0	1	1	0	1
9	0	11	18	6	4	2	13	13	15	3	5	3	2	15	5	5	6	1	5	0	0	0	0	0	0	0	10	0	9	12	5	0	0	0	0	0	0	0	14	0	24	14	4	0	10	0	15	8	3	0	1	0	8	3	0	1
11	0	8	10	3	6	3	6	1	10	2	3	5	4	7	9	4	6	1	3	0	0	0	0	0	0	0	6	0	12	6	1	0	0	0	0	0	0	0	10	0	20	11	4	0	7	0	10	6	1	0	1	0	4	1	1	1
10	3	9	9	9	7	8	6	7	10	0	3	3	3	5	4	2	7	1	2	0	0	0	0	0	0	0	5	0	11	4	4	0	1	0	1	1	0	0	10	2	20	10	4	0	6	0	11	2	3	0	2	1	2	6	1	1
30	6	30	8	15	22	9	14	16	25	9	22	28	14	14	16	15	22	9	17	0	0	0	0	0	0	0	20	1	31	13	9	0	1	1	2	0	2	0	29	3	69	35	13	0	16	1	32	13	8	0	8	0	16	8	9	1
18	0	9	8	8	12	1	5	7	8	7	6	3	5	8	8	6	5	1	7	0	0	0	0	0	0	0	8	0	10	5	5	0	0	0	0	0	0	0	8	0	37	12	6	0	6	0	10	5	3	0	6	0	6	3	1	1
24	2	7	7	3	17	6	10	5	35	5	9	6	16	13	17	12	14	1	4	0	0	0	0	0	0	0	1	2	16	18	2	0	0	0	1	1	0	0	23	0	46	26	4	0	14	0	35	14	1	0	1	0	2	4	1	1
25	4	9	18	8	11	4	10	20	29	6	11	9	10	5	11	13	9	1	2	0	0	0	0	0	0	0	7	0	26	15	0	0	0	0	3	1	0	0	22	3	43	20	9	0	15	1	22	14	2	0	4	0	3	4	0	1
3	5	6	21	12	4	5	11	17	17	2	3	7	8	7	9	4	9	1	6	0	0	0	0	0	0	0	7	2	12	11	6	0	0	0	1	2	2	0	16	2	20	12	5	0	12	1	12	9	5	0	3	0	10	5	1	1
6	2	10	19	2	3	3	8	5	19	5	0	3	3	14	10	1	7	2	2	0	0	0	0	0	0	0	6	0	11	11	3	0	0	0	1	1	0	0	10	0	18	15	2	0	14	1	11	12	1	0	2	1	3	0	0	1
17	1	24	20	18	26	6	10	23	25	5	20	15	9	10	15	13	14	6	14	0	0	0	0	0	0	0	27	0	22	14	10	0	0	0	1	0	0	0	29	1	54	24	17	0	6	0	28	11	8	0	11	0	20	4	3	1
23	6	21	31	36	38	17	25	24	60	15	17	35	23	28	26	27	27	9	23	0	0	0	0	0	0	0	13	1	43	21	14	0	1	0	2	3	0	0	34	4	93	54	33	0	28	1	48	34	15	0	15	0	32	15	6	1
4	0	4	7	1	2	0	1	5	9	1	0	2	2	3	4	1	8	0	2	0	0	0	0	0	0	0	4	0	4	3	1	0	0	0	0	0	0	0	5	0	7	8	1	0	3	0	8	7	1	0	1	0	1	1	0	1
23	2	8	18	9	4	7	9	12	22	6	9	6	8	10	10	5	11	1	6	0	0	0	0	0	0	0	11	0	20	11	1	0	0	0	1	1	0	0	16	1	28	23	8	0	13	1	20	10	4	0	3	0	7	3	3	1
28	7	28	36	18	22	17	24	17	46	9	31	19	13	20	24	16	18	7	15	0	0	0	0	0	0	0	32	3	37	24	12	0	0	0	3	3	1	0	41	2	71	37	12	0	21	2	38	23	12	0	14	0	13	10	3	1
10	0	13	19	14	7	2	12	30	24	5	19	1	8	8	7	6	17	3	8	0	0	0	0	0	0	0	15	0	24	12	8	0	0	0	0	0	0	0	16	0	23	24	8	0	22	0	20	11	4	0	5	0	4	11	5	1
7	1	8	11	6	5	6	9	13	18	1	6	9	3	7	8	5	6	8	7	0	0	0	0	0	0	0	6	0	12	6	4	0	0	0	0	0	1	0	8	0	24	15	12	0	8	1	14	7	4	0	6	0	9	6	0	1
21	6	7	11	7	14	6	9	6	21	3	5	11	12	11	13	6	10	5	6	0	0	0	0	0	0	0	7	1	15	10	1	0	2	0	0	4	0	0	15	1	40	19	13	0	8	4	22	6	3	0	2	0	11	4	1	1
15	1	10	27	13	20	3	19	22	19	3	2	7	5	15	7	7	17	0	9	0	0	0	0	0	0	0	9	1	14	16	3	0	1	0	0	0	0	0	16	0	42	25	13	0	15	0	25	12	6	0	3	0	15	4	0	1
36	2	13	14	13	15	8	16	10	21	5	10	17	19	21	14	11	7	11	8	0	0	0	0	0	0	0	9	1	27	9	10	0	0	0	1	0	1	0	29	1	62	25	14	0	9	0	27	8	5	0	9	0	15	6	2	1
18	3	4	18	5	12	2	9	6	10	8	9	5	3	6	4	6	7	1	9	0	0	0	0	0	0	0	6	0	18	7	3	0	1	0	1	1	0	0	14	1	22	14	8	0	8	2	13	8	3	0	5	0	5	3	1	1
9	3	5	5	3	7	3	4	5	7	5	6	3	3	6	6	3	10	1	4	0	0	0	0	0	0	0	3	2	8	6	0	0	0	0	2	1	0	0	4	0	19	13	6	0	11	1	7	5	1	0	0	0	6	1	1	1
16	2	4	12	5	10	3	4	5	7	3	2	1	7	8	6	6	7	0	3	0	0	0	0	0	0	0	6	0	10	5	3	0	0	0	1	1	0	0	13	1	26	13	2	0	3	1	14	1	2	0	2	0	4	1	1	1
2	2	4	6	2	3	1	4	7	8	5	2	5	2	2	5	6	3	0	1	0	0	0	0	0	0	0	3	0	6	3	2	0	0	0	0	2	0	0	7	1	13	8	1	0	3	1	10	6	0	0	1	0	2	0	0	1
55	3	39	11	20	37	8	9	15	36	6	26	15	21	20	29	24	21	10	28	0	0	0	0	0	0	0	25	1	44	16	11	0	0	0	2	1	0	0	38	2	103	31	29	0	14	0	30	16	11	0	20	0	24	8	6	1
41	1	46	28	22	30	15	28	24	39	8	22	16	24	20	24	31	27	13	26	0	0	0	0	0	0	0	32	0	45	23	19	0	1	0	0	0	0	0	46	1	78	49	27	0	29	0	44	18	11	0	12	0	33	12	4	1
35	3	34	25	14	38	8	18	10	33	3	12	11	11	35	21	18	15	13	20	0	0	0	0	0	0	0	16	0	44	15	7	0	1	0	1	1	0	0	48	1	75	30	22	0	9	1	32	16	10	0	8	1	23	7	8	1
63	4	23	14	13	29	4	19	11	34	5	12	16	9	22	23	26	25	9	8	0	0	0	0	0	0	0	5	1	31	15	6	0	0	0	0	3	1	0	34	2	102	40	15	0	13	0	45	19	6	0	5	1	16	6	2	1
35	4	29	18	12	37	5	9	12	27	4	8	22	12	25	14	18	26	15	20	0	0	0	0	0	0	0	12	2	30	16	7	0	2	0	1	1	0	0	35	1	77	29	25	0	8	0	35	13	9	0	10	1	24	6	6	1
31	2	13	18	13	20	3	13	20	34	8	12	12	21	10	12	15	20	5	12	0	0	0	0	0	0	0	17	1	23	16	7	0	0	0	0	2	0	0	27	1	52	33	10	0	14	0	28	20	12	0	6	0	19	4	1	1
33	5	22	38	23	26	15	17	25	40	14	12	19	12	32	20	15	24	8	11	0	0	0	0	0	0	0	16	1	40	17	10	0	1	0	2	2	0	0	38	2	88	41	15	0	19	1	39	23	13	0	10	1	15	12	4	1
2	0	4	6	3	2	6	1	6	9	5	4	7	2	2	4	4	3	3	2	0	0	0	0	0	0	0	4	0	6	4	2	0	0	0	0	0	0	0	8	0	13	8	4	0	3	0	10	3	2	0	1	0	3	3	0	1
55	2	43	33	31	43	12	29	16	40	10	34	54	15	34	23	35	34	10	21	0	0	0	0	0	0	0	36	0	51	20	18	0	0	0	1	1	0	0	57	2	128	57	28	0	24	0	60	21	7	0	8	0	31	14	9	1
5	0	1	10	0	0	0	3	3	7	0	1	0	2	4	1	5	2	0	1	0	0	0	0	0	0	0	4	0	4	5	0	0	0	0	0	0	0	0	5	0	7	5	1	0	4	0	6	2	0	0	0	0	1	0	0	1
6	0	6	6	1	3	2	11	9	11	1	5	4	1	5	4	2	4	0	6	0	0	0	0	0	0	0	5	0	8	4	1	0	0	0	0	0	0	0	4	0	12	16	2	0	7	0	11	6	3	0	2	0	4	1	0	1
4	1	6	12	6	2	1	0	6	11	5	3	3	0	9	4	1	4	3	3	0	0	0	0	0	0	0	6	0	8	4	3	0	0	0	0	0	1	0	5	0	11	11	3	0	6	1	7	2	3	0	4	0	3	3	2	1
12	6	14	23	9	7	5	9	21	17	8	4	6	11	12	7	6	14	3	7	0	0	0	0	0	0	0	12	1	14	19	6	0	0	0	4	1	1	0	23	1	30	16	5	0	12	2	19	9	6	0	5	2	8	3	1	1
25	2	7	10	7	11	4	16	1	24	11	12	15	4	15	7	24	12	2	6	0	0	0	0	0	0	0	5	0	16	10	2	0	0	0	1	1	0	0	14	1	45	31	10	0	11	1	33	15	2	0	3	0	6	5	1	1
32	7	20	32	27	31	14	26	25	33	11	19	17	10	23	34	29	30	3	20	0	0	0	0	0	0	0	18	0	37	17	9	0	1	0	4	2	0	0	30	5	96	51	23	0	20	1	47	21	10	0	12	1	20	9	8	1
20	6	11	29	11	7	12	20	19	49	11	15	13	14	15	24	23	17	1	7	0	0	0	0	0	0	0	17	1	31	19	1	0	0	0	2	4	0	0	26	3	58	38	8	0	20	2	36	28	10	0	6	0	5	8	0	1
12	2	17	14	8	11	6	16	20	25	1	7	9	7	11	9	6	14	2	7	0	0	0	0	0	0	0	9	1	19	12	4	0	0	0	1	1	0	0	22	0	30	26	5	0	10	1	27	12	6	0	4	0	7	4	2	1
54	26	64	61	35	34	20	65	44	115	25	42	50	50	35	47	37	50	12	22	0	0	0	0	0	0	0	67	6	77	55	12	0	4	0	11	7	4	0	71	10	113	101	26	0	52	8	92	80	23	0	23	2	28	11	4	1
16	3	4	25	5	14	6	11	12	33	5	1	8	9	6	10	6	10	3	6	0	0	0	0	0	0	0	9	0	15	13	2	0	1	0	0	2	0	0	10	2	36	25	4	0	15	1	25	11	7	0	4	0	2	7	1	1
18	6	12	23	10	7	7	10	16	34	6	12	16	10	15	14	11	20	5	12	0	0	0	0	0	0	0	11	1	27	12	6	0	2	0	1	3	0	0	25	4	35	29	10	0	11	1	32	16	10	0	8	0	8	10	1	1
5	0	6	10	3	4	2	7	6	16	5	7	6	6	4	6	6	7	1	1	0	0	0	0	0	0	0	11	0	8	10	0	0	0	0	0	0	0	0	8	0	14	14	2	0	10	0	13	9	3	0	0	0	4	1	0	1
2	0	1	2	0	0	0	3	0	3	1	4	2	1	2	0	1	2	0	1	0	0	0	0	0	0	0	3	0	3	1	0	0	0	0	0	0	0	0	1	0	0	6	0	0	3	0	3	2	1	0	0	0	1	0	0	1
23	7	31	32	17	16	11	40	41	70	4	29	9	25	15	38	21	32	5	11	0	0	0	0	0	0	0	31	0	42	34	10	0	2	1	1	3	0	0	38	2	65	54	14	0	38	2	50	49	7	0	8	2	15	6	2	1
22	1	5	19	12	5	3	8	20	24	4	7	8	17	9	10	10	11	8	10	0	0	0	0	0	0	0	8	1	22	11	6	0	0	0	0	1	0	0	21	0	33	22	10	0	11	0	19	9	8	0	8	0	12	4	6	1
24	12	9	26	9	18	8	3	8	46	8	4	7	25	18	11	7	18	1	2	0	0	0	0	0	0	0	21	5	21	16	1	0	1	0	6	3	2	0	21	4	37	32	6	0	16	2	31	23	3	0	5	1	5	1	0	1
9	3	11	11	8	11	4	8	11	19	3	8	5	13	13	7	8	10	0	5	0	0	0	0	0	0	0	15	0	20	7	1	0	1	0	0	2	0	0	12	2	29	16	8	0	10	0	15	12	3	0	4	1	4	3	1	1
53	2	27	32	10	20	2	15	19	44	16	22	19	35	37	20	26	20	16	15	0	0	0	0	0	0	0	31	2	52	20	10	0	1	0	1	0	0	0	47	0	82	48	19	0	26	0	42	21	6	0	11	0	18	6	6	1
28	9	13	38	14	8	8	4	17	53	4	12	16	17	23	23	13	15	9	10	0	0	0	0	0	0	0	15	1	37	22	5	0	1	0	6	1	1	0	38	3	52	27	16	0	18	3	26	20	7	0	8	2	14	5	4	1
20	4	9	15	8	7	3	12	20	21	6	7	5	10	9	8	5	10	4	9	0	0	0	0	0	0	0	7	1	17	9	7	0	1	0	2	1	0	0	18	0	28	19	11	0	11	2	25	10	1	0	4	1	5	9	2	1
55	9	18	29	13	19	14	17	15	50	6	25	13	19	21	16	9	18	3	19	0	0	0	0	0	0	0	14	1	42	25	9	0	2	0	4	1	2	0	42	2	58	44	15	0	25	4	42	12	8	0	7	2	16	9	1	1
15	1	12	14	9	5	4	7	9	15	3	6	5	11	3	6	11	3	2	4	0	0	0	0	0	0	0	12	0	19	7	5	0	0	0	0	0	1	0	20	0	20	12	6	0	7	1	10	7	2	0	4	0	8	2	1	1
5	1	12	16	12	6	5	30	22	22	3	19	8	7	5	15	16	10	0	17	0	0	0	0	0	0	0	6	1	18	18	11	0	1	0	0	0	0	0	19	0	28	27	7	0	20	0	27	12	6	0	7	0	9	8	5	1
10	3	7	11	9	3	1	12	11	18	3	10	5	3	5	9	11	5	1	7	0	0	0	0	0	0	0	6	0	9	12	4	0	0	0	2	1	0	0	14	2	23	10	6	0	7	1	17	8	4	0	3	0	4	7	3	1
9	0	8	13	3	6	0	10	9	14	4	2	1	3	8	3	1	6	0	1	0	0	0	0	0	0	0	8	0	10	7	1	0	0	0	0	0	0	0	6	0	17	13	1	0	11	0	10	10	2	0	1	0	0	3	0	1
12	1	4	18	11	6	9	9	15	10	2	8	3	8	4	13	7	10	1	1	0	0	0	0	0	0	0	14	0	12	9	3	0	1	0	0	0	0	0	16	0	33	16	4	0	4	1	15	6	4	0	3	0	8	0	2	1
37	9	12	25	14	14	15	24	12	52	8	25	12	11	17	13	13	16	4	13	0	0	0	0	0	0	0	17	2	32	14	7	0	2	0	2	5	0	0	25	3	46	47	12	0	22	3	38	28	9	0	7	1	14	6	3	1
11	2	14	12	14	6	2	23	28	18	5	13	2	9	9	15	3	11	3	17	0	0	0	0	0	0	0	8	0	20	11	9	0	0	0	1	0	1	0	22	1	21	23	9	0	14	1	18	14	9	0	4	0	16	9	5	1
6	0	6	9	2	8	3	11	8	20	2	7	0	6	4	7	7	8	1	2	0	0	0	0	0	0	0	4	0	13	10	1	0	0	0	0	0	0	0	12	0	11	17	2	0	12	0	14	13	2	0	0	0	4	1	0	1
10	3	8	9	3	5	7	10	4	22	3	3	4	7	7	4	13	6	1	3	0	0	0	0	0	0	0	7	1	13	3	3	0	0	0	3	0	0	0	9	2	21	18	3	0	9	0	12	19	1	0	1	0	5	1	0	1
22	2	6	9	4	9	3	2	1	12	3	0	7	5	6	3	9	11	0	2	0	0	0	0	0	0	0	2	0	11	6	1	0	1	0	1	0	0	0	9	1	33	13	3	0	7	1	11	7	2	0	1	0	3	2	0	1
20	0	7	4	0	8	4	5	0	11	6	0	2	2	13	6	9	12	1	2	0	0	0	0	0	0	0	2	0	7	3	1	0	0	0	0	0	0	0	9	0	32	20	1	0	2	0	20	10	1	0	0	0	2	1	0	1
9	0	11	7	2	1	5	5	3	16	1	4	6	3	6	5	4	9	2	2	0	0	0	0	0	0	0	6	0	10	8	0	0	0	0	0	0	0	0	10	0	18	10	1	0	6	0	9	11	5	0	3	0	1	2	0	1
29	1	8	10	6	9	5	4	0	16	2	1	7	2	9	7	8	4	2	2	0	0	0	0	0	0	0	6	0	10	3	2	0	1	0	0	0	0	0	10	1	42	14	7	0	2	0	14	8	1	0	2	0	7	1	0	1
3	1	4	4	3	3	0	4	6	7	1	3	2	2	1	0	5	4	1	1	0	0	0	0	0	0	0	4	0	3	3	3	0	0	0	1	0	0	0	1	1	10	7	0	0	5	0	5	4	2	0	2	0	1	2	0	1
16	6	14	17	9	13	3	15	13	36	11	3	15	10	15	11	19	5	1	4	0	0	0	0	0	0	0	8	1	19	15	1	0	0	0	2	4	0	0	18	2	44	28	12	0	16	3	31	16	1	0	1	0	9	4	0	1
33	4	18	12	4	20	11	18	6	18	3	14	8	9	6	28	16	13	9	14	0	0	0	0	0	0	0	9	1	29	10	4	0	2	0	1	1	0	0	26	3	54	32	13	0	10	0	25	8	9	0	6	0	18	1	1	1
12	8	17	20	12	7	4	21	22	18	9	9	12	12	14	12	15	13	1	11	0	0	0	0	0	0	0	14	1	25	16	2	0	1	1	2	2	2	0	23	4	37	27	6	0	14	2	24	10	11	0	6	0	9	6	3	1
18	3	8	15	10	9	3	14	18	22	5	10	11	8	6	6	11	12	3	10	0	0	0	0	0	0	0	6	1	15	14	5	0	2	0	0	1	0	0	15	0	37	20	10	0	14	2	22	7	7	0	4	0	8	10	1	1
6	14	11	12	5	6	0	9	16	13	2	7	5	4	10	10	6	6	0	5	0	0	0	0	0	0	0	10	2	10	9	3	0	1	3	8	1	1	0	14	6	24	9	5	0	7	2	13	7	1	0	2	1	3	4	0	1
7	4	5	7	2	0	0	3	9	8	0	5	4	0	2	6	3	1	0	3	0	0	0	0	0	0	0	1	1	11	3	0	0	1	1	0	1	1	0	7	2	13	5	4	0	5	0	6	1	0	0	3	0	1	1	0	1
80	6	26	29	11	41	13	24	18	71	10	15	21	18	27	39	18	31	3	8	0	0	0	0	0	0	0	15	2	42	26	3	0	0	0	6	0	0	0	44	1	124	74	13	0	26	2	74	30	4	0	3	1	11	5	2	1
42	4	28	12	8	23	7	15	13	39	7	5	12	18	18	16	12	14	0	6	0	0	0	0	0	0	0	14	0	27	20	2	0	1	0	2	1	0	0	32	2	62	38	9	0	13	2	42	14	3	0	3	0	9	2	0	1
36	4	26	22	11	19	11	10	4	29	8	8	16	12	31	19	11	17	8	9	0	0	0	0	0	0	0	15	2	25	17	8	0	0	0	3	0	1	0	28	1	79	29	10	0	20	1	26	13	4	0	5	0	13	5	5	1
25	1	11	14	13	8	8	5	2	30	4	4	14	16	10	12	7	9	10	4	0	0	0	0	0	0	0	12	1	18	9	5	0	1	0	0	0	0	0	21	0	31	21	12	0	5	0	26	10	7	0	6	0	10	8	3	1
24	2	14	9	3	3	3	7	4	17	1	3	11	11	14	18	6	7	4	4	0	0	0	0	0	0	0	7	1	16	11	2	0	0	0	1	0	1	0	17	1	43	14	7	0	10	0	17	4	1	0	3	0	5	3	0	1
16	5	14	20	12	15	4	10	8	15	4	6	4	5	14	19	8	23	7	6	0	0	0	0	0	0	0	11	0	17	14	3	0	0	0	4	0	1	0	15	3	38	21	10	0	14	2	14	14	8	0	5	0	14	3	3	1
29	4	17	14	9	12	15	12	9	26	6	6	10	14	19	12	12	9	8	11	0	0	0	0	0	0	0	6	1	27	14	3	0	1	0	2	0	1	0	34	2	43	26	13	0	7	0	29	11	5	0	3	1	16	2	6	1
28	8	22	24	19	25	11	17	30	48	9	14	20	18	16	27	13	26	5	12	0	0	0	0	0	0	0	13	1	37	20	7	0	3	0	3	1	1	0	32	2	78	44	13	0	21	4	38	26	11	0	9	1	13	9	4	1
20	1	2	11	0	9	4	4	7	22	4	2	5	3	8	3	6	4	1	1	0	0	0	0	0	0	0	2	0	10	6	0	0	0	0	1	0	0	0	14	0	30	16	2	0	2	1	19	11	0	0	0	0	2	0	0	1
37	2	9	12	8	18	3	6	6	29	6	9	5	11	8	18	13	13	0	2	0	0	0	0	0	0	0	4	0	22	13	2	0	0	0	2	0	0	0	26	0	54	23	5	0	9	2	26	15	1	0	1	0	4	3	2	1
15	2	7	28	2	13	4	17	13	20	2	7	6	3	14	9	8	15	1	7	0	0	0	0	0	0	0	14	1	22	7	1	0	1	0	0	1	0	0	11	0	36	28	7	0	17	0	18	16	2	0	1	1	6	2	0	1
2	7	4	13	3	3	1	2	11	1	2	3	4	3	1	2	3	2	0	2	0	0	0	0	0	0	0	7	1	12	1	2	0	2	1	3	1	0	0	11	2	9	3	2	0	1	3	0	1	1	0	1	0	3	1	0	1
12	6	4	1	2	3	0	3	6	10	3	4	4	4	0	13	13	5	0	5	0	0	0	0	0	0	0	1	2	8	2	0	0	2	0	3	1	0	0	7	4	24	8	7	0	2	0	11	8	0	0	1	0	5	1	0	1
5	0	1	0	1	0	0	2	4	7	1	3	3	8	2	5	2	2	0	1	0	0	0	0	0	0	0	5	0	5	2	0	0	0	0	0	0	0	0	2	0	12	6	0	0	4	0	2	4	2	0	0	0	2	0	0	1
3	0	4	2	0	1	2	0	8	3	1	4	1	2	7	2	3	3	2	0	0	0	0	0	0	0	0	6	0	4	2	0	0	0	0	0	0	0	0	4	0	18	3	1	0	1	0	3	2	1	0	0	0	2	0	0	1
12	0	7	12	1	2	2	3	9	6	4	5	0	4	10	5	6	1	0	1	0	0	0	0	0	0	0	7	0	18	2	1	0	0	0	0	0	0	0	15	0	19	10	1	0	5	0	8	1	0	0	1	0	1	0	0	1
13	1	4	27	4	2	4	6	18	13	4	8	5	6	10	6	1	5	0	1	0	0	0	0	0	0	0	10	0	20	11	4	0	0	0	1	0	0	0	23	1	23	11	0	0	9	0	12	6	1	0	2	0	3	0	0	1
13	8	9	3	2	10	9	0	20	4	3	3	4	2	0	5	6	5	0	2	0	0	0	0	0	0	0	2	0	9	5	1	0	1	0	7	0	0	0	11	7	41	5	2	0	3	1	7	1	0	0	0	0	2	1	1	1
32	9	9	19	9	19	7	6	15	28	9	15	27	13	24	16	31	24	5	15	0	0	0	0	0	0	0	6	0	37	10	3	0	2	0	4	0	2	0	31	7	74	44	15	0	10	0	39	10	8	0	7	2	16	3	1	1
25	10	12	11	15	27	6	10	19	10	7	10	11	8	6	15	11	11	7	9	0	0	0	0	0	0	0	7	0	19	9	6	0	3	0	4	2	1	0	20	9	56	16	18	0	7	0	23	7	1	0	4	1	17	4	5	1
13	1	10	12	6	6	5	4	2	12	4	1	5	3	15	8	4	7	2	6	0	0	0	0	0	0	0	9	0	8	7	2	0	0	0	1	0	0	0	10	0	29	13	5	0	5	1	13	5	3	0	2	0	7	2	3	1
21	0	6	14	7	7	5	9	14	14	1	6	5	4	1	9	8	17	3	2	0	0	0	0	0	0	0	6	0	14	6	4	0	0	0	0	0	0	0	11	0	33	20	5	0	12	0	15	12	2	0	1	0	7	3	1	1
22	1	8	2	9	13	4	6	11	15	3	4	6	6	1	6	7	10	2	5	0	0	0	0	0	0	0	3	0	10	6	1	0	0	0	1	0	0	0	11	0	31	18	9	0	4	1	19	7	3	0	2	0	8	3	3	1
10	0	11	13	5	5	5	17	13	23	5	10	2	14	7	9	6	8	1	5	0	0	0	0	0	0	0	14	0	14	17	2	0	0	0	0	0	0	0	17	0	20	17	3	0	15	0	19	16	3	0	1	0	4	3	3	1
22	7	10	6	4	13	0	9	9	14	3	12	4	3	8	24	6	15	0	6	0	0	0	0	0	0	0	3	1	19	6	1	0	2	0	4	1	0	0	23	2	33	24	4	0	3	3	21	10	4	0	0	1	8	0	1	1
11	1	4	11	2	4	2	7	6	6	1	2	2	4	7	2	2	3	0	1	0	0	0	0	0	0	0	4	1	12	3	0	0	0	0	0	0	1	0	9	0	14	12	1	0	6	0	8	2	1	0	2	0	1	0	0	1
7	1	6	10	2	8	1	3	8	5	1	1	3	2	8	3	1	1	0	6	0	0	0	0	0	0	0	4	0	12	0	3	0	0	0	1	0	0	0	10	0	17	8	4	0	4	0	4	1	0	0	1	0	5	1	1	1
16	0	5	16	2	7	0	12	10	14	6	4	2	10	2	11	6	9	0	1	0	0	0	0	0	0	0	6	0	17	10	2	0	0	0	0	0	0	0	13	0	19	21	0	0	15	0	16	9	1	0	1	0	1	1	0	1
14	0	3	18	1	4	1	2	10	18	1	1	9	6	12	0	1	8	1	0	0	0	0	0	0	0	0	7	0	11	10	0	0	0	0	0	0	0	0	13	0	23	13	2	0	8	0	15	5	0	0	0	0	1	1	0	1
6	0	1	6	2	1	3	3	2	7	2	1	1	7	2	2	0	0	0	0	0	0	0	0	0	0	0	4	0	6	4	1	0	0	0	0	0	0	0	4	0	7	5	0	0	6	0	3	2	1	0	1	0	0	1	0	1
9	0	4	6	3	3	7	2	8	12	1	7	6	3	1	4	6	3	1	4	0	0	0	0	0	0	0	4	0	8	6	2	0	0	0	0	0	0	0	11	0	19	9	4	0	4	0	11	2	1	0	1	0	5	1	1	1
4	1	3	10	2	8	1	7	10	7	0	3	3	3	8	2	1	4	2	1	0	0	0	0	0	0	0	3	0	12	3	1	0	1	0	0	0	0	0	5	1	15	12	3	0	8	0	7	2	1	0	2	0	3	0	0	1
3	0	8	5	1	1	1	4	9	8	0	2	0	4	4	5	6	0	1	3	0	0	0	0	0	0	0	6	0	6	6	1	0	0	0	0	0	0	0	5	0	15	6	2	0	4	0	6	0	2	0	3	0	2	0	0	1
4	0	8	0	0	4	0	3	3	9	1	4	0	0	4	5	6	4	0	1	0	0	0	0	0	0	0	1	0	7	4	0	0	0	0	0	0	0	0	7	0	12	6	0	0	4	0	6	6	1	0	0	0	1	0	0	1
3	1	1	6	2	4	2	1	8	8	1	0	1	2	1	3	4	1	0	2	0	0	0	0	0	0	0	4	0	3	1	1	0	0	0	1	0	0	0	2	1	12	8	3	0	2	0	7	2	0	0	0	0	3	0	0	1
0	1	3	6	1	1	1	1	4	8	3	0	1	3	3	2	1	4	0	1	0	0	0	0	0	0	0	3	0	8	0	1	0	0	0	0	1	0	0	3	1	1	8	0	0	5	0	4	6	1	0	1	0	0	0	0	1
6	2	6	6	1	5	4	5	13	16	4	3	12	11	4	9	5	7	6	2	0	0	0	0	0	0	0	9	1	8	8	0	0	0	0	2	0	0	0	11	0	28	14	4	0	3	1	17	8	3	0	2	0	3	2	2	1
14	2	4	7	0	10	1	6	5	4	1	2	2	3	0	3	1	4	1	1	0	0	0	0	0	0	0	3	0	8	5	0	0	0	0	2	0	0	0	9	1	19	6	1	0	3	1	5	4	1	0	1	0	1	0	0	1
8	2	12	10	5	10	2	7	6	13	1	8	7	4	7	5	15	6	1	6	0	0	0	0	0	0	0	9	0	17	6	2	0	1	0	1	0	0	0	10	2	28	14	6	0	10	0	11	3	2	0	4	0	3	4	1	1
12	4	7	8	6	5	3	8	14	5	1	11	9	0	3	6	12	6	0	4	0	0	0	0	0	0	0	4	1	15	3	2	0	1	0	3	0	0	0	12	3	34	10	5	0	7	0	7	4	2	0	2	0	4	3	1	1
8	2	7	3	5	13	1	4	5	7	4	5	7	3	3	3	4	9	0	4	0	0	0	0	0	0	0	2	0	8	7	1	0	1	0	0	0	1	0	8	1	21	11	2	0	5	1	10	3	5	0	2	0	4	3	0	1
17	3	14	12	4	13	2	7	3	5	8	3	9	2	11	7	9	14	3	4	0	0	0	0	0	0	0	8	0	10	9	4	0	1	0	2	0	0	0	13	3	36	14	4	0	6	0	18	7	3	0	3	0	4	4	0	1
9	2	4	13	0	5	4	3	1	6	3	2	3	2	11	2	6	6	2	1	0	0	0	0	0	0	0	5	0	9	5	2	0	0	0	2	0	0	0	14	2	16	9	0	0	2	0	10	4	1	0	0	0	3	0	0	1
5	0	2	6	3	0	1	2	2	5	0	2	1	7	12	5	7	2	1	2	0	0	0	0	0	0	0	3	0	9	3	2	0	0	0	0	0	0	0	7	0	18	4	3	0	6	0	3	0	0	0	1	0	2	2	1	1
2	0	1	3	4	1	1	3	3	6	1	3	2	4	5	4	4	3	0	0	0	0	0	0	0	0	0	2	0	5	4	0	0	0	0	0	0	0	0	3	0	10	6	2	0	5	0	6	1	1	0	1	0	0	2	1	1
3	0	0	3	2	4	2	6	4	4	1	2	3	4	6	4	1	1	0	2	0	0	0	0	0	0	0	4	0	2	3	0	0	0	0	0	0	0	0	2	0	16	5	3	0	2	0	8	2	0	0	0	0	1	2	1	1
17	0	8	4	2	4	2	2	6	7	2	3	3	6	8	7	5	5	4	4	0	0	0	0	0	0	0	3	0	9	5	4	0	0	0	0	0	0	0	12	0	29	7	4	0	3	0	8	3	1	0	2	0	6	1	1	1
4	1	5	7	3	2	0	4	5	1	0	4	1	2	3	0	3	3	2	2	0	0	0	0	0	0	0	5	0	6	4	3	0	0	0	1	0	0	0	4	1	8	2	2	0	5	0	1	1	1	0	3	0	2	1	1	1
5	3	3	5	0	2	0	2	6	7	0	1	3	5	6	6	1	1	2	2	0	0	0	0	0	0	0	6	0	5	2	1	0	2	0	1	0	0	0	4	0	16	5	3	0	1	2	5	2	0	0	1	1	2	0	0	1
1	2	2	2	1	9	2	4	2	5	0	2	4	4	7	4	1	9	0	2	0	0	0	0	0	0	0	1	1	4	3	1	0	0	0	2	0	0	0	4	0	14	11	0	0	5	1	8	3	1	0	0	0	1	1	1	1
4	1	1	6	2	3	0	6	6	5	1	3	4	2	10	5	4	2	0	1	0	0	0	0	0	0	0	3	0	6	2	1	0	0	0	1	0	0	0	4	1	20	9	2	0	5	0	5	3	0	0	0	0	3	0	0	1
6	0	5	3	1	5	0	1	7	12	5	7	2	8	5	3	6	9	0	4	0	0	0	0	0	0	0	5	0	9	8	1	0	0	0	0	0	0	0	8	0	13	10	3	0	7	0	11	8	0	0	2	0	1	1	1	1
1	0	3	5	1	3	3	5	4	6	1	1	1	2	3	8	2	1	2	2	0	0	0	0	0	0	0	2	0	3	5	0	0	0	0	0	0	0	0	6	0	10	6	3	0	1	0	9	1	2	0	2	0	2	1	0	1
14	0	6	3	1	10	0	2	1	9	1	0	2	1	8	1	4	3	1	1	0	0	0	0	0	0	0	1	0	7	1	1	0	0	0	0	0	0	0	5	0	22	10	2	0	4	0	8	3	0	0	0	0	2	1	0	1
12	1	2	8	6	4	1	3	6	9	0	2	2	4	5	6	3	4	0	1	0	0	0	0	0	0	0	1	0	8	7	0	0	0	0	0	0	1	0	10	1	18	4	5	0	3	0	9	3	1	0	1	0	4	2	0	1
11	1	5	8	0	5	1	7	3	11	2	6	7	11	5	1	5	6	2	5	0	0	0	0	0	0	0	9	0	12	8	1	0	0	0	0	1	0	0	9	1	14	10	4	0	9	0	9	6	1	0	2	0	3	1	1	1
6	1	4	7	6	6	4	7	6	12	1	4	8	9	7	6	8	5	1	3	0	0	0	0	0	0	0	5	0	7	8	3	0	0	0	1	0	0	0	14	0	25	9	3	0	4	0	13	4	4	0	1	1	4	4	0	1
4	0	3	4	2	7	2	3	4	8	2	3	4	2	2	3	4	4	1	1	0	0	0	0	0	0	0	2	0	7	3	0	0	0	0	0	0	0	0	6	0	9	11	4	0	2	0	12	2	0	0	2	0	1	1	0	1
5	0	1	6	2	8	2	4	2	11	0	0	2	4	7	5	5	6	0	4	0	0	0	0	0	0	0	2	0	6	2	1	0	0	0	0	0	0	0	3	0	15	14	3	0	6	0	10	4	1	0	0	0	5	0	1	1
2	2	7	5	3	2	2	6	9	13	1	3	3	3	4	3	4	1	0	0	0	0	0	0	0	0	0	5	1	5	7	0	0	0	0	2	0	0	0	7	0	12	8	1	0	6	1	8	5	1	0	0	0	2	0	1	1
5	1	5	10	1	5	3	5	9	9	3	2	1	2	7	5	3	7	2	4	0	0	0	0	0	0	0	4	0	7	7	1	0	0	0	0	0	1	0	9	0	15	10	3	0	2	1	13	6	2	0	4	0	3	0	0	1
3	1	8	10	8	0	4	15	16	9	3	5	2	8	6	8	5	8	0	6	0	0	0	0	0	0	0	9	0	15	4	3	0	0	0	0	1	0	0	12	0	9	18	5	0	6	0	13	9	6	0	3	1	7	3	0	1
5	0	6	13	1	7	2	5	13	30	5	2	4	8	5	10	11	3	1	6	0	0	0	0	0	0	0	10	0	11	7	1	0	0	0	0	0	0	0	10	0	23	20	4	0	7	0	20	12	3	0	2	0	2	4	0	1
8	1	8	20	4	7	2	18	26	17	5	5	1	1	4	10	2	6	1	5	0	0	0	0	0	0	0	9	1	11	11	2	0	0	0	1	0	0	0	12	0	23	22	3	0	10	0	22	9	4	0	2	0	3	4	1	1
3	0	2	5	4	6	2	6	5	9	0	1	4	3	4	6	7	3	0	3	0	0	0	0	0	0	0	3	0	5	1	2	0	0	0	0	0	0	0	4	0	18	12	2	0	3	0	8	5	2	0	1	0	5	0	1	1
14	0	8	4	3	10	3	10	7	21	2	3	2	11	6	12	4	3	1	3	0	0	0	0	0	0	0	6	0	8	9	3	0	0	0	0	0	0	0	13	0	25	15	4	0	7	0	19	10	0	0	0	0	5	2	0	1
10	1	8	10	8	8	4	10	8	10	1	2	7	6	7	12	3	6	1	7	0	0	0	0	0	0	0	7	1	12	5	1	0	0	0	0	1	0	0	12	0	27	12	7	0	6	0	12	4	5	0	0	0	8	5	3	1
3	2	2	9	1	3	1	8	7	8	1	2	2	1	5	8	3	1	2	4	0	0	0	0	0	0	0	1	0	8	4	1	0	0	0	1	0	1	0	5	2	12	10	2	0	7	0	5	3	3	0	1	0	5	1	0	1
3	1	4	10	1	2	2	8	12	10	3	1	3	7	6	3	5	6	0	3	0	0	0	0	0	0	0	7	0	9	6	0	0	0	0	1	0	0	0	9	0	13	11	2	0	5	1	9	10	2	0	1	0	3	0	0	1
6	0	3	4	2	6	0	1	4	8	0	2	2	2	6	3	2	7	0	2	0	0	0	0	0	0	0	1	0	7	2	0	0	0	0	0	0	0	0	5	0	13	9	2	0	3	0	6	5	2	0	1	0	3	0	0	1
8	3	4	11	3	3	1	9	8	12	1	8	2	4	2	6	3	8	1	3	0	0	0	0	0	0	0	6	0	11	7	2	0	0	0	1	2	0	0	4	2	11	13	3	0	16	1	6	5	2	0	1	0	4	2	0	1
9	0	1	2	1	7	3	6	8	6	1	1	1	4	6	10	2	3	0	3	0	0	0	0	0	0	0	0	0	6	2	0	0	0	0	0	0	0	0	5	0	26	11	3	0	3	0	9	3	1	0	0	0	4	0	0	1
5	1	6	3	3	3	3	3	5	7	1	6	2	5	1	6	3	5	0	1	0	0	0	0	0	0	0	7	0	8	4	1	0	0	0	1	0	0	0	6	1	9	9	2	0	4	0	9	2	1	0	2	0	1	1	0	1
4	0	4	4	1	4	1	5	9	11	0	2	0	3	4	5	4	4	1	1	0	0	0	0	0	0	0	1	0	6	5	1	0	0	0	0	0	0	0	8	0	12	9	1	0	3	0	11	5	1	0	1	0	1	1	0	1
4	0	1	4	2	6	3	2	4	11	1	4	2	3	7	6	5	4	1	6	0	0	0	0	0	0	0	3	0	3	4	2	0	0	0	0	0	0	0	7	0	17	9	3	0	0	0	12	3	3	0	2	0	4	2	1	1
7	1	6	6	4	5	4	8	12	6	5	8	9	3	9	3	3	3	6	1	0	0	0	0	0	0	0	4	0	10	7	2	0	0	0	1	0	0	0	12	1	21	11	6	0	5	0	13	1	3	0	2	0	6	3	0	1
6	0	5	5	5	5	0	1	10	6	3	3	1	3	1	7	4	5	1	3	0	0	0	0	0	0	0	4	0	6	5	1	0	0	0	0	0	0	0	5	0	21	4	4	0	4	0	5	4	1	0	3	0	1	2	3	1
2	0	5	3	4	9	0	7	4	8	1	2	2	3	3	8	6	3	0	2	0	0	0	0	0	0	0	4	0	3	5	1	0	0	0	0	0	0	0	4	0	21	8	0	0	3	0	6	5	5	0	2	0	3	1	0	1
5	3	5	12	1	3	0	10	17	13	4	4	2	0	5	7	8	6	0	4	0	0	0	0	0	0	0	4	0	9	8	0	0	1	1	1	0	0	0	7	1	21	15	3	0	9	0	14	9	0	0	0	1	1	1	2	1
2	4	9	14	12	5	4	9	14	16	5	6	3	7	8	11	3	11	0	2	0	0	0	0	0	0	0	6	0	9	15	6	0	1	0	0	3	0	0	13	2	19	12	4	0	12	1	18	7	2	0	3	1	4	4	2	1
1	2	10	4	4	4	0	12	8	7	2	8	6	8	7	16	11	5	4	5	0	0	0	0	0	0	0	12	0	10	7	1	0	0	0	1	0	1	0	9	1	29	9	4	0	8	1	10	3	4	0	1	0	3	7	2	1
8	1	3	10	5	4	0	8	8	7	1	3	2	3	3	5	5	3	0	0	0	0	0	0	0	0	0	2	0	13	2	2	0	0	0	1	0	0	0	9	0	13	10	2	0	7	1	6	5	0	0	0	0	2	2	1	1
5	0	4	4	2	6	2	5	1	10	1	0	5	5	9	5	3	7	1	2	0	0	0	0	0	0	0	1	0	5	7	0	0	0	0	0	0	0	0	4	0	20	7	4	0	6	0	10	6	1	0	2	0	1	2	0	1
8	0	2	6	0	5	2	6	3	9	1	2	3	5	5	3	2	7	0	1	0	0	0	0	0	0	0	2	0	6	6	0	0	0	0	0	0	0	0	5	0	15	10	1	0	7	0	10	6	0	0	0	0	0	1	0	1
9	0	4	7	1	4	0	4	2	2	4	3	4	1	8	5	3	7	0	2	0	0	0	0	0	0	0	3	0	5	4	2	0	0	0	0	0	0	0	9	0	17	9	0	0	2	0	11	3	1	0	0	0	2	1	0	1
14	1	10	9	6	12	4	4	4	15	2	2	8	6	14	10	4	13	2	2	0	0	0	0	0	0	0	4	0	17	4	2	0	0	0	1	0	0	0	14	1	30	18	6	0	4	0	19	11	0	0	4	0	3	1	2	1
3	0	1	9	2	3	1	3	7	10	2	2	1	3	5	5	4	6	0	0	0	0	0	0	0	0	0	1	0	9	4	1	0	0	0	0	0	0	0	7	0	12	9	0	0	7	0	8	5	1	0	0	0	0	2	0	1
8	1	6	7	2	3	4	7	7	9	2	3	2	3	9	8	6	5	0	2	0	0	0	0	0	0	0	4	0	12	3	0	0	0	0	1	0	0	0	5	1	21	17	3	0	8	0	11	3	0	0	2	0	1	0	1	1
5	1	7	12	6	6	2	10	10	4	1	3	4	2	5	11	4	7	0	4	0	0	0	0	0	0	0	4	1	10	6	3	0	0	0	1	0	0	0	12	0	21	6	7	0	5	0	11	6	0	0	3	0	3	4	0	1
2	0	4	14	4	3	0	5	8	8	0	1	2	1	7	7	4	5	0	2	0	0	0	0	0	0	0	4	0	12	4	0	0	0	0	0	0	0	0	6	0	12	9	5	0	7	0	7	3	1	0	3	0	1	2	0	1
9	0	10	14	5	6	1	8	10	11	0	4	4	4	8	1	9	9	1	0	0	0	0	0	0	0	0	9	0	14	7	1	0	0	0	0	0	0	0	8	0	23	16	1	0	12	0	7	5	4	0	2	0	4	0	0	1
5	1	2	10	0	4	1	4	6	7	1	4	6	1	4	4	1	8	0	3	0	0	0	0	0	0	0	2	0	9	5	1	0	1	0	0	0	0	0	8	1	12	10	0	0	6	0	8	4	1	0	0	0	2	1	0	1
10	0	3	5	0	1	0	2	2	5	1	0	2	2	5	4	2	3	0	1	0	0	0	0	0	0	0	4	0	6	0	0	0	0	0	0	0	0	0	6	0	11	7	1	0	0	0	8	3	0	0	0	0	1	0	0	1
3	0	4	3	1	5	1	3	2	7	2	1	3	3	2	6	3	0	1	2	0	0	0	0	0	0	0	1	0	5	4	1	0	0	0	0	0	0	0	6	0	11	5	2	0	2	0	6	3	1	0	2	0	2	0	0	1
3	2	1	6	1	7	1	2	3	5	3	2	2	3	2	11	1	4	0	4	0	0	0	0	0	0	0	2	0	4	5	1	0	2	0	0	0	0	0	2	0	20	4	3	0	5	2	2	4	1	0	1	0	3	1	0	1
6	2	8	6	1	6	4	6	8	5	2	8	2	10	3	3	4	6	1	0	0	0	0	0	0	0	0	9	1	15	4	2	0	2	0	0	0	0	0	13	0	14	9	0	0	7	1	5	6	0	0	1	0	1	0	0	1
5	1	1	4	0	3	0	2	2	4	3	2	0	4	3	3	1	2	0	1	0	0	0	0	0	0	0	3	1	2	5	0	0	0	0	1	0	0	0	4	0	10	3	0	0	3	0	4	2	1	0	1	0	0	0	0	1
2	2	5	6	1	0	0	5	5	7	2	3	3	1	2	6	2	2	0	0	0	0	0	0	0	0	0	5	0	3	7	0	0	0	0	1	1	0	0	6	0	8	4	1	0	3	2	8	3	0	0	0	0	0	1	0	1
6	0	2	7	2	5	1	4	3	4	2	0	3	3	2	3	2	3	1	2	0	0	0	0	0	0	0	1	0	7	3	1	0	0	0	0	0	0	0	5	0	11	7	2	0	4	0	4	2	2	0	2	0	2	1	0	1
12	0	3	10	1	4	2	4	10	12	2	4	2	11	9	6	5	6	0	2	0	0	0	0	0	0	0	6	0	16	5	1	0	0	0	0	0	0	0	14	0	22	13	1	0	7	0	9	6	1	0	1	0	2	0	0	1
9	2	4	6	2	7	2	5	7	13	1	3	4	2	3	7	3	5	1	2	0	0	0	0	0	0	0	3	1	8	2	1	0	1	0	1	0	0	0	7	1	19	12	2	0	2	0	13	7	2	0	2	0	1	2	0	1
8	0	4	12	2	5	1	1	1	14	1	1	6	0	6	2	2	8	1	2	0	0	0	0	0	0	0	2	0	7	6	1	0	0	0	0	0	0	0	9	0	8	12	2	0	6	0	10	5	2	0	0	0	5	0	0	1
7	0	8	12	4	2	1	8	12	14	4	1	4	6	6	9	5	4	0	11	0	0	0	0	0	0	0	6	0	10	9	1	0	0	0	0	0	0	0	8	0	15	16	7	0	11	0	13	3	3	0	2	0	7	2	4	1
2	0	2	5	2	1	1	1	2	5	1	2	5	2	10	3	2	5	2	2	0	0	0	0	0	0	0	1	0	5	4	1	0	0	0	0	0	0	0	7	0	12	5	2	0	1	0	7	0	3	0	2	0	1	3	0	1
8	1	10	11	2	8	3	4	4	14	2	0	3	13	4	7	4	3	3	2	0	0	0	0	0	0	0	8	0	14	7	4	0	1	0	0	0	0	0	19	0	12	10	0	0	4	1	11	4	3	0	2	0	4	1	0	1
10	0	7	14	4	2	4	11	6	9	5	6	4	11	6	9	6	6	2	2	0	0	0	0	0	0	0	12	0	10	12	3	0	0	0	0	0	0	0	13	0	18	13	3	0	9	0	15	5	2	0	3	0	4	1	0	1
12	2	9	17	5	3	4	5	10	15	4	3	5	4	9	2	7	9	7	9	0	0	0	0	0	0	0	8	0	12	9	4	0	0	0	1	1	0	0	11	1	18	11	10	0	8	0	12	9	4	0	6	1	9	3	2	1
3	0	3	6	1	0	1	2	6	5	3	1	1	2	3	3	0	1	0	0	0	0	0	0	0	0	0	7	0	3	1	1	0	0	0	0	0	0	0	3	0	10	4	0	0	2	0	4	4	0	0	0	0	0	1	0	1
17	0	1	5	0	6	2	4	16	14	2	3	1	4	12	8	2	2	0	0	0	0	0	0	0	0	0	2	0	8	3	0	0	0	0	0	0	0	0	8	0	41	14	0	0	3	0	14	5	0	0	0	0	0	0	0	1
11	0	6	15	2	3	1	9	6	13	5	4	1	3	2	4	2	9	0	3	0	0	0	0	0	0	0	4	0	11	11	2	0	0	0	0	0	0	0	8	0	9	11	2	0	14	0	9	12	1	0	1	0	1	2	0	1
10	1	2	10	0	2	4	2	7	13	3	1	1	6	9	6	3	0	1	2	0	0	0	0	0	0	0	5	0	8	5	1	0	0	0	1	0	0	0	11	1	20	9	1	0	3	0	9	4	1	0	0	0	3	0	0	1
11	0	3	1	0	3	1	2	4	4	0	10	0	8	1	2	4	2	0	0	0	0	0	0	0	0	0	4	0	12	5	0	0	0	0	0	0	0	0	14	0	9	3	0	0	4	0	4	0	0	0	0	0	0	0	0	1
14	0	4	17	5	5	2	0	3	15	3	2	6	2	12	2	2	3	3	5	0	0	0	0	0	0	0	5	0	13	5	2	0	0	0	0	0	0	0	16	0	19	6	5	0	2	0	9	7	3	0	2	0	5	3	2	1
10	0	12	16	6	4	5	7	17	9	2	7	3	1	5	8	10	8	1	5	0	0	0	0	0	0	0	9	0	16	9	2	0	0	0	0	0	0	0	19	0	26	11	6	0	7	0	11	5	2	0	1	0	8	1	2	1
9	0	9	4	1	5	7	4	0	9	7	6	4	8	8	11	5	4	1	3	0	0	0	0	0	0	0	5	0	15	5	1	0	0	0	0	0	0	0	10	0	22	15	2	0	10	0	10	2	2	0	2	0	2	1	0	1
9	0	10	6	1	1	5	1	12	2	0	1	3	2	3	6	2	4	3	4	0	0	0	0	0	0	0	7	0	10	0	2	0	0	0	0	0	0	0	8	0	21	5	6	0	2	0	4	1	0	0	2	0	5	1	0	1
4	0	2	4	2	1	0	2	7	6	1	4	1	2	5	6	0	4	1	1	0	0	0	0	0	0	0	2	0	4	5	1	0	0	0	0	0	0	0	6	0	9	6	2	0	4	0	7	1	1	0	0	0	3	1	0	1
5	1	6	11	11	5	0	6	12	16	2	7	3	8	9	6	4	6	0	5	0	0	0	0	0	0	0	9	0	10	10	3	0	0	0	1	0	0	0	8	0	16	13	6	0	10	1	11	6	2	0	5	0	6	1	4	1
5	0	5	5	5	3	1	0	7	9	1	4	5	2	3	3	4	4	1	0	0	0	0	0	0	0	0	6	0	6	4	0	0	0	0	0	0	0	0	5	0	15	5	5	0	4	0	8	2	0	0	1	0	2	3	0	1
3	1	6	3	3	5	2	3	5	8	1	2	1	5	6	5	3	7	1	0	0	0	0	0	0	0	0	3	0	5	7	1	0	1	0	0	0	0	0	7	0	14	8	1	0	5	0	8	3	2	0	0	1	2	1	0	1
6	10	8	10	5	6	2	4	5	11	5	3	12	7	7	3	5	4	2	7	0	0	0	0	0	0	0	6	3	10	5	3	0	1	0	4	5	0	0	10	5	13	11	7	0	5	2	13	2	2	0	6	0	5	1	2	1
12	2	6	2	3	12	0	4	2	5	0	1	4	8	3	5	6	3	1	4	0	0	0	0	0	0	0	3	0	6	4	3	0	1	0	1	0	0	0	8	1	23	7	5	0	4	0	8	0	0	0	1	1	5	1	0	1
6	0	2	6	3	1	1	2	11	5	7	4	6	7	11	3	1	2	3	4	0	0	0	0	0	0	0	4	0	9	4	2	0	0	0	0	0	0	0	11	0	15	8	6	0	2	0	9	3	1	0	2	0	6	1	1	1
8	0	2	6	2	5	3	7	8	6	2	3	2	2	6	11	7	7	0	5	0	0	0	0	0	0	0	1	0	7	3	2	0	0	0	0	0	0	0	8	0	26	12	3	0	4	0	12	4	2	0	0	0	4	3	0	1
5	0	7	5	2	0	1	4	5	8	1	3	2	3	4	2	5	8	0	3	0	0	0	0	0	0	0	4	0	5	8	1	0	0	0	0	0	0	0	4	0	10	6	3	0	7	0	7	6	1	0	2	0	2	1	0	1
4	1	7	8	1	0	3	3	5	10	3	2	1	6	4	3	3	8	2	0	0	0	0	0	0	0	0	7	1	5	9	1	0	0	0	1	0	0	0	3	0	12	7	0	0	11	0	5	6	2	0	2	0	0	1	0	1
4	1	1	7	4	4	2	3	6	10	3	4	2	4	2	3	5	5	0	2	0	0	0	0	0	0	0	2	0	9	4	1	0	0	0	1	0	0	0	7	1	10	8	2	0	5	0	6	6	3	0	2	0	2	2	0	1
15	0	11	14	7	7	6	6	14	15	5	10	5	4	12	3	8	11	3	6	0	0	0	0	0	0	0	7	0	13	15	4	0	0	0	0	0	0	0	20	0	29	15	6	0	7	0	19	6	4	0	5	0	8	1	2	1
4	0	3	8	2	3	1	2	3	7	4	2	3	5	4	8	3	6	0	2	0	0	0	0	0	0	0	7	0	8	3	0	0	0	0	0	0	0	0	4	0	14	8	2	0	5	0	5	7	2	0	1	0	2	1	0	1
24	2	10	5	6	9	2	3	11	8	2	2	6	7	5	7	4	7	2	3	0	0	0	0	0	0	0	4	0	15	2	2	0	0	0	2	0	0	0	12	2	32	13	9	0	7	0	9	4	0	0	1	0	9	1	0	1
14	2	11	19	8	7	4	12	18	26	3	11	8	10	10	6	8	16	1	6	0	0	0	0	0	0	0	9	1	22	16	3	0	1	0	0	1	0	0	17	1	27	21	8	0	20	0	19	15	2	0	4	0	6	3	2	1
23	3	8	16	2	7	2	12	16	14	9	7	3	10	15	11	12	9	2	0	0	0	0	0	0	0	0	11	1	25	4	0	0	2	0	0	1	0	0	15	2	42	26	3	0	12	0	18	13	1	0	1	0	3	0	0	1
6	1	3	15	3	4	2	10	11	12	8	7	2	5	6	5	12	13	0	2	0	0	0	0	0	0	0	8	0	11	10	1	0	0	0	0	1	0	0	11	1	16	18	2	0	9	0	19	13	2	0	2	0	1	1	0	1
9	0	6	14	1	10	3	6	10	14	4	2	5	7	2	6	3	10	4	2	0	0	0	0	0	0	0	9	0	9	9	2	0	0	0	0	0	0	0	7	0	23	16	1	0	10	0	12	8	4	0	3	0	3	1	0	1
12	1	8	11	3	6	3	5	6	16	2	2	4	7	3	6	6	10	0	5	0	0	0	0	0	0	0	6	1	12	9	0	0	0	0	0	1	0	0	11	0	18	13	4	0	10	0	13	6	3	0	1	0	3	3	1	1
11	1	6	8	3	5	0	8	5	11	6	10	1	5	6	2	5	3	1	5	0	0	0	0	0	0	0	8	0	11	8	2	0	0	0	1	0	0	0	9	0	11	10	4	0	9	1	9	6	3	0	3	0	3	3	0	1
7	6	7	10	4	5	5	5	10	8	1	2	5	1	4	4	6	5	2	8	0	0	0	0	0	0	0	5	0	8	4	2	0	3	0	3	0	0	0	7	5	18	8	8	0	3	0	10	3	3	0	2	0	7	4	1	1
9	3	5	10	6	8	5	8	4	13	3	3	4	7	5	10	8	10	3	4	0	0	0	0	0	0	0	3	1	10	8	3	0	0	0	0	3	0	0	12	1	21	14	5	0	6	0	16	8	3	0	4	1	6	1	1	1
15	2	9	8	4	4	6	5	13	7	2	2	7	7	3	5	5	7	2	4	0	0	0	0	0	0	0	5	1	11	5	4	0	0	0	2	0	0	0	14	1	29	10	3	0	5	0	12	3	1	0	2	0	3	3	2	1
6	2	8	13	8	2	2	2	9	15	3	6	5	6	9	5	6	5	2	6	0	0	0	0	0	0	0	9	1	11	8	4	0	0	0	2	0	0	0	11	1	17	12	3	0	9	0	4	4	7	0	4	0	9	1	2	1
9	1	6	13	4	6	2	11	12	14	3	7	2	3	2	5	4	6	1	4	0	0	0	0	0	0	0	8	0	9	10	2	0	1	0	0	0	0	0	11	0	12	13	5	0	6	1	18	7	2	0	2	0	3	4	0	1
10	1	7	19	9	5	6	7	9	21	6	7	4	11	4	12	10	2	2	9	0	0	0	0	0	0	0	14	0	12	13	5	0	0	0	0	0	1	0	13	1	26	13	7	0	11	0	15	4	5	0	5	0	7	6	2	1
21	1	11	18	8	8	11	9	16	21	2	12	2	7	9	12	14	5	1	12	0	0	0	0	0	0	0	9	1	24	9	5	0	0	0	1	0	0	0	23	0	41	21	7	0	8	0	20	2	7	0	8	0	7	4	2	1
38	1	30	25	26	27	5	15	18	30	6	15	16	16	29	12	21	21	17	16	0	0	0	0	0	0	0	16	0	40	16	13	0	1	0	0	0	0	0	36	0	67	37	26	0	14	1	37	8	12	0	19	0	21	11	8	1
30	2	14	21	10	19	6	11	6	34	4	11	6	14	17	8	12	8	5	6	0	0	0	0	0	0	0	12	0	31	15	2	0	1	0	0	0	1	0	25	1	36	28	13	0	16	1	27	9	4	0	6	0	10	4	1	1
19	0	16	25	9	25	10	8	14	24	16	11	12	12	12	18	13	11	3	8	0	0	0	0	0	0	0	12	0	34	13	5	0	0	0	0	0	0	0	33	0	52	28	10	0	14	0	23	16	5	0	5	0	13	2	0	1
10	1	10	19	6	5	1	11	12	13	4	6	3	1	9	12	5	8	3	9	0	0	0	0	0	0	0	7	0	19	7	3	0	0	0	0	0	1	0	17	1	15	17	7	0	8	0	16	7	4	0	4	0	6	5	3	1
23	1	14	12	5	5	3	8	3	16	7	7	11	9	12	8	5	12	6	6	0	0	0	0	0	0	0	8	0	17	11	6	0	0	0	0	1	0	0	13	0	30	18	8	0	16	1	13	11	2	0	5	0	9	2	1	1
8	4	11	13	10	8	2	8	9	25	2	11	9	12	9	20	11	7	4	8	0	0	0	0	0	0	0	11	0	19	10	7	0	1	0	1	1	1	0	23	3	27	17	6	0	9	0	19	9	5	0	3	1	10	5	2	1
11	6	9	14	8	1	2	10	13	23	9	10	5	8	8	16	13	7	0	5	0	0	0	0	0	0	0	9	0	12	16	3	0	0	0	4	2	0	0	18	1	29	17	4	0	10	5	19	11	4	0	4	0	4	3	2	1
8	6	4	10	6	3	5	6	12	16	1	6	1	7	9	8	15	3	1	2	0	0	0	0	0	0	0	5	1	15	6	0	0	0	0	4	1	1	0	13	4	25	13	5	0	6	1	13	4	2	0	3	0	3	2	1	1
3	3	13	8	8	2	1	8	12	13	3	7	6	1	3	16	5	15	1	3	0	0	0	0	0	0	0	3	0	16	8	1	0	2	0	1	0	0	0	9	0	16	17	6	0	11	2	10	12	4	0	4	1	4	2	1	1
8	4	8	13	10	5	3	7	13	19	7	12	5	9	9	8	5	5	0	5	0	0	0	0	0	0	0	12	2	16	9	3	0	0	0	4	0	0	0	13	2	15	21	4	0	12	0	14	6	6	0	4	0	7	2	2	1
19	0	3	23	5	9	1	5	10	22	4	3	12	1	16	1	3	10	2	3	0	0	0	0	0	0	0	8	0	15	6	1	0	0	0	0	0	0	0	15	0	26	23	7	0	7	0	23	8	2	0	0	0	6	4	0	1
34	1	6	29	8	9	2	1	10	35	5	4	13	5	17	6	10	14	3	6	0	0	0	0	0	0	0	9	1	19	9	6	0	0	0	0	0	1	0	22	0	48	27	3	0	11	0	27	11	6	0	2	0	7	7	1	1
12	1	10	8	1	10	0	3	2	15	2	2	2	1	5	6	8	5	0	2	0	0	0	0	0	0	0	4	0	8	7	2	0	1	0	0	0	0	0	9	1	21	13	1	0	6	0	13	5	0	0	1	0	2	0	0	1
6	2	4	6	2	4	0	2	5	6	4	3	4	5	4	1	6	3	1	2	0	0	0	0	0	0	0	4	1	9	4	0	0	1	0	1	0	0	0	8	1	12	7	2	0	3	0	5	4	2	0	2	0	2	0	1	1
7	2	10	8	5	7	9	9	9	23	3	1	7	8	13	7	8	7	0	5	0	0	0	0	0	0	0	9	2	11	4	1	0	0	0	1	0	1	0	11	0	28	25	3	0	5	0	21	11	4	0	2	0	5	2	1	1
19	5	12	11	7	9	5	6	12	30	1	12	7	15	7	8	5	16	1	10	0	0	0	0	0	0	0	16	1	15	11	7	0	2	0	2	1	0	0	16	2	27	22	4	0	12	1	20	13	7	0	4	1	8	5	0	1
5	1	4	7	2	4	1	12	11	12	3	6	3	4	3	14	5	5	0	9	0	0	0	0	0	0	0	2	0	12	6	1	0	1	0	0	0	0	0	9	1	18	16	2	0	8	0	11	7	5	0	1	0	5	3	2	1
24	0	9	7	2	7	2	4	2	21	0	5	3	4	15	6	4	0	6	3	0	0	0	0	0	0	0	4	0	14	7	0	0	0	0	0	0	0	0	13	0	30	11	9	0	5	0	13	4	2	0	3	0	5	3	0	1
4	0	4	13	3	1	2	7	6	16	2	6	1	1	6	7	6	2	0	2	0	0	0	0	0	0	0	4	0	9	10	1	0	0	0	0	0	0	0	8	0	12	11	2	0	9	0	11	4	2	0	3	0	1	1	0	1
4	0	4	10	5	4	0	8	9	12	4	5	1	2	3	4	1	3	0	0	0	0	0	0	0	0	0	5	0	7	8	1	0	0	0	0	0	0	0	6	0	8	11	1	0	9	0	10	6	1	0	1	0	1	2	1	1
4	2	1	8	2	0	1	2	5	7	1	1	2	3	4	2	1	2	0	2	0	0	0	0	0	0	0	1	1	6	4	1	0	1	0	0	1	0	0	7	1	6	4	0	0	3	0	5	2	2	0	1	0	1	1	1	1
2	3	1	3	0	3	0	4	6	1	0	0	3	0	1	1	3	3	2	1	0	0	0	0	0	0	0	0	0	2	1	1	0	1	0	1	1	0	0	2	3	9	3	1	0	1	0	5	1	1	0	0	0	2	1	0	1
9	0	8	6	0	4	1	2	1	7	0	1	2	1	6	8	1	2	1	0	0	0	0	0	0	0	0	4	0	6	5	1	0	0	0	0	0	0	0	8	0	18	5	0	0	3	0	7	1	0	0	0	0	1	0	0	1
11	0	2	10	2	6	0	5	7	10	3	5	2	4	3	7	1	5	0	4	0	0	0	0	0	0	0	6	0	6	4	5	0	0	0	0	0	0	0	10	0	12	13	1	0	4	0	17	2	0	0	1	0	1	4	0	1
10	1	2	6	1	4	2	4	6	7	0	3	4	3	6	5	3	2	3	2	0	0	0	0	0	0	0	2	0	9	2	1	0	0	0	0	0	0	0	6	1	21	7	5	0	3	0	7	3	0	0	2	0	3	1	0	1
14	1	10	3	2	5	0	8	4	16	2	2	2	5	4	4	2	2	0	0	0	0	0	0	0	0	0	4	0	9	7	0	0	0	0	1	0	0	0	8	0	14	12	1	0	7	1	9	9	1	0	0	0	2	0	0	1
2	0	5	6	2	13	2	4	8	14	3	4	7	5	6	16	4	6	2	2	0	0	0	0	0	0	0	4	0	11	5	0	0	0	0	0	0	0	0	8	0	29	16	4	0	8	0	13	4	2	0	0	0	4	2	0	1
2	0	2	6	4	4	1	7	5	6	1	3	1	3	4	8	0	5	0	3	0	0	0	0	0	0	0	2	0	5	6	1	0	0	0	0	0	0	0	4	0	9	8	4	0	6	0	9	3	1	0	2	0	1	2	1	1
4	1	4	6	1	2	1	3	6	7	2	3	1	8	11	8	2	3	0	1	0	0	0	0	0	0	0	6	0	12	1	2	0	0	0	1	0	0	0	7	1	15	11	0	0	7	0	6	2	0	0	1	0	1	0	0	1
11	1	0	5	0	1	4	2	4	5	1	3	2	5	6	5	3	3	1	1	0	0	0	0	0	0	0	5	0	6	2	0	0	0	0	1	0	0	0	5	1	21	8	1	0	2	0	6	1	1	0	1	0	1	0	0	1
8	9	6	10	5	2	1	1	7	10	1	2	3	4	4	2	5	6	1	6	0	0	0	0	0	0	0	2	3	10	5	2	0	3	0	2	3	1	0	7	4	9	6	5	0	4	2	6	3	3	0	6	0	4	1	1	1
13	0	18	13	15	13	1	8	12	12	10	11	5	1	5	11	10	11	3	2	0	0	0	0	0	0	0	11	0	15	12	5	0	0	0	0	0	0	0	22	0	27	15	5	0	4	0	24	8	5	0	6	0	4	5	5	1
9	3	17	16	14	4	3	11	7	25	1	5	7	8	12	20	9	7	0	2	0	0	0	0	0	0	0	12	1	19	8	6	0	1	0	0	1	1	0	14	1	30	19	7	0	14	1	14	12	2	0	5	0	8	3	0	1
13	0	4	13	5	4	2	3	3	11	4	1	2	7	8	6	6	3	0	4	0	0	0	0	0	0	0	5	0	11	5	3	0	0	0	0	0	0	0	16	0	18	8	2	0	4	0	9	5	3	0	0	0	6	2	1	1
11	1	6	5	2	4	0	4	2	7	2	0	6	3	4	7	2	2	0	5	0	0	0	0	0	0	0	3	0	10	1	0	0	0	0	0	0	1	0	5	0	17	9	5	0	4	1	5	3	1	0	2	0	4	1	0	1
14	0	11	6	6	6	0	4	17	6	2	3	2	2	3	2	11	5	3	0	0	0	0	0	0	0	0	6	0	7	4	4	0	0	0	0	0	0	0	10	0	31	11	3	0	3	0	10	2	2	0	2	0	7	0	0	1
8	6	7	9	8	5	3	1	11	10	9	4	8	6	6	9	7	6	1	2	0	0	0	0	0	0	0	4	1	12	6	3	0	0	0	5	1	0	0	10	2	26	12	6	0	6	1	12	5	2	0	6	2	1	2	0	1
16	0	13	11	14	8	3	7	3	14	2	13	16	4	5	19	12	9	5	5	0	0	0	0	0	0	0	12	0	15	9	4	0	0	0	0	0	0	0	14	0	40	17	11	0	7	0	16	5	4	0	7	0	11	1	5	1
4	0	10	5	3	6	7	11	9	16	1	6	2	7	11	6	4	7	3	2	0	0	0	0	0	0	0	4	0	13	8	2	0	0	0	0	0	0	0	11	0	17	17	4	0	12	0	13	8	2	0	1	0	5	2	0	1
9	1	10	14	13	4	2	12	8	18	4	7	4	6	4	9	6	6	5	3	0	0	0	0	0	0	0	5	0	12	12	8	0	0	0	0	1	0	0	9	1	18	14	4	0	15	0	8	11	5	0	8	0	7	2	4	1
3	1	3	5	4	6	4	6	5	11	2	0	10	10	6	9	3	2	1	2	0	0	0	0	0	0	0	2	1	9	4	2	0	0	0	0	1	0	0	11	0	24	8	2	0	2	0	10	6	3	0	3	0	2	2	0	1
5	1	4	7	3	3	2	2	9	4	2	6	1	1	5	5	6	9	1	0	0	0	0	0	0	0	0	7	0	4	6	1	0	0	0	1	0	0	0	4	1	21	8	2	0	4	0	8	3	1	0	2	0	2	0	0	1
3	0	5	11	2	3	0	6	9	6	3	6	2	6	4	4	4	4	3	5	0	0	0	0	0	0	0	7	0	10	7	3	0	0	0	0	0	0	0	11	0	11	5	2	0	5	0	5	5	4	0	5	0	2	2	1	1
6	3	9	12	12	5	0	6	12	16	5	4	8	7	6	9	1	5	2	5	0	0	0	0	0	0	0	5	0	14	8	5	0	0	0	1	2	0	0	14	1	13	15	4	0	7	1	11	3	9	0	6	1	7	4	1	1
7	3	8	15	8	6	1	5	14	18	5	5	7	4	3	9	7	5	4	5	0	0	0	0	0	0	0	8	2	11	8	3	0	1	0	2	0	0	0	14	0	20	13	7	0	3	1	16	7	5	0	6	0	5	4	2	1
13	0	6	13	6	4	3	8	11	12	2	2	5	7	4	5	10	9	1	5	0	0	0	0	0	0	0	6	0	12	7	3	0	0	0	0	0	0	0	10	0	23	16	6	0	6	0	17	4	3	0	5	0	3	4	0	1
16	1	14	5	8	4	1	10	11	13	2	8	7	7	6	9	7	7	3	5	0	0	0	0	0	0	0	6	0	16	6	5	0	0	0	0	1	0	0	15	0	23	16	7	0	8	1	15	6	2	0	4	0	7	3	2	1
7	0	3	12	4	6	0	5	6	6	4	2	4	6	5	4	3	9	2	2	0	0	0	0	0	0	0	4	0	8	9	1	0	0	0	0	0	0	0	11	0	14	7	3	0	5	0	9	6	4	0	3	0	3	2	0	1
3	0	3	10	4	2	4	9	4	9	3	0	4	5	5	6	3	4	0	6	0	0	0	0	0	0	0	3	0	9	5	1	0	0	0	0	0	0	0	5	0	10	10	6	0	8	0	7	7	2	0	2	0	5	3	0	1
8	0	8	11	5	3	0	7	5	9	2	6	3	6	8	7	9	6	3	0	0	0	0	0	0	0	0	7	0	11	9	3	0	0	0	0	0	0	0	10	0	21	10	2	0	12	0	6	4	2	0	2	0	4	1	1	1
10	2	14	13	12	7	0	14	12	17	4	19	4	8	9	12	6	9	0	8	0	0	0	0	0	0	0	16	1	20	11	6	0	0	0	2	0	0	0	16	1	16	23	4	0	13	0	11	10	9	0	9	0	10	0	1	1
2	2	5	11	6	7	2	5	15	18	7	6	7	5	7	7	7	5	1	5	0	0	0	0	0	0	0	6	1	10	6	4	0	0	0	1	1	0	0	15	0	20	13	5	0	4	0	20	9	2	0	1	1	3	6	1	1
4	0	5	6	3	2	1	3	7	7	2	3	4	2	2	2	3	7	1	3	0	0	0	0	0	0	0	3	0	6	5	2	0	0	0	0	0	0	0	3	0	10	8	4	0	7	0	5	6	0	0	3	0	3	0	1	1
4	0	5	10	1	2	3	3	2	8	5	2	2	3	3	6	3	2	1	1	0	0	0	0	0	0	0	4	0	8	6	2	0	0	0	0	0	0	0	9	0	8	7	1	0	6	0	6	5	0	0	0	0	3	0	0	1
9	1	4	9	0	1	2	3	5	14	0	1	2	6	5	9	7	4	1	0	0	0	0	0	0	0	0	4	1	10	4	1	0	0	0	1	0	0	0	9	0	15	15	0	0	6	0	13	2	0	0	1	0	0	0	0	1
11	10	4	8	1	10	1	7	1	12	1	2	14	2	10	5	6	5	4	2	0	0	0	0	0	0	0	1	1	10	4	0	0	2	1	6	0	1	0	6	7	24	17	3	0	7	1	11	4	2	0	0	0	6	0	1	1
6	0	3	10	3	2	0	3	4	6	3	1	4	5	7	3	1	4	1	1	0	0	0	0	0	0	0	6	0	6	7	0	0	0	0	0	0	0	0	8	0	10	5	4	0	4	0	7	3	1	0	1	0	3	1	0	1
3	1	3	9	5	2	1	3	6	5	2	5	2	2	2	8	2	6	0	1	0	0	0	0	0	0	0	5	0	7	4	3	0	1	0	0	0	0	0	7	0	9	7	2	0	3	1	7	5	0	0	2	0	3	0	1	1
9	0	3	3	2	3	0	5	5	5	1	4	1	4	4	1	1	6	1	2	0	0	0	0	0	0	0	1	0	4	8	1	0	0	0	0	0	0	0	7	0	8	7	2	0	4	0	9	2	2	0	1	0	3	0	0	1
8	0	3	10	3	5	2	5	4	17	1	3	7	8	5	7	2	9	2	3	0	0	0	0	0	0	0	3	0	12	6	3	0	0	0	0	0	0	0	11	0	15	10	3	0	8	0	9	14	1	0	2	0	4	1	1	1
8	0	3	8	6	4	2	4	6	8	0	9	4	10	3	2	3	4	0	5	0	0	0	0	0	0	0	9	0	13	5	3	0	0	0	0	0	0	0	11	0	9	6	5	0	5	0	6	2	3	0	5	0	3	3	0	1
6	0	7	12	5	10	4	11	9	17	5	6	4	8	7	7	7	8	3	5	0	0	0	0	0	0	0	5	0	16	9	3	0	0	0	0	0	0	0	13	0	17	20	4	0	10	0	18	8	4	0	5	0	3	4	1	1
7	1	8	16	11	6	2	7	5	20	5	6	3	4	4	11	6	5	1	4	0	0	0	0	0	0	0	11	0	12	8	3	0	0	0	0	1	0	0	10	1	16	11	6	0	8	0	9	13	6	0	5	0	6	4	1	1
1	2	2	3	2	5	1	5	1	10	1	2	2	5	2	4	4	1	1	3	0	0	0	0	0	0	0	4	0	3	5	0	0	1	0	1	0	0	0	2	1	4	8	4	0	3	1	11	1	1	0	2	0	1	2	1	1
4	0	5	9	1	6	3	5	2	13	0	3	2	3	5	11	4	0	0	2	0	0	0	0	0	0	0	5	0	7	7	1	0	0	0	0	0	0	0	9	0	20	6	1	0	4	0	8	5	1	0	2	0	1	0	0	1
8	0	4	12	1	3	2	6	0	7	1	0	1	1	4	3	3	1	0	2	0	0	0	0	0	0	0	5	0	4	6	2	0	0	0	0	0	0	0	7	0	10	5	1	0	4	0	8	3	0	0	0	0	2	1	0	1
8	1	3	3	3	2	3	3	4	8	2	5	2	3	1	4	2	4	0	1	0	0	0	0	0	0	0	3	0	9	1	1	0	1	0	0	0	0	0	3	1	10	10	1	0	5	0	6	4	2	0	2	0	1	1	0	1
6	1	3	7	1	5	0	6	6	6	0	0	1	0	5	3	1	7	0	1	0	0	0	0	0	0	0	2	0	6	2	0	0	0	0	0	0	1	0	3	1	13	9	1	0	5	0	7	7	0	0	0	0	0	1	0	1
2	0	5	4	4	5	2	4	6	5	0	3	1	1	4	5	3	2	0	1	0	0	0	0	0	0	0	4	0	3	4	1	0	0	0	0	0	0	0	6	0	14	7	1	0	1	0	8	0	2	0	2	0	2	0	1	1
6	0	4	5	4	3	0	3	7	10	5	6	4	0	8	6	4	3	0	3	0	0	0	0	0	0	0	3	0	6	4	1	0	0	0	0	0	0	0	5	0	15	14	4	0	5	0	12	3	1	0	1	0	5	0	1	1
12	1	19	21	5	5	5	7	15	24	2	11	2	6	9	10	12	8	0	2	0	0	0	0	0	0	0	22	1	19	13	1	0	0	0	1	0	0	0	19	0	31	17	3	0	13	0	16	10	2	0	3	0	3	1	0	1
8	2	7	6	3	4	3	2	6	13	5	6	4	5	13	8	2	7	4	2	0	0	0	0	0	0	0	5	0	13	6	0	0	0	0	0	1	1	0	10	2	19	11	5	0	7	0	11	7	2	0	1	0	5	2	1	1
2	0	7	8	1	7	0	3	10	2	2	3	0	6	4	0	3	4	4	3	0	0	0	0	0	0	0	8	0	10	4	2	0	0	0	0	0	0	0	8	0	9	4	5	0	3	0	4	3	0	0	5	0	3	0	0	1
5	0	6	7	4	1	6	2	5	5	2	2	3	2	2	8	4	1	1	8	0	0	0	0	0	0	0	4	0	7	2	4	0	0	0	0	0	0	0	6	0	16	7	5	0	3	0	2	1	3	0	4	0	8	0	1	1
9	2	2	6	0	9	0	5	9	12	3	0	4	2	2	11	4	3	2	2	0	0	0	0	0	0	0	1	0	7	1	1	0	0	0	1	0	1	0	5	2	27	11	2	0	3	0	10	10	0	0	0	0	3	1	0	1
10	3	7	9	7	6	4	6	2	20	3	6	11	2	8	10	10	9	4	5	0	0	0	0	0	0	0	2	0	13	9	0	0	0	0	2	1	0	0	10	1	26	15	9	0	8	1	13	10	5	0	4	1	6	3	2	1
28	1	8	10	1	14	2	4	6	20	3	7	6	14	5	14	13	9	1	1	0	0	0	0	0	0	0	8	0	19	11	1	0	0	0	1	0	0	0	19	1	48	18	2	0	9	0	19	7	0	0	2	0	1	0	0	1
18	2	8	19	4	2	0	7	8	18	3	7	2	6	3	11	4	4	1	2	0	0	0	0	0	0	0	12	1	14	9	3	0	1	0	1	0	0	0	14	1	16	14	3	0	12	0	13	6	1	0	1	0	4	2	0	1
8	0	3	10	3	8	2	5	8	7	3	4	5	3	2	7	5	9	2	3	0	0	0	0	0	0	0	5	0	9	5	1	0	0	0	0	0	0	0	8	0	21	12	3	0	4	0	11	6	3	0	3	0	4	0	1	1
7	6	6	3	2	5	1	9	8	11	0	5	0	1	0	3	6	3	0	1	0	0	0	0	0	0	0	2	2	4	7	0	0	0	0	1	5	0	0	7	3	13	5	1	0	4	0	11	6	2	0	2	0	1	0	0	1
21	3	29	21	7	18	2	22	31	31	8	10	6	13	21	23	16	17	1	19	0	0	0	0	0	0	0	17	0	28	19	9	0	1	0	0	2	0	0	27	2	69	28	11	0	21	1	31	21	4	0	6	0	10	8	3	1
10	0	8	11	5	8	3	9	9	12	3	1	5	9	4	5	3	9	0	4	0	0	0	0	0	0	0	8	0	10	7	4	0	0	0	0	0	0	0	11	0	16	18	2	0	7	0	16	7	2	0	2	0	5	1	1	1
17	1	4	13	6	4	2	4	2	11	3	5	3	6	5	5	4	8	1	1	0	0	0	0	0	0	0	9	0	12	5	2	0	0	0	0	1	0	0	9	1	13	15	3	0	7	0	11	5	3	0	3	0	5	0	0	1
13	1	5	9	3	7	6	19	10	22	4	7	7	9	9	14	9	6	4	5	0	0	0	0	0	0	0	6	1	12	10	1	0	0	0	1	0	0	0	12	0	33	24	6	0	11	0	23	12	4	0	1	0	5	5	1	1
20	0	5	7	1	12	2	6	4	19	5	5	13	6	12	4	11	11	3	1	0	0	0	0	0	0	0	0	0	16	7	0	0	0	0	0	0	0	0	16	0	36	21	4	0	7	0	21	12	1	0	0	0	4	1	0	1
10	6	3	14	11	4	4	5	9	19	5	8	8	6	9	8	4	11	1	6	0	0	0	0	0	0	0	9	0	10	9	3	0	0	0	4	1	1	0	9	5	21	14	7	0	7	1	15	13	4	0	6	0	5	3	3	1
6	9	8	5	3	2	4	11	6	12	4	6	3	2	5	4	4	4	0	8	0	0	0	0	0	0	0	6	2	4	5	4	0	1	1	1	4	1	0	5	3	13	12	1	0	6	2	13	7	3	0	3	1	2	3	2	1
9	4	8	15	10	7	3	15	15	24	8	13	4	8	9	21	6	10	2	7	0	0	0	0	0	0	0	10	1	15	14	3	0	1	0	3	0	0	0	18	2	24	21	9	0	13	1	21	18	4	0	2	0	10	4	3	1
14	0	4	11	3	6	6	5	7	16	1	7	2	6	9	5	7	10	0	8	0	0	0	0	0	0	0	8	0	10	8	2	0	0	0	0	0	0	0	14	0	24	13	5	0	4	0	15	8	4	0	1	0	7	3	0	1
5	1	4	9	6	3	2	8	8	15	1	6	0	3	8	6	6	5	1	1	0	0	0	0	0	0	0	5	0	7	8	2	0	0	0	1	0	0	0	12	1	10	12	2	0	4	0	14	8	3	0	1	0	5	1	1	1
13	1	8	6	6	8	6	10	9	18	3	6	6	6	6	14	5	6	2	7	0	0	0	0	0	0	0	7	0	9	7	3	0	1	0	0	0	0	0	7	0	33	18	8	0	6	1	20	8	2	0	5	0	4	4	2	1
14	3	3	5	8	5	2	15	9	10	3	10	12	7	10	7	5	12	6	4	0	0	0	0	0	0	0	4	1	12	5	3	0	0	0	1	2	0	0	10	2	26	13	12	0	8	0	19	11	2	0	3	0	5	9	1	1
3	0	4	11	6	4	1	10	7	6	1	9	0	2	6	4	6	6	0	3	0	0	0	0	0	0	0	9	0	8	6	2	0	0	0	0	0	0	0	9	0	9	9	4	0	6	0	8	6	3	0	2	0	5	2	0	1
7	1	10	13	7	5	3	7	7	16	5	1	1	6	4	3	4	6	0	6	0	0	0	0	0	0	0	6	1	7	11	4	0	0	0	0	1	0	0	13	0	8	9	4	0	9	0	14	8	3	0	1	0	5	5	2	1
13	0	7	13	9	9	3	9	17	15	1	13	8	9	4	15	9	15	3	4	0	0	0	0	0	0	0	10	0	18	11	3	0	0	0	0	0	0	0	14	0	38	21	4	0	10	0	15	8	7	0	8	0	6	0	2	1
10	0	5	18	1	2	1	5	8	15	1	3	3	1	12	5	4	6	0	2	0	0	0	0	0	0	0	7	0	10	9	0	0	0	0	0	0	0	0	8	0	22	12	3	0	10	0	11	6	0	0	2	0	1	0	0	1
18	1	9	20	8	10	5	4	15	32	3	7	2	14	11	10	14	9	0	8	0	0	0	0	0	0	0	8	0	20	16	6	0	0	0	0	1	0	0	24	1	34	19	6	0	13	0	23	10	2	0	4	0	8	2	2	1
2	0	4	6	3	0	1	5	2	9	0	2	0	7	6	6	3	2	0	2	0	0	0	0	0	0	0	5	0	6	5	3	0	0	0	0	0	0	0	7	0	6	5	1	0	4	0	8	4	0	0	2	0	0	2	1	1
6	0	4	12	1	2	0	2	10	10	2	4	0	3	5	5	1	4	1	4	0	0	0	0	0	0	0	5	0	8	9	1	0	0	0	0	0	0	0	11	0	10	4	4	0	5	0	7	4	1	0	1	0	4	1	0	1
10	2	5	8	1	5	3	3	2	14	0	2	3	3	6	7	4	3	2	2	0	0	0	0	0	0	0	2	0	9	6	1	0	0	0	1	1	0	0	11	2	14	8	4	0	4	0	12	4	0	0	0	0	4	1	0	1
6	3	5	10	1	4	1	2	2	16	2	2	4	2	12	2	4	5	2	2	0	0	0	0	0	0	0	4	0	7	8	0	0	0	0	2	1	0	0	6	0	14	10	4	0	7	2	10	5	1	0	2	0	2	1	0	1
7	0	5	11	3	6	1	4	6	18	3	2	4	6	7	3	6	5	1	2	0	0	0	0	0	0	0	5	0	8	9	2	0	0	0	0	0	0	0	11	0	18	10	1	0	6	0	10	10	3	0	2	0	3	1	0	1
11	0	6	7	2	7	1	2	5	18	4	2	2	4	6	3	5	3	0	3	0	0	0	0	0	0	0	3	0	9	7	0	0	0	0	0	0	0	0	7	0	15	15	3	0	8	0	12	5	1	0	0	0	4	0	1	1
10	1	6	13	8	2	3	11	16	21	1	5	2	12	4	7	8	6	1	3	0	0	0	0	0	0	0	7	0	15	10	4	0	0	0	0	1	0	0	18	1	20	9	4	0	7	0	13	15	3	0	4	0	4	3	1	1
13	1	9	10	8	8	5	7	12	16	3	4	8	4	8	10	10	7	1	1	0	0	0	0	0	0	0	2	0	18	5	2	0	1	0	0	0	0	0	15	1	30	22	5	0	7	0	17	6	3	0	2	0	8	0	0	1
9	2	8	10	6	6	5	6	8	15	3	10	4	6	7	5	5	6	2	8	0	0	0	0	0	0	0	8	0	15	7	4	0	1	0	0	0	1	0	18	1	15	8	6	0	4	0	15	9	2	0	3	1	3	6	3	1
14	4	11	23	11	8	6	12	13	28	3	5	8	9	10	17	4	12	0	9	0	0	0	0	0	0	0	12	0	19	11	5	0	1	0	2	1	0	0	17	1	29	26	7	0	16	2	19	12	6	0	2	1	10	5	2	1
12	3	14	20	8	13	2	9	7	29	1	6	4	7	10	8	8	6	1	8	0	0	0	0	0	0	0	12	0	18	12	5	0	0	0	1	2	0	0	20	3	16	19	5	0	14	0	22	7	2	0	1	0	7	5	4	1
23	0	11	9	8	13	2	1	3	24	2	0	10	10	10	7	7	7	4	8	0	0	0	0	0	0	0	5	0	13	8	4	0	0	0	0	0	0	0	11	0	38	15	10	0	7	0	14	10	3	0	6	0	10	1	3	1
7	1	5	10	4	5	4	10	6	17	4	10	3	12	7	4	3	8	3	1	0	0	0	0	0	0	0	13	0	11	10	3	0	1	0	0	0	0	0	6	0	14	16	2	0	12	1	12	12	2	0	5	0	2	0	1	1
17	3	6	7	8	8	1	16	12	12	4	14	11	11	3	12	10	5	0	5	0	0	0	0	0	0	0	10	1	17	8	2	0	2	1	0	0	0	0	15	1	37	14	6	0	9	0	13	10	5	0	2	0	6	5	0	1
11	1	6	19	8	4	6	6	7	20	2	5	9	4	5	13	10	6	0	7	0	0	0	0	0	0	0	6	1	16	5	6	0	0	0	0	0	1	0	19	0	23	16	6	0	6	0	17	9	2	0	3	0	9	3	0	1
22	8	21	7	20	18	3	13	6	35	5	26	17	13	21	24	25	17	1	5	0	0	0	0	0	0	0	10	1	30	21	5	0	3	0	4	1	0	0	36	6	51	32	11	0	16	0	34	13	6	0	2	1	16	3	4	1
16	0	15	11	2	14	1	5	14	9	0	4	1	8	19	9	4	6	2	3	0	0	0	0	0	0	0	5	0	24	5	4	0	0	0	0	0	0	0	21	0	44	11	1	0	9	0	8	2	1	0	3	0	1	2	1	1
12	2	7	15	6	8	6	10	3	13	11	10	3	12	15	6	11	6	3	9	0	0	0	0	0	0	0	9	0	14	15	5	0	0	0	2	0	0	0	21	2	20	12	9	0	11	0	15	10	4	0	3	0	12	3	0	1
19	2	10	18	7	6	5	8	12	15	4	3	4	4	11	12	4	14	4	5	0	0	0	0	0	0	0	7	1	17	9	1	0	0	0	2	0	0	0	13	1	28	23	8	0	12	0	17	5	6	0	3	0	8	4	1	1
23	3	17	17	16	10	8	21	22	40	6	27	11	5	7	17	13	16	2	5	0	0	0	0	0	0	0	18	1	27	16	4	0	0	0	2	1	0	0	23	1	39	40	7	0	16	0	32	24	11	0	8	1	11	2	1	1
13	3	5	11	6	12	1	9	9	20	5	7	6	5	9	10	11	11	1	4	0	0	0	0	0	0	0	4	1	14	8	1	0	0	0	2	1	0	0	12	1	29	23	6	0	10	1	20	9	4	0	1	0	6	4	0	1
15	8	9	12	9	13	5	10	11	11	6	7	9	13	8	9	9	13	4	6	0	0	0	0	0	0	0	12	0	16	11	2	0	0	2	4	2	0	0	20	2	31	17	9	0	5	1	18	7	8	0	4	3	9	3	0	1
19	6	10	20	8	17	5	15	14	33	2	6	13	7	25	7	10	20	5	11	0	0	0	0	0	0	0	6	2	15	15	5	0	0	0	2	3	1	0	17	4	45	33	10	0	12	0	38	14	6	0	8	0	9	5	2	1
17	1	16	14	10	8	8	15	12	18	5	5	7	10	14	12	12	13	1	14	0	0	0	0	0	0	0	5	0	21	12	7	0	0	0	1	0	0	0	18	0	37	24	10	0	11	1	23	10	6	0	10	0	8	5	2	1
22	1	10	4	2	11	4	6	7	15	6	7	4	4	5	4	7	11	0	3	0	0	0	0	0	0	0	3	0	10	9	2	0	0	0	1	0	0	0	11	0	31	20	2	0	10	0	20	8	0	0	1	1	1	1	1	1
25	5	16	21	11	21	4	19	13	23	9	8	12	9	17	26	10	23	2	14	0	0	0	0	0	0	0	12	0	22	14	6	0	4	0	0	1	0	0	20	2	58	35	13	0	13	2	35	17	6	0	5	1	12	7	2	1
17	2	7	12	5	13	2	10	5	20	1	9	11	3	8	13	12	14	1	7	0	0	0	0	0	0	0	1	2	9	14	4	0	0	0	1	1	0	0	17	0	39	21	4	0	9	0	27	8	1	0	3	0	5	1	4	1
15	1	6	4	4	7	1	9	9	11	1	2	4	2	1	11	10	4	0	2	0	0	0	0	0	0	0	0	0	6	7	1	0	0	0	0	1	0	0	9	1	35	11	1	0	3	0	15	3	4	0	2	0	2	2	0	1
4	3	5	5	3	3	0	4	4	8	3	4	2	1	2	5	6	6	0	2	0	0	0	0	0	0	0	3	0	5	5	1	0	2	0	1	0	0	0	7	1	10	7	1	0	3	1	10	6	1	0	0	1	0	2	2	1
56	2	42	26	29	55	11	22	36	29	15	28	32	36	19	54	43	27	26	41	0	0	0	0	0	0	0	20	0	66	26	20	0	0	0	2	0	0	0	78	1	139	41	46	0	14	0	49	14	16	0	19	1	50	12	14	1
44	8	40	31	22	49	18	27	22	34	10	23	26	26	23	29	29	36	15	19	0	0	0	0	0	0	0	31	1	50	24	14	0	1	0	5	2	0	0	60	4	98	55	22	0	19	3	54	17	14	0	9	0	32	9	6	1
21	2	24	33	27	34	19	16	25	57	9	12	22	16	26	31	25	27	10	17	0	0	0	0	0	0	0	11	0	37	27	10	0	0	0	1	1	0	0	41	0	87	49	25	0	24	0	53	17	15	0	9	2	24	15	4	1
26	0	21	18	15	22	10	21	23	48	7	23	19	20	12	34	24	15	8	18	0	0	0	0	0	0	0	13	0	46	13	9	0	0	0	0	0	0	0	38	0	73	44	15	0	23	0	34	23	11	0	8	0	17	10	6	1
21	1	14	21	10	24	5	15	9	29	11	2	19	10	23	11	8	16	10	12	0	0	0	0	0	0	0	4	0	18	18	7	0	0	0	0	1	0	0	28	1	50	29	12	0	10	0	36	13	11	0	5	0	15	10	2	1
42	1	12	38	18	28	11	19	19	40	9	8	20	8	28	20	13	22	2	16	0	0	0	0	0	0	0	13	0	28	19	6	0	0	0	0	1	0	0	32	0	92	40	17	0	13	0	46	21	9	0	8	1	14	9	4	1
21	4	24	27	38	33	13	27	20	53	7	15	30	16	36	32	26	30	1	12	0	0	0	0	0	0	0	13	0	40	22	7	0	0	0	1	3	0	0	40	2	94	47	27	0	23	2	50	29	13	0	6	0	25	16	4	1
33	6	22	41	11	37	7	20	33	40	12	15	16	8	18	16	16	24	10	24	0	0	0	0	0	0	0	12	2	33	26	12	0	1	0	3	0	2	0	35	3	66	52	20	0	24	0	53	14	5	0	13	1	21	4	6	1
16	6	12	10	10	11	4	9	15	19	3	9	11	8	10	18	3	10	4	8	0	0	0	0	0	0	0	6	1	18	11	3	0	0	0	3	3	0	0	20	3	37	16	12	0	7	2	21	6	5	0	6	0	8	5	2	1
28	3	28	38	11	13	4	23	23	26	10	13	7	18	23	16	18	19	4	9	0	0	0	0	0	0	0	34	0	35	24	4	0	2	0	0	1	0	0	31	2	52	36	11	0	20	1	34	15	7	0	9	0	11	2	2	1
32	1	17	27	5	16	5	11	9	48	6	9	11	16	30	9	17	17	2	9	0	0	0	0	0	0	0	11	0	28	23	6	0	1	0	0	0	0	0	29	1	55	40	4	0	21	0	39	17	5	0	6	0	7	2	1	1
7	6	12	25	10	13	3	22	22	26	3	22	1	6	5	9	11	7	7	12	0	0	0	0	0	0	0	21	0	19	19	6	0	2	0	3	0	1	0	14	4	19	16	18	0	21	1	16	16	3	0	7	1	13	7	1	1
25	0	8	35	10	11	2	19	31	27	7	7	8	1	24	12	4	15	1	9	0	0	0	0	0	0	0	11	0	19	14	7	0	0	0	0	0	0	0	18	0	56	38	5	0	19	0	32	11	5	0	3	0	9	5	3	1
16	3	18	5	15	9	1	16	6	27	10	15	14	13	18	27	25	14	4	12	0	0	0	0	0	0	0	6	1	25	14	5	0	0	0	3	0	0	0	22	2	46	36	9	0	15	0	29	10	12	0	7	0	13	7	4	1
28	5	35	17	17	31	5	22	30	38	13	16	20	14	20	30	26	26	7	21	0	0	0	0	0	0	0	18	0	40	18	6	0	3	0	0	1	1	0	29	4	85	46	25	0	20	1	46	23	9	0	12	0	18	11	4	1
18	5	15	52	24	16	13	39	33	44	9	26	35	19	34	27	23	27	5	17	0	0	0	0	0	0	0	22	0	41	35	13	0	0	0	2	1	2	0	47	2	85	48	17	0	33	3	48	25	10	0	10	0	22	10	4	1
9	0	5	27	9	7	4	12	24	43	3	6	6	3	18	9	3	13	4	10	0	0	0	0	0	0	0	11	0	10	16	4	0	0	0	0	0	0	0	13	0	28	28	11	0	10	0	30	22	8	0	7	0	11	5	0	1
45	8	31	41	12	22	2	36	28	51	8	27	23	33	27	30	26	34	7	12	0	0	0	0	0	0	0	34	3	57	35	3	0	2	0	4	2	0	0	51	1	83	50	18	0	34	1	51	35	8	0	10	3	8	7	2	1
57	14	36	47	18	20	11	31	32	81	13	21	26	21	27	39	27	52	5	10	0	0	0	0	0	0	0	32	2	57	30	4	0	4	0	4	4	2	0	38	5	87	93	15	0	42	6	78	43	8	0	9	1	12	7	4	1
13	2	7	12	5	1	0	4	7	21	2	5	4	9	6	7	4	11	2	5	0	0	0	0	0	0	0	10	1	10	8	4	0	0	0	0	2	0	0	14	0	12	12	3	0	8	0	17	11	2	0	1	1	3	5	2	1
7	7	10	13	10	4	8	11	9	19	7	7	16	8	8	14	9	12	5	6	0	0	0	0	0	0	0	5	0	16	13	4	0	1	0	4	2	0	0	14	3	31	15	12	0	11	4	15	14	4	0	6	0	9	5	1	1
20	3	18	30	20	7	6	22	31	43	8	18	9	20	15	17	17	14	1	11	0	0	0	0	0	0	0	20	0	43	12	11	0	2	0	0	1	0	0	26	2	47	37	9	0	26	1	21	30	9	0	11	0	11	7	3	1
22	4	20	20	7	8	3	8	2	30	5	2	16	8	34	9	7	21	2	5	0	0	0	0	0	0	0	13	0	24	11	2	0	1	0	2	1	0	0	21	3	33	37	6	0	12	1	35	12	4	0	3	0	7	2	2	1
22	8	26	14	9	9	1	27	27	27	3	21	5	9	18	16	10	14	1	9	0	0	0	0	0	0	0	21	2	22	18	7	0	2	0	3	2	1	0	24	4	45	27	8	0	19	1	30	18	3	0	4	1	7	6	0	1
13	3	7	11	7	4	3	6	6	20	4	8	4	10	5	0	9	4	1	5	0	0	0	0	0	0	0	8	0	11	9	8	0	0	0	2	1	0	0	15	2	13	12	1	0	11	1	12	8	2	0	2	0	6	3	2	1
10	0	2	6	4	5	3	1	2	11	2	2	7	9	2	7	6	3	1	4	0	0	0	0	0	0	0	5	0	9	4	1	0	0	0	0	0	0	0	10	0	20	7	5	0	3	0	7	3	3	0	1	0	6	2	0	1
6	4	6	13	0	5	2	7	14	8	1	8	2	2	6	1	4	4	2	6	0	0	0	0	0	0	0	9	0	9	8	3	0	1	0	3	0	0	0	11	3	16	5	4	0	7	1	5	6	1	0	1	0	6	1	0	1
27	0	9	16	5	9	3	6	12	21	5	7	11	4	4	3	4	7	2	5	0	0	0	0	0	0	0	9	0	12	12	3	0	0	0	0	0	0	0	15	0	40	15	3	0	7	0	16	11	4	0	5	0	4	1	2	1
23	3	14	26	6	7	1	10	20	24	7	9	4	13	11	19	10	12	2	11	0	0	0	0	0	0	0	16	1	29	11	5	0	0	0	2	1	0	0	27	1	34	26	7	0	16	1	20	12	3	0	3	0	9	3	4	1
21	1	4	13	2	3	5	3	4	15	4	11	5	2	4	4	3	3	2	3	0	0	0	0	0	0	0	8	1	15	3	2	0	0	0	0	1	0	0	19	0	12	15	3	0	2	0	17	4	2	0	1	0	5	1	0	1
8	0	8	10	3	4	2	3	7	15	3	2	1	5	2	4	5	4	1	8	0	0	0	0	0	0	0	4	0	11	7	3	0	0	0	0	0	0	0	11	0	9	10	3	0	7	0	8	5	4	0	3	0	4	3	2	1
33	10	20	34	24	17	15	25	29	64	5	21	21	44	23	43	21	24	8	16	0	0	0	0	0	0	0	32	2	52	23	10	0	1	0	4	4	1	0	46	6	75	56	19	0	31	1	49	22	14	0	9	1	21	13	4	1
12	1	9	13	2	5	4	5	13	12	6	7	2	7	10	10	7	10	3	6	0	0	0	0	0	0	0	8	0	21	5	2	0	1	0	0	0	0	0	14	1	23	17	7	0	8	0	15	8	2	0	5	0	3	3	0	1
11	1	11	21	13	12	7	11	12	29	1	4	4	9	16	14	12	20	1	8	0	0	0	0	0	0	0	10	0	16	15	4	0	0	0	1	0	0	0	18	0	33	29	8	0	14	1	24	13	8	0	3	0	14	4	1	1
26	7	21	34	15	22	9	14	29	45	7	23	7	23	23	18	21	26	4	20	0	0	0	0	0	0	0	29	2	34	27	9	0	2	0	3	1	1	0	41	4	64	33	13	0	19	1	39	18	14	0	10	0	14	13	2	1
10	6	11	15	4	8	1	16	16	19	2	12	0	3	7	8	6	12	1	4	0	0	0	0	0	0	0	8	3	9	17	3	0	2	0	3	1	0	0	19	3	22	12	0	0	10	0	18	17	4	0	2	0	4	1	2	1
26	8	14	33	11	18	9	16	39	42	8	12	11	14	20	20	19	21	7	11	0	0	0	0	0	0	0	16	2	37	16	2	0	1	0	3	4	0	0	35	4	62	44	17	0	18	0	44	17	7	0	3	2	16	5	3	1
15	0	9	11	7	9	4	4	2	21	3	4	6	9	11	8	8	6	1	3	0	0	0	0	0	0	0	10	0	13	7	3	0	0	0	0	0	0	0	16	0	24	18	5	0	6	0	17	7	3	0	1	0	9	1	0	1
11	0	9	12	7	5	0	5	7	16	1	4	3	8	7	7	5	8	2	6	0	0	0	0	0	0	0	9	0	9	11	4	0	0	0	0	0	0	0	15	0	15	11	3	0	5	0	15	4	6	0	4	0	5	4	2	1
9	1	3	11	5	6	0	10	8	14	4	5	5	4	3	8	7	7	1	0	0	0	0	0	0	0	0	6	0	10	5	2	0	0	0	0	1	0	0	13	0	15	14	3	0	3	1	18	12	1	0	1	0	2	3	0	1
21	2	8	8	4	7	4	4	0	12	1	2	3	3	15	5	3	10	4	2	0	0	0	0	0	0	0	4	0	14	2	1	0	2	0	0	0	0	0	7	1	27	17	5	0	5	0	11	7	4	0	3	1	5	1	0	1
4	0	4	14	10	5	5	15	10	10	1	7	5	3	3	7	10	4	2	3	0	0	0	0	0	0	0	7	0	13	5	3	0	0	0	0	0	0	0	14	0	14	16	5	0	5	0	14	6	5	0	2	0	7	3	2	1
10	1	8	11	6	6	6	7	6	17	8	5	4	14	4	11	7	8	1	9	0	0	0	0	0	0	0	10	0	14	12	2	0	0	0	1	0	0	0	13	1	16	17	6	0	9	0	16	9	6	0	6	0	6	2	2	1
22	0	6	7	3	9	2	8	1	17	3	0	8	3	8	6	7	6	0	2	0	0	0	0	0	0	0	1	0	8	7	0	0	0	0	0	0	0	0	9	0	34	15	4	0	5	0	19	9	1	0	1	0	1	3	0	1
1	3	3	3	1	2	0	1	2	10	0	0	2	0	2	5	0	2	3	1	0	0	0	0	0	0	0	2	0	3	0	1	0	0	0	1	2	0	0	2	1	3	6	2	0	2	2	6	3	0	0	0	0	1	2	1	1
7	3	8	14	11	10	6	16	14	43	11	8	11	19	10	25	9	14	4	8	0	0	0	0	0	0	0	11	0	21	13	3	0	0	0	0	2	1	0	13	0	32	36	11	0	20	3	29	27	5	0	5	0	9	6	3	1
28	4	10	20	7	20	5	9	15	37	4	6	21	11	18	19	11	21	2	4	0	0	0	0	0	0	0	9	1	22	12	2	0	0	0	3	0	1	0	26	2	66	38	5	0	10	0	38	18	5	0	2	1	7	3	0	1
17	0	4	19	4	8	1	8	10	13	2	5	2	9	10	1	3	13	0	0	0	0	0	0	0	0	0	12	0	16	8	1	0	0	0	0	0	0	0	11	0	21	18	2	0	13	0	12	9	1	0	1	0	2	1	0	1
8	3	7	11	10	3	2	18	10	7	2	13	3	8	2	11	9	5	0	5	0	0	0	0	0	0	0	16	0	13	8	2	0	0	0	1	1	1	0	9	2	18	15	4	0	10	1	10	5	5	0	3	0	6	3	3	1
20	11	34	24	25	19	3	22	29	38	7	27	8	13	14	20	22	17	7	14	0	0	0	0	0	0	0	23	4	32	26	13	0	5	0	2	2	2	0	35	4	46	28	21	0	24	2	38	16	4	0	11	1	16	12	6	1
61	0	16	35	14	36	10	26	26	44	14	23	21	18	23	14	26	35	4	14	0	0	0	0	0	0	0	18	0	41	25	8	0	0	0	0	0	0	0	42	0	93	63	18	0	28	0	61	25	5	0	4	0	21	6	1	1
22	3	16	40	20	8	5	10	33	39	15	19	10	17	16	20	11	22	0	6	0	0	0	0	0	0	0	26	2	40	19	5	0	0	0	1	2	0	0	28	1	44	42	10	0	28	0	31	17	9	0	10	0	9	5	2	1
24	7	20	22	16	13	7	24	18	30	11	16	11	19	19	20	17	21	4	14	0	0	0	0	0	0	0	20	0	32	17	7	0	1	0	2	2	2	0	27	3	45	42	12	0	16	2	41	16	11	0	12	2	9	9	2	1
22	7	21	29	20	12	13	12	17	31	11	17	15	19	17	22	15	25	9	20	0	0	0	0	0	0	0	23	1	33	21	8	0	2	0	2	1	2	0	29	2	46	33	23	0	17	2	32	17	10	0	15	2	20	6	6	1
4	0	3	12	3	4	1	5	5	12	1	2	5	3	10	2	3	3	0	2	0	0	0	0	0	0	0	5	0	8	5	1	0	0	0	0	0	0	0	9	0	13	9	3	0	6	0	10	4	1	0	0	0	3	2	0	1
27	0	13	7	4	12	2	8	16	10	5	7	7	3	2	10	3	14	2	4	0	0	0	0	0	0	0	4	0	13	8	4	0	0	0	0	0	0	0	17	0	41	18	3	0	7	0	18	9	3	0	2	0	6	2	0	1
14	1	11	19	10	11	3	15	16	28	6	7	6	3	13	11	10	13	5	13	0	0	0	0	0	0	0	7	0	15	13	5	0	0	0	1	0	0	0	12	0	33	28	11	0	13	0	24	15	9	0	8	1	10	6	3	1
22	2	15	23	11	8	8	9	15	26	4	6	6	8	8	11	8	8	3	12	0	0	0	0	0	0	0	14	1	22	13	1	0	0	0	1	0	1	0	21	1	33	19	12	0	12	0	17	10	8	0	5	0	13	4	4	1
7	3	6	13	5	8	2	6	8	15	2	4	2	1	11	6	5	12	0	2	0	0	0	0	0	0	0	6	1	6	9	2	0	1	0	2	0	0	0	9	0	23	14	2	0	8	2	14	9	2	0	0	0	4	2	1	1
15	1	3	17	7	3	6	3	1	20	3	6	4	9	11	12	7	13	0	1	0	0	0	0	0	0	0	9	0	13	12	1	0	0	0	1	0	0	0	15	1	26	14	3	0	9	0	14	11	4	0	2	0	4	2	0	1
26	5	22	21	13	22	3	25	34	31	7	20	7	1	4	15	14	13	3	15	0	0	0	0	0	0	0	16	0	31	13	4	0	2	0	2	1	0	0	21	1	47	40	16	0	13	3	37	14	8	0	11	1	8	8	3	1
8	2	19	14	6	1	5	19	17	12	3	8	6	5	15	9	6	15	1	15	0	0	0	0	0	0	0	12	0	17	12	5	0	0	0	1	0	1	0	17	2	21	22	5	0	8	0	19	12	10	0	9	0	8	3	1	1
4	14	7	7	4	9	2	3	17	8	3	7	4	4	5	6	5	4	2	7	0	0	0	0	0	0	0	5	4	10	3	3	0	4	2	5	3	0	0	12	3	20	7	9	0	3	2	10	2	1	0	1	2	7	3	0	1
7	4	10	2	5	3	3	4	9	8	0	7	1	6	0	7	6	7	0	1	0	0	0	0	0	0	0	9	0	10	5	1	0	2	1	0	1	0	0	7	3	16	7	3	0	6	0	8	4	1	0	1	0	1	2	1	1
4	0	4	6	0	4	1	2	1	9	0	2	2	4	2	2	3	1	0	0	0	0	0	0	0	0	0	4	0	6	5	0	0	0	0	0	0	0	0	9	0	6	4	0	0	3	0	6	3	0	0	0	0	0	0	0	1
6	2	5	7	3	5	1	3	15	1	1	4	5	2	2	3	2	2	1	3	0	0	0	0	0	0	0	2	0	8	3	5	0	1	0	1	0	0	0	10	1	22	4	2	0	3	0	4	0	0	0	2	1	3	0	0	1
2	0	3	2	2	1	0	1	5	1	0	0	0	4	0	4	1	3	0	0	0	0	0	0	0	0	0	2	0	5	1	1	0	0	0	0	0	0	0	6	0	3	2	1	0	1	0	3	1	0	0	0	0	1	1	0	1
1	0	4	17	2	4	0	6	16	10	0	4	0	2	3	5	5	7	0	1	0	0	0	0	0	0	0	6	0	12	8	1	0	0	0	0	0	0	0	13	0	10	10	1	0	6	0	11	5	0	0	2	0	0	0	1	1
5	6	4	6	2	10	6	2	17	1	2	1	4	1	0	0	1	3	0	0	0	0	0	0	0	0	0	2	0	9	1	0	0	2	0	4	0	0	0	4	6	25	5	2	0	4	0	2	2	0	0	0	0	2	0	0	1
2	4	2	1	2	3	4	1	2	3	2	6	6	4	5	10	3	6	0	2	0	0	0	0	0	0	0	3	0	4	4	1	0	3	0	0	0	1	0	4	2	22	7	0	0	2	2	6	1	1	0	1	0	2	0	1	1
44	10	32	39	15	30	16	21	57	29	11	13	18	19	15	24	25	21	11	21	0	0	0	0	0	0	0	23	0	47	24	9	0	4	0	5	1	0	0	42	7	111	42	26	0	20	1	43	14	4	0	14	2	22	1	8	1
