id	A	C	D	E	F	G	H	I	K	L	M	N	P	Q	R	S	T	V	W	X	Y	label
1acoA	59	12	47	42	23	72	24	56	52	64	10	34	42	27	36	38	45	41	9	0	20	4
1ad3A	34	7	25	29	13	30	11	29	29	37	11	18	23	21	19	30	23	37	5	0	15	4
1addA	23	5	20	35	13	22	11	16	28	31	9	14	18	8	15	15	18	29	4	0	15	4
1ak5A	28	6	16	20	13	31	4	27	22	21	8	14	10	11	13	27	13	28	3	0	14	4
1ampA	32	2	18	13	10	20	7	14	9	17	7	14	12	18	5	32	27	16	5	0	13	4
1artA	46	5	20	27	20	30	6	17	18	38	8	23	15	16	22	21	22	26	5	0	11	4
1asuA	18	1	5	8	4	13	5	8	9	14	4	6	8	7	13	9	15	9	5	0	1	4
1aylA	45	5	38	28	28	45	9	26	34	46	11	27	27	15	22	25	43	32	9	0	17	4
1bamA	8	3	8	23	9	9	2	17	21	18	5	14	9	4	5	12	12	9	3	0	9	4
1bcoA	23	5	18	19	15	29	6	10	21	23	9	12	10	6	20	8	16	26	8	0	11	4
1bleA	13	0	11	9	6	6	4	15	10	12	5	6	5	6	11	14	8	18	1	0	1	4
1bmtA	19	1	11	22	6	20	3	16	16	17	8	10	8	13	13	10	16	29	2	0	6	4
1bncA	42	8	20	34	13	38	12	43	24	28	14	17	21	13	29	16	15	30	1	0	15	4
1broA	35	0	20	16	18	23	7	11	5	25	1	10	13	7	13	15	23	18	4	0	13	4
1brsD	8	0	4	10	2	5	1	6	6	12	0	2	2	6	3	5	4	5	3	0	3	4
1bybA	31	6	32	29	21	38	11	27	30	47	11	30	30	21	19	24	17	32	11	0	24	4
1cbgA	36	5	31	24	31	37	13	23	32	44	9	28	26	9	26	30	20	21	12	0	33	4
1cdgA	65	3	40	18	32	65	12	37	29	38	13	62	28	26	20	47	56	49	13	0	33	4
1cfrA	16	3	19	15	15	13	6	33	17	26	5	18	5	3	12	33	18	13	3	0	10	4
1chdA	24	2	6	10	4	20	8	15	7	15	8	7	11	10	10	15	6	16	1	0	3	4
1chmA	40	5	28	27	13	28	15	29	12	32	12	20	15	13	29	15	20	25	5	0	18	4
1coyA	42	1	28	19	21	58	4	25	31	32	14	29	22	18	21	29	39	39	9	0	20	4
1cseE	41	0	9	5	4	35	5	10	9	16	5	19	9	7	4	32	19	31	1	0	13	4
1cttA	47	5	17	13	11	20	9	13	10	39	6	11	16	13	11	19	14	8	3	0	9	4
1cusA	27	4	12	6	6	24	1	13	6	17	1	10	9	5	13	13	14	9	1	0	6	4
1deaA	22	4	12	18	12	17	11	14	15	24	10	16	13	7	12	11	17	21	2	0	8	4
1dfjI	32	30	23	35	0	37	7	9	14	98	2	17	16	25	22	38	23	19	5	0	4	4
1dikA	85	13	48	87	40	73	16	47	61	59	38	28	36	28	39	33	52	59	5	0	22	4
1dinA	33	2	10	13	10	24	7	7	7	21	4	5	13	14	10	12	7	19	3	0	12	4
1djxA	30	11	26	32	23	35	13	26	22	53	11	21	28	27	31	44	25	29	7	0	19	4
1dnpA	50	7	20	33	19	27	15	19	16	43	8	20	26	28	34	23	22	30	15	0	14	4
1dorA	25	3	13	24	20	27	5	25	22	32	9	18	17	11	5	16	16	12	0	0	11	4
1dosA	32	4	21	22	13	31	13	21	25	27	7	18	14	15	6	25	17	30	4	0	13	4
1draA	13	2	13	13	6	10	5	12	6	11	5	5	10	4	9	9	6	11	5	0	4	4
1dsbA	17	2	12	12	11	13	3	5	16	12	6	7	7	14	3	8	9	21	2	0	8	4
1dtsA	29	2	7	12	5	18	4	9	8	25	4	6	13	10	8	12	20	16	5	0	7	4
1e2bA	14	0	3	8	2	7	1	7	10	13	4	3	6	4	2	6	2	10	0	0	4	4
1ebhA	55	1	31	25	16	37	11	22	37	40	5	19	15	9	14	31	20	34	5	0	9	4
1edeA	30	4	26	18	23	18	5	14	12	28	11	10	23	13	15	13	16	14	6	0	11	4
1erjA	16	7	31	12	10	27	8	18	20	34	2	13	12	10	19	37	19	33	6	0	16	4
1escA	31	6	31	17	13	32	3	12	17	31	1	9	20	19	11	8	16	15	4	0	6	4
1exnA	16	2	24	19	15	17	7	20	19	28	0	12	6	8	15	13	16	16	2	0	12	4
1fnbA	17	5	17	25	13	26	5	15	32	24	13	11	13	6	9	15	15	17	6	0	12	4
1fuaA	23	4	6	16	4	12	11	14	8	23	5	10	9	6	9	10	13	15	2	0	6	4
1fuiA	64	12	32	40	17	53	16	34	25	41	23	24	23	21	32	35	33	35	14	0	17	4
1garA	23	1	14	10	8	16	10	15	7	18	4	8	10	7	11	11	9	15	2	0	6	4
1gesA	42	6	25	31	16	46	13	33	23	27	12	23	21	9	16	16	31	39	3	0	16	4
1gkyA	15	1	11	15	11	13	1	11	19	12	2	8	7	4	7	19	10	13	1	0	6	4
1glaG	46	5	26	38	14	39	9	34	20	36	14	20	14	20	31	21	35	36	13	0	18	4
1gndA	22	10	31	30	17	30	5	30	27	36	13	18	21	14	20	26	23	31	1	0	25	4
1gpbA	63	9	48	64	38	47	22	50	46	76	21	46	34	28	60	26	36	61	12	0	36	4
1gplA	21	13	22	22	24	36	13	24	28	29	7	28	24	16	13	36	27	29	5	0	15	4
1gpmA	38	7	34	42	23	40	12	30	21	45	13	14	22	14	32	22	19	51	8	0	14	4
1grlA	68	3	32	46	7	51	1	32	38	39	17	18	13	16	21	17	33	59	0	0	7	4
1gymA	12	0	19	19	12	16	6	23	23	20	7	24	14	11	9	23	18	14	7	0	19	4
1hjrA	21	2	7	5	4	12	3	13	7	13	3	4	6	14	8	8	7	16	0	0	5	4
1hmyA	16	6	17	22	20	28	6	23	25	25	7	20	13	14	15	16	16	22	1	0	15	4
1hplA	24	14	28	23	28	40	9	23	19	29	5	29	21	16	21	38	26	34	7	0	15	4
1hpmA	37	2	28	23	18	28	6	26	27	25	6	18	11	12	22	20	27	31	1	0	10	4
1hrdA	43	2	24	34	19	48	6	20	27	27	17	20	20	16	18	20	17	45	5	0	21	4
1httA	35	4	16	30	11	39	7	15	11	40	7	14	11	17	28	13	19	30	6	0	13	4
1hvqA	20	6	14	4	9	32	2	20	14	23	2	21	14	11	7	25	13	12	7	0	17	4
1idmA	43	0	14	33	14	37	6	10	15	37	6	5	24	3	22	17	13	36	3	0	5	4
1kfdA	60	1	35	47	14	29	16	37	33	62	14	22	24	22	36	23	25	34	5	0	21	4
1kifA	17	5	13	22	15	32	8	20	12	34	4	19	20	14	21	12	21	26	10	0	14	4
1lamA	52	7	24	37	20	42	8	29	33	39	11	22	23	14	21	28	25	33	7	0	9	4
1lctA	31	12	17	18	19	27	4	11	20	23	1	11	22	14	23	23	12	21	5	0	10	4
1lfaA	12	0	16	12	15	8	4	14	20	17	4	5	4	7	4	11	13	11	0	0	6	4
1lucA	26	8	22	24	15	23	10	22	16	27	9	17	12	11	11	16	19	18	5	0	15	4
1mekA	20	2	7	12	4	8	3	3	11	10	0	3	6	2	6	4	5	6	2	0	6	4
1mioA	35	9	33	41	18	49	17	44	45	26	18	23	22	10	14	24	30	39	5	0	23	4
1mlaA	54	5	11	20	8	24	4	9	14	25	10	9	17	16	8	14	15	31	4	0	7	4
1mmdA	54	7	46	53	43	39	15	51	54	67	9	47	25	40	38	46	32	46	3	0	28	4
1nbaA	26	2	19	17	10	17	3	19	7	13	2	14	19	7	16	11	19	20	4	0	8	4
1nfpA	18	2	15	15	13	6	9	13	16	21	7	20	5	10	6	14	11	15	2	0	10	4
1noyA	16	4	32	29	18	21	4	33	31	24	17	17	15	7	19	25	11	20	5	0	24	4
1nulA	11	1	11	7	4	13	3	13	7	11	4	0	9	4	9	6	6	16	4	0	3	4
1nzyA	36	5	14	20	9	19	11	17	10	19	11	6	11	6	20	9	12	23	6	0	5	4
1obrA	17	4	20	18	13	24	6	17	15	15	8	25	15	9	13	29	25	18	4	0	28	4
1orbA	23	4	15	22	15	25	8	7	15	25	5	7	18	6	20	21	13	25	8	0	11	4
1ordA	63	6	53	49	42	50	18	44	44	52	13	44	37	28	31	31	32	47	7	0	39	4
1pauA	3	5	10	11	7	11	3	10	11	11	4	10	3	1	11	10	9	7	0	0	3	4
1pbnA	20	4	10	21	15	31	8	10	9	25	12	14	14	14	17	13	16	25	3	0	8	4
1pdoA	14	0	8	13	4	11	2	8	7	14	3	5	4	3	3	3	9	13	3	0	2	4
1pfkA	27	6	23	21	10	38	7	28	14	25	12	8	8	5	22	14	15	25	1	0	11	4
1phpA	49	1	31	33	15	35	8	21	32	38	9	13	15	2	20	11	13	38	2	0	8	4
1phrA	9	8	13	7	6	6	2	9	9	11	1	11	5	7	12	10	6	15	2	0	5	4
1piiA	59	7	29	23	16	31	11	25	18	49	5	18	14	29	23	25	14	37	3	0	16	4
1pkyA	41	6	26	35	11	40	8	33	34	40	19	21	12	11	20	24	34	44	0	0	5	4
1ptaA	36	2	17	15	15	25	7	25	8	32	5	5	14	10	25	22	24	22	4	0	5	4
1pudA	35	5	23	22	20	33	10	22	14	27	16	7	17	16	31	29	16	17	4	0	8	4
1pvdA	49	4	28	29	21	41	12	37	34	51	12	28	26	19	15	28	41	40	7	0	15	4
1pvuA	7	0	11	9	4	11	8	16	13	16	2	9	8	6	4	4	5	7	4	0	10	4
1pxtA	37	8	17	21	12	33	3	28	21	32	5	23	17	14	15	12	11	25	0	0	9	4
1qapA	33	3	25	20	10	23	7	12	8	35	3	11	6	12	21	7	20	28	3	0	2	4
1qbaA	81	6	69	44	38	72	16	33	60	63	16	31	45	48	45	46	35	59	19	0	32	4
1qrdA	22	1	10	20	16	20	5	13	22	28	5	10	14	13	10	18	9	20	6	0	11	4
1raaA	34	1	21	14	12	15	11	15	15	38	8	15	12	14	15	20	18	22	2	0	8	4
1reqA	83	2	47	51	24	54	12	40	36	58	22	22	38	29	43	38	42	53	11	0	22	4
1rlaA	17	3	18	20	11	33	9	20	23	28	4	10	21	5	11	17	24	29	2	0	9	4
1rlrA	59	9	50	43	29	45	20	49	40	74	15	34	30	31	40	48	38	37	5	0	41	4
1rpaA	12	6	17	25	15	19	10	13	19	45	10	13	24	16	17	24	20	13	7	0	17	4
1rvaA	9	1	14	16	10	15	5	26	24	14	0	20	9	6	11	15	15	10	4	0	20	4
1rvvA	20	2	8	9	6	16	2	16	9	8	3	10	3	3	5	4	13	13	1	0	3	4
1scuA	29	5	11	18	8	41	5	30	22	14	6	4	15	7	5	11	26	24	0	0	6	4
1sfeA	24	6	9	8	3	10	2	9	4	19	2	5	7	12	14	8	6	12	2	0	3	4
1sftA	39	4	22	23	16	25	16	24	13	39	9	9	23	10	29	15	19	28	5	0	14	4
1tahB	36	2	17	5	8	34	9	10	6	31	1	15	10	17	11	26	35	32	3	0	10	4
1tfrA	15	3	20	16	12	11	6	26	34	21	6	16	8	4	9	22	11	19	6	0	18	4
1thtA	21	4	20	22	15	16	13	15	12	34	5	17	8	7	12	17	21	23	4	0	8	4
1tmlA	43	4	15	9	6	24	8	19	6	12	8	18	20	13	12	26	12	14	8	0	9	4
1tpfA	34	3	8	13	8	19	5	19	17	17	3	10	7	13	9	18	12	25	5	0	5	4
1tplA	40	6	25	33	20	35	11	28	26	31	20	16	11	15	22	17	16	31	1	0	22	4
1tptA	56	2	33	24	16	39	6	27	22	37	19	12	15	11	24	23	29	34	2	0	9	4
1trkA	68	2	34	35	28	58	17	36	43	63	10	31	38	23	22	57	36	42	9	0	26	4
1ucwA	39	3	21	25	7	17	2	26	21	33	4	11	10	15	16	16	17	16	4	0	12	4
1udgA	19	6	10	10	9	13	10	8	5	23	3	8	20	5	23	12	12	20	7	0	5	4
1v39A	11	2	17	13	16	11	8	20	20	34	10	16	16	10	15	18	12	20	3	0	19	4
1vhrA	15	4	11	7	6	12	3	9	10	19	4	13	7	11	10	13	6	11	0	0	7	4
1vidA	16	4	16	10	4	14	2	9	13	27	8	6	10	13	9	11	11	15	2	0	13	4
1whtA	25	4	19	12	13	23	9	10	7	20	3	12	14	5	12	18	10	17	5	0	18	4
1xelA	26	3	24	14	9	30	13	18	14	27	9	20	21	12	16	19	15	29	5	0	14	4
1xvaA	24	7	22	12	10	26	9	11	17	27	4	8	13	8	17	18	15	24	5	0	15	4
1xyzA	22	6	20	16	16	20	5	23	15	19	13	33	16	12	14	16	13	16	7	0	18	4
1yasA	18	5	14	24	13	17	8	17	23	30	2	6	12	7	4	8	17	14	5	0	12	4
1zymA	28	0	19	27	5	15	4	23	17	27	4	7	4	11	10	14	12	17	0	0	3	4
2acrA	19	7	15	23	11	16	9	18	25	34	5	15	20	13	11	17	15	25	6	0	11	4
2anhA	64	4	27	23	8	45	11	16	28	39	8	20	20	22	13	22	39	23	3	0	11	4
2bguA	20	0	22	21	20	11	5	34	34	24	11	25	9	10	12	21	13	21	3	0	12	4
2cmdA	34	3	12	19	10	36	2	17	21	33	4	11	13	15	9	17	18	34	0	0	4	4
2ctbA	20	2	16	14	16	23	8	21	15	24	3	13	10	12	11	32	26	15	7	0	19	4
2dkbA	50	5	27	24	15	47	8	25	11	52	13	9	19	8	33	22	22	27	2	0	12	4
2dlnA	31	2	15	23	9	31	3	12	14	41	11	4	13	14	11	25	13	22	5	0	7	4
2driA	37	0	21	11	7	24	3	13	24	25	4	16	9	17	6	9	13	29	0	0	3	4
2fx2A	18	4	17	13	6	18	1	9	4	12	0	2	2	3	7	8	7	9	2	0	5	4
2gltA	20	4	20	26	11	17	4	25	18	32	9	11	16	10	17	10	18	15	4	0	9	4
2gstA	11	3	15	15	12	9	4	13	19	25	8	9	12	7	13	12	7	5	4	0	14	4
2hnpA	13	6	15	23	14	13	8	16	21	26	9	10	12	12	17	21	13	15	5	0	9	4
2kauC	68	8	38	29	14	55	21	44	16	41	15	18	28	19	24	23	41	47	7	0	9	4
2masA	34	4	20	19	7	21	11	25	14	27	11	12	18	7	13	6	23	32	2	0	7	4
2mnrA	47	2	17	19	8	30	9	21	14	42	11	7	19	15	15	16	19	31	6	0	9	4
2nacA	35	7	27	21	8	27	15	16	15	38	7	11	24	7	23	16	24	31	6	0	16	4
2ohxA	28	14	17	21	18	38	7	24	30	25	9	8	20	8	12	26	24	39	2	0	4	4
2olbA	40	2	39	29	16	22	11	23	43	44	3	36	31	18	17	28	30	44	13	0	28	4
2piaA	24	8	24	21	16	23	7	13	13	24	6	11	17	7	26	30	22	20	4	0	5	4
2rebA	36	3	15	25	7	30	1	23	26	31	6	11	7	13	13	15	13	19	2	0	7	4
2rn2A	14	3	7	12	2	14	5	7	11	12	4	7	5	8	10	4	10	9	6	0	5	4
2rslA	9	0	12	5	4	9	0	10	9	11	5	1	0	7	11	6	5	10	0	0	1	4
2tmdA	62	12	46	53	19	65	24	46	41	47	16	24	39	25	43	36	40	44	16	0	31	4
2trcP	10	5	15	24	11	15	3	11	16	17	1	6	8	11	13	18	8	11	1	0	8	4
2trxA	12	2	11	5	4	9	1	9	10	13	1	4	5	3	1	3	6	5	2	0	2	4
2xisA	47	1	37	28	23	37	10	11	11	39	7	9	19	11	35	11	16	19	6	0	9	4
2yhxA	58	5	19	7	19	34	5	32	17	26	8	13	15	14	10	48	14	23	4	78	8	4
3chyA	16	0	8	11	6	10	0	6	11	15	6	8	3	2	4	4	5	10	1	0	2	4
3claA	11	4	16	10	17	4	7	11	12	20	6	12	9	10	9	15	11	16	3	0	10	4
3pgmA	17	0	15	16	6	14	4	11	21	27	1	11	15	8	12	15	8	16	5	0	8	4
5p21A	11	3	14	13	5	11	3	11	8	11	4	4	3	11	11	8	11	15	0	0	9	4
